Timestamp,Pose_X,Pose_Y,Pose_Z,Pose_Rx,Pose_Ry,Pose_Rz,Force_X,Force_Y,Force_Z,Torque_X,Torque_Y,Torque_Z,Q_w1,Q_w2,Q_w3,Y
0.0076417922973632,-0.5543756191773483,0.3553421067738928,0.5084630064247289,-1.4595057059579766,-1.497833320105585,1.05308272985237,0.224677113138282,-0.6920468122853658,0.3122405260592039,-0.0257939294053018,0.0388091708704503,0.0447933170620579,3.797732039088867,-0.5073154608355921,-0.7075498739825647,1.0
0.0096967220306396,-0.554373892092968,0.3553475567594737,0.5084438524748232,-1.459530760274616,-1.4978282843458963,1.0531006743388522,0.0195811452367696,-0.8356982140321998,0.5830598860873197,-0.0283168458512661,0.0457806992076924,0.064454486233349,3.79772345602002,-0.507308308278219,-0.7075541655169886,
0.0117805004119873,-0.5543661326053098,0.3553434610386922,0.5084805647843591,-1.4594785134698802,-1.4978014098614942,1.0531282549452687,0.062455951750847,-0.6264141184207832,0.5709846548582125,-0.0360351152022345,0.0631496426541756,0.0838962439032077,3.797726793880127,-0.5072534720050257,-0.7075355688678187,
0.0138304233551025,-0.554387122245806,0.35532658783303,0.5084500154404764,-1.4595441520515793,-1.4978211357028193,1.053197996926948,-0.0497249271570484,-1.155293159769336,0.9249290395760312,-0.0327591455066506,0.0697370273122345,0.094031521569966,3.797732039088867,-0.5072687307940882,-0.7074959913836878,
0.0158960819244384,-0.5543853601186094,0.3553376283645074,0.5084545199275126,-1.4595461711310018,-1.4977956499241851,1.0531939770086391,-0.1735546446916986,-1.1689908651975849,0.661862343691227,-0.0170226309769447,0.0884788578752274,0.1188154060577723,3.797701044673584,-0.5072653929339808,-0.7074688116656702,
0.0179474353790283,-0.5543809544922855,0.3553287369338261,0.5084726909028073,-1.4595908431614493,-1.4977504165907138,1.0532199044628958,-0.1321408600408902,-1.1007773324588137,0.8574553875721483,-0.006120574900204,0.0912554548082826,0.1463335616063722,3.797708197230957,-0.5072687307940882,-0.7073910872088831,
0.0199956893920898,-0.5543789317901388,0.3553406142705584,0.5084414210516012,-1.459795944201803,-1.4976652625554856,1.0532976816191717,-0.2280952053625719,-1.6105197770657174,1.0046347676561211,-0.0284422383985645,0.1068777769026366,0.1453966140189618,3.797732039088867,-0.507303539906637,-0.7072566191302698,
0.022040843963623,-0.554380862249059,0.3553349447695642,0.5084509692375037,-1.459865816725136,-1.4975907526910002,1.0533932602040106,-0.3359847942188037,-1.2113956269766295,1.0708065786911989,-0.0260070373338139,0.1202999799081145,0.1574378497682273,3.7977043825336914,-0.5072725454913538,-0.7071250120746058,
0.0240881443023681,-0.5543872777603274,0.3553281991717847,0.5084666367802873,-1.459953774593208,-1.4975183498777818,1.053489224119719,-0.5511265008076439,-1.027515380548072,1.1381498099703735,-0.0277640178005878,0.1245642091270329,0.1579132642666307,3.7977043825336914,-0.5072568098651331,-0.7069810072528284,
0.0261435508728027,-0.5543894807971111,0.3553331695158427,0.5084692734302052,-1.4600889309664202,-1.4974253877173276,1.0535802080562089,-0.379584979416757,-1.5823834698963617,0.9949332533937748,-0.031405913097658,0.1302958046708078,0.1687267976564539,3.797701044673584,-0.5072568098651331,-0.7068217436419886,
0.0281965732574462,-0.5543733258917009,0.355343521369359,0.5084862987481175,-1.460282890547993,-1.4972667798357633,1.0536628160735404,-0.477326766909088,-1.6426361963010907,0.8489979797963447,-0.027333383721962,0.1400878301110474,0.1710859824092354,3.797701044673584,-0.5072677771197718,-0.7065985838519495,
0.0302505493164062,-0.5543920229287778,0.3553239778999577,0.5084543643149522,-1.4605102978323838,-1.497170389438924,1.053888163189724,-0.8210354878095041,-1.3778857850763604,1.292774179873402,-0.0250517780431999,0.1369898633956627,0.1713825835216359,3.797712011928223,-0.5072444120990198,-0.7063735167132776,
0.0323059558868408,-0.5543854340484189,0.3553276506409901,0.5084436306285032,-1.4607758073136774,-1.4970171020628464,1.0540210864274904,-0.8954640526381652,-1.3187830239662155,1.279640977215773,-0.0346514650769928,0.1373011110708746,0.1617315524343232,3.797732039088867,-0.5072677771197718,-0.7061269919024866,
0.034377098083496,-0.5543967364080502,0.3553282692727419,0.5084517205321982,-1.4609759088002725,-1.496875269295305,1.054188959764821,-0.7155115175024165,-0.970485777314196,0.9233683094949996,-0.0270322334342505,0.1402013907667207,0.1576434275907064,3.797715826625488,-0.5072568098651331,-0.7058590094195765,
0.0364494323730468,-0.5543898286291505,0.3553178313565577,0.5084477823670732,-1.4612442612670715,-1.4967012377383442,1.054364739776887,-0.6478837789879929,-1.0156835658532617,0.8744809786022504,-0.0305492421540465,0.1372559988588133,0.1400860918308058,3.797715826625488,-0.5072568098651331,-0.7055676619159144,
0.0385267734527587,-0.5543772255906179,0.3553303507294746,0.5084545127911223,-1.461512608255075,-1.4965035835002642,1.0545189800034545,-0.7715772307558657,-1.25926132720914,1.1986747864602796,-0.0177856176107363,0.1254448790108328,0.1371931543283276,3.797719641322754,-0.5072534720050257,-0.705275837575094,
0.0405855178833007,-0.5543837242912721,0.3553143526761869,0.5084706793225743,-1.4617033859615522,-1.496359567597178,1.0547105326844408,-0.7453110193071466,-0.8348691286642632,0.9888032350310464,-0.0187574858353878,0.1319220073012191,0.1197127275942235,3.797715826625488,-0.5072224775897425,-0.7050030867206019,
0.0426430702209472,-0.5543853757705162,0.3553302988521145,0.508469933914512,-1.462015273999852,-1.4961588430472266,1.0548623296171122,-0.700508618918071,-0.4044629514167658,0.7604799610711563,-0.0115602968476466,0.1235639929630506,0.1194554991539419,3.7977043825336914,-0.5072606245623987,-0.7046635786639612,
0.0446994304656982,-0.5544035820955937,0.3553066483291058,0.508473226445279,-1.4622764388851883,-1.496008826259858,1.0550705037889767,-0.7232685236422317,-0.4872363274675392,0.7738492602871712,-0.012656504036639,0.1140208656563532,0.0961495132683162,3.797701044673584,-0.5072725454913538,-0.7043326536761683,
0.0467696189880371,-0.5543844175573338,0.3553245904135422,0.5084816867567842,-1.462590913040852,-1.4957635229093722,1.0552659698539055,-0.5889862038601723,-0.1736805536445299,0.6703370710131104,-0.0037672079412431,0.1069812147071427,0.0740255880511296,3.797701044673584,-0.5072496573077601,-0.703986946736471,
0.0488314628601074,-0.554374852766049,0.3553361344304847,0.5084861164275536,-1.462932998387093,-1.4955440164877207,1.055421000302101,-0.6974998025576504,0.0937785630404751,0.9113079772567738,0.0123382339357394,0.0962982943588449,0.0566348832615166,3.79772345602002,-0.5072882811175745,-0.7036393324481409,
0.0509135723114013,-0.5543821463921994,0.3553292644381432,0.5084545587038068,-1.4632832154449378,-1.4953437975714157,1.0556616728187105,-0.4394657425502758,0.2973405634317278,0.7817621171194843,0.0178834031429217,0.0876045184728776,0.0368568140241185,3.797688646907471,-0.507296387349264,-0.7032707373248499,
0.0529634952545166,-0.5543722573898215,0.3553390145510873,0.5084607219783543,-1.463651800692501,-1.4951038733799755,1.0558598938228931,-0.3813666546172591,0.2303148611288761,0.5840837017940073,0.0304736431806854,0.0821243413686538,0.0084995720289603,3.79772345602002,-0.5073154608355921,-0.7028926054583948,
0.0550150871276855,-0.5543923795348166,0.3553161088357858,0.5084644778918808,-1.4639538128345322,-1.4949118707120437,1.0561334362872583,-0.2235144476787791,0.5161555318387455,0.4463976440561004,0.0397618442582856,0.0731416971370584,-0.015258709680762,3.7977043825336914,-0.5073002020465296,-0.7024930159198206,
0.0570621490478515,-0.5543889840674849,0.3553298071321519,0.5084558500561234,-1.4643381439021828,-1.494660315087796,1.0563747272553492,-0.1381551182593954,1.2343869788593371,0.6600286124731305,0.04694246706344,0.0612880808390845,-0.0234479117781952,3.7977043825336914,-0.5073002020465296,-0.7020881811725062,
0.0591368675231933,-0.554386407584816,0.3553277849414795,0.5084766491324404,-1.4647157452753448,-1.4943914123917543,1.0566114630015362,0.054632210279209,1.2620031785151953,0.5411682105185831,0.0499736265998609,0.0599947595006676,-0.049466584352849,3.7977043825336914,-0.5073121229754847,-0.701629940663473,
0.0613031387329101,-0.5543918843895158,0.3553188052301362,0.508464890826137,-1.465094699877825,-1.494160255555276,1.0568805496185918,0.297581723222706,1.3021227840380554,0.6438395654316457,0.057853061886648,0.0473294170022575,-0.0686226510428372,3.797701044673584,-0.5073121229754847,-0.7012131849872034,
0.0633749961853027,-0.554384604547662,0.3553238218015938,0.5084823832908638,-1.4654657848224246,-1.4938836376056563,1.0571349749872534,0.5390461312118593,1.0872139239918273,0.7298347701134708,0.0716846539050582,0.0357449450950074,-0.0808914082573842,3.797701044673584,-0.507296387349264,-0.7007687727557581,
0.0654506683349609,-0.5543848865129852,0.3553193508212142,0.5084740578703935,-1.4658902430962957,-1.4936235930304362,1.0574218407481364,0.4918852583335463,1.4418726368940482,0.5552638185405809,0.0681658890060338,0.024926215055122,-0.083478848199219,3.79772345602002,-0.507296387349264,-0.7003214995013636,
0.0675365924835205,-0.554381408570527,0.3553306267677817,0.5084504618901814,-1.4667448789610178,-1.4930820266293274,1.057987469140782,0.8934837583476762,1.4888096105964157,0.2297565225531209,0.0703988090985024,-0.0002613682475202,-0.0839508870877913,3.79773919164624,-0.5072892347918909,-0.6994245688067835,
0.0695900917053222,-0.5543883019948301,0.3553218940213752,0.5084644751149341,-1.467106237729978,-1.4928307998245112,1.0582403998285868,1.3570595051292402,1.2141746507334117,0.0423141550013198,0.0734341912320429,-0.0045732169042692,-0.1080817431490932,3.797719641322754,-0.507296387349264,-0.6989672819720667,
0.0716500282287597,-0.5543807670658435,0.3553462819106461,0.5084651440128893,-1.4675467274004503,-1.4925349407616346,1.058489426415392,1.2768909309467142,1.5538981970046497,0.3918492598576311,0.0853786924269531,-0.014376920415605,-0.109220913973543,3.7977358537861328,-0.507308308278219,-0.6985071341144007,
0.0737018585205078,-0.5543822777240981,0.3553284352325749,0.5084542815285853,-1.468008370714461,-1.4922383879636385,1.058834312850075,1.4781331123808454,1.5853205997163715,0.2225430040135984,0.0850040155168463,-0.0109990675705443,-0.1303995685833246,3.79772345602002,-0.5072925726519983,-0.6979840437518519,
0.0757832527160644,-0.5543812157969439,0.3553349976349905,0.5084569403142412,-1.4684002849430902,-1.4919728973768311,1.0590556086088858,1.5730379177414686,1.880766802128789,-0.0030965163225362,0.0853322049902946,-0.0134661235533566,-0.131841681251695,3.797701044673584,-0.5073207060443323,-0.6975348631488245,
0.0778183937072753,-0.5543916077027453,0.3553171011653699,0.5084687784217569,-1.468827861738124,-1.4916853689163578,1.0594093980352064,1.4257504519009851,1.6250219442438545,0.18310104734165,0.0985164281802997,-0.0128773670064908,-0.1481087075823726,3.797708197230957,-0.5072925726519983,-0.6970074812518519,
0.0798556804656982,-0.554384580803387,0.3553161386649116,0.5084518883875377,-1.469307687489389,-1.4913960917752909,1.0597023934742282,1.4089113019841892,1.5678279902983283,0.4655620025793257,0.0946547368537344,-0.0190792432759031,-0.1517364331187611,3.7977358537861328,-0.5073044935809534,-0.6965315977679651,
0.0818989276885986,-0.5543923319486989,0.3553194262359522,0.5084620781054056,-1.4697420662831613,-1.4911181661937765,1.0599784863055226,1.283067835395881,1.4154994719163605,0.5968044840620176,0.1013416189721976,-0.0108282789820607,-0.1515744638235202,3.79775778829541,-0.507324520741598,-0.6960390249835413,
0.0839426517486572,-0.5543911925219008,0.3553148727704226,0.5084476146402405,-1.4701720601315829,-1.4908284621776455,1.0602939881286444,1.1829528957655928,1.6409567340176705,0.5808129984901929,0.1019909542682879,-0.0094908342999872,-0.1559327782014388,3.79772345602002,-0.5073044935809534,-0.6955502668963831,
0.0859975814819336,-0.5543916103527717,0.3553124212813422,0.5084720532488365,-1.4706021763988428,-1.4905098106767698,1.0605828350362057,1.283460355842485,1.622613161571608,0.4107112187597311,0.1072335950638103,0.0054635922768508,-0.1512609010196772,3.797701044673584,-0.507308308278219,-0.6950028578387659,
0.0880360603332519,-0.5543931845020534,0.3553147426812211,0.5084610627856322,-1.4711104021550272,-1.490179941136854,1.0609288198856428,1.364315023813231,1.530450849344858,0.442111628496673,0.09373392154477,0.0040961264655274,-0.1593041470798974,3.797691984767578,-0.5073044935809534,-0.6944435278521937,
0.0900850296020507,-0.5543846104055719,0.3553467423657346,0.5084334823318705,-1.4716838740401568,-1.4898319144063392,1.0612558046750091,1.0401007999025254,1.3765619228535246,0.8018044159998456,0.1067843576274688,0.0023868778785965,-0.1528188602999395,3.797732039088867,-0.5073168913470667,-0.6939099470721644,
0.0921180248260498,-0.5543906969260959,0.3553137039937382,0.5084838087251907,-1.472063632926058,-1.4895324246282815,1.0615652458321478,0.9736299519693652,1.308358284168395,0.8227244194372538,0.1019670852977989,0.0042141932447911,-0.1454928478921576,3.797719641322754,-0.5073044935809534,-0.6933506170855921,
0.0941529273986816,-0.5544069368497107,0.3553033920996328,0.5084593897356727,-1.4725359141926797,-1.4892452717833244,1.0619350778130117,0.820471025595065,1.30439655619011,0.675433935773346,0.0936834792103587,0.019664924945061,-0.1339045651335485,3.797691984767578,-0.5072892347918909,-0.6928170363055628,
0.0961890220642089,-0.5543940417057324,0.3553265606793296,0.5084413938453642,-1.4731118424789218,-1.4888922286858195,1.0622391886380964,0.7806650469872437,1.0086289842080385,0.8293676372760858,0.0869333303909742,0.0158318502356904,-0.1301465057990185,3.7977358537861328,-0.5073207060443323,-0.6922715345965784,
0.0982499122619628,-0.5543862062917891,0.3553163934103731,0.5084591766520384,-1.4735682201732012,-1.488558656081718,1.0625524786510756,0.7387998803359515,0.6635478983608263,0.6142904360725447,0.0871305709380302,0.029761384221356,-0.1171809144302687,3.79772345602002,-0.5073121229754847,-0.6917160193072718,
0.1002829074859619,-0.554396227362751,0.3553044095028955,0.5084831401957801,-1.4740326754539763,-1.4882291866973978,1.062905636950669,0.5304284846749291,0.5894011338556928,0.7793654941669845,0.0884731900547219,0.03837606849356,-0.0976556543542191,3.797715826625488,-0.507301155720846,-0.6911214033709925,
0.1023144721984863,-0.5543924083081991,0.3553188984734598,0.5084712268730984,-1.4745627944725284,-1.487873423536616,1.0632544736666794,0.4906270300110256,0.6415675897759286,0.6904911321801507,0.0876047284867896,0.0469280818014367,-0.0806163656533052,3.7977043825336914,-0.5072925726519983,-0.6905477682696741,
0.1043484210968017,-0.5543855383038993,0.3553247506847715,0.5084510552456134,-1.4751513383210284,-1.487507196322848,1.0635674439762208,0.2165627637009834,0.2849198910024941,0.8181063452444903,0.0752412378893882,0.0463693817400826,-0.0731883455832279,3.797691984767578,-0.5073431173907679,-0.6899407545672815,
0.1063807010650634,-0.554390930608146,0.3553156025772858,0.5084474937492058,-1.4756526295973482,-1.4871764559470992,1.0639826472246865,0.1888740199268974,-0.0106730227965399,1.061558184959167,0.0718880475189646,0.0490428392438797,-0.0585884762394413,3.797712011928223,-0.5072925726519983,-0.6893718878375452,
0.1084105968475341,-0.5543950967038048,0.3553048787952073,0.508480599366401,-1.4761122119719925,-1.486847402952124,1.0643029649514075,0.1344560537836827,-0.0229705910679177,0.8258581775392688,0.0663410208503372,0.0579686034495733,-0.0563059683031818,3.79772345602002,-0.507296387349264,-0.6887911001788538,
0.1104421615600586,-0.5543886252215784,0.3553226063792318,0.5084672376868963,-1.4766827218660283,-1.4864778009238044,1.0646549718281983,-0.034321671740214,-0.072523528810938,0.8066327576424202,0.0547789863586599,0.0654993526084164,-0.0355172221803432,3.79773919164624,-0.5073002020465296,-0.6882031599627894,
0.1124835014343261,-0.5543951646823841,0.3553087308517844,0.508456717216726,-1.4772500001019022,-1.486115115798025,1.065066598262849,-0.0374014970757209,-0.5202991570977265,0.7332438368642706,0.0601626096272304,0.0748822199062615,-0.0232108844651907,3.797732039088867,-0.5072916189776819,-0.6875622908221644,
0.1145577430725097,-0.5543928799114749,0.3553050601705692,0.5084560967321029,-1.4777504461880893,-1.485777495013188,1.0653952825508082,0.0101416241878594,-0.6177365517594938,0.6910900831139614,0.0511906368142261,0.0797387057411781,-0.0069136999775231,3.797719641322754,-0.507296387349264,-0.6869929472552698,
0.1166048049926757,-0.5544069119718804,0.3552958783924652,0.5084642179176146,-1.4782567213832036,-1.4854400267486525,1.0657611171664974,-0.4492064115263368,-0.5110236992173862,1.0378966605195916,0.043747800509631,0.0785467506909384,0.0170354291980949,3.7977043825336914,-0.5073002020465296,-0.6863768736468714,
0.1186490058898925,-0.5544035064612147,0.3552981316377367,0.5084724386305243,-1.47876656283482,-1.4850997507613166,1.0661145728249752,-0.3698576118921975,-0.889091229756667,1.0610810541040183,0.036093310209322,0.0827680307508969,0.0190657574523348,3.7977472978779296,-0.5072844664203089,-0.6858189741717737,
0.1207010746002197,-0.5544095605423137,0.3552766682210533,0.508472182833113,-1.479277587790207,-1.484754112351392,1.066479728821651,-0.6389666696557235,-0.8365698869734942,1.2220878033469145,0.0352295063437982,0.0909541189682956,0.0346940522755809,3.7977043825336914,-0.5072882811175745,-0.6851957480060022,
0.122744083404541,-0.55441132810464,0.3552883432710291,0.5084389455262543,-1.4798678795122726,-1.4843999127484764,1.0668946237120482,-0.5193856640942035,-0.8549773416308235,0.9902115521076906,0.0363730235931649,0.0973659484558573,0.0459512563662547,3.79773919164624,-0.5072653929339808,-0.6846168676959437,
0.1247870922088623,-0.554411241627423,0.3552912708591428,0.5084447144720786,-1.4804163135984671,-1.4840180325760444,1.0672284826921288,-0.5875939225478143,-0.7591892380226836,1.024772236681778,0.029615220695595,0.1034800678092721,0.0497514568583435,3.797701044673584,-0.5072916189776819,-0.6839693228351038,
0.1268374919891357,-0.554409843223386,0.3552912264782481,0.5084602047515636,-1.480953266400311,-1.483650909757296,1.0676149017213172,-0.4181530487173021,-1.2160826504718774,1.1725330933732032,0.018066052890727,0.0995764165907828,0.0546029284572953,3.797743483180664,-0.5072687307940882,-0.6833608786212366,
0.1288850307464599,-0.5544024881960405,0.3552970983272549,0.5084690042636388,-1.4814401466257408,-1.4832966566892536,1.0679218069138887,-0.6389585775889407,-1.0678015029936716,1.153700117567674,0.0272668247068669,0.110912444123209,0.0578308795793544,3.797715826625488,-0.5072725454913538,-0.6827872435199183,
0.1309583187103271,-0.5544057017000256,0.3552942197639959,0.5084643371748383,-1.4819759062727194,-1.4829645916963474,1.0682426490740224,-0.6084848003859251,-1.109691222171412,1.0956053289734662,0.029771792045659,0.11107271384045,0.0590274024874757,3.797732039088867,-0.5073073546039026,-0.6822102705584925,
0.1330034732818603,-0.5544161527593695,0.3552844000516961,0.5084604498672874,-1.4824974933791744,-1.4826035148503671,1.0686429289471335,-0.6573109117803156,-1.2027047123673185,0.9654522510861844,0.0276880713912836,0.1184780445281049,0.0703721430960503,3.7976814943500976,-0.5072882811175745,-0.6815698782550257,
0.1350491046905517,-0.554415417844565,0.3552879810237675,0.5084614702676896,-1.4830733866280643,-1.482223834738273,1.069024138312898,-0.5277514492814941,-0.8999052206856332,1.1570038499677993,0.0258889340039062,0.1136472714763443,0.0762926332902951,3.7977043825336914,-0.5072882811175745,-0.6809385458575647,
0.137099027633667,-0.5544221010487872,0.3552754057981536,0.508465385605221,-1.4835884475716663,-1.4818707382676568,1.06941560554257,-0.5635002014574647,-1.0131020364912502,1.2623968513951749,0.0217395119914146,0.1191966229543364,0.0771798685581647,3.797688646907471,-0.5072687307940882,-0.6803191343890589,
0.1391417980194091,-0.5544116669096593,0.3552784579900646,0.5084522693709173,-1.4842245245032104,-1.48146133100954,1.069819787607531,-0.484883688814417,-0.8434189528198432,1.2552791550807296,0.0200488140746852,0.1153111034543002,0.0726453680670926,3.797719641322754,-0.5072687307940882,-0.6796634832965296,
0.1411850452423095,-0.554407425819857,0.3552918944243936,0.508469419879239,-1.484744275014169,-1.4810820319765492,1.0701288142770249,-0.6888948346797753,-1.052640845049056,1.4220098246830872,0.0240432465717808,0.1147551619452939,0.0507169982728158,3.7976972299763183,-0.5072882811175745,-0.6790455023394983,
0.1432254314422607,-0.5544186678319686,0.3552666744207654,0.508450724111452,-1.4853342270047014,-1.4807260112920713,1.0705877115832512,-0.3851365232636414,-0.5833934822542507,1.0923255516310777,0.018794150529204,0.1212934865491534,0.0532622203817795,3.797719641322754,-0.5072653929339808,-0.6784008185016077,
0.1452603340148925,-0.5544096348039104,0.3552907128361342,0.5084466896936476,-1.48593532100243,-1.4803127765511293,1.0709532155274002,-0.5442261102572773,-0.4022690126806384,1.252924926594645,0.0268309806101434,0.1200806212770796,0.0528234698493508,3.79772345602002,-0.5072687307940882,-0.6777566115008753,
0.1472890377044677,-0.5544154099733442,0.3552787267043376,0.508463857785804,-1.4864178839152884,-1.4799857859997028,1.0712671744566455,-0.3478771863900439,-0.6325367763560683,1.1166046696122616,0.0247386145918967,0.1158227276677997,0.0493993536436487,3.79772345602002,-0.5072916189776819,-0.6771743933307093,
0.1493170261383056,-0.5544052411099101,0.3552844438931822,0.5084584206301777,-1.4870097871992844,-1.479582136988665,1.071694609931832,-0.3096733905598289,-0.7730606902296859,1.3017113136428031,0.0285988238475187,0.1177182973349687,0.0572465536438985,3.797754450435303,-0.5072496573077601,-0.6765416304217737,
0.151365041732788,-0.5543989974162111,0.3553025301533771,0.5084639655215931,-1.487575635598322,-1.479183546041868,1.0720311717031348,-0.1307390185995723,-0.9562851216420808,1.305522554046321,0.0346469973028485,0.112787996842689,0.0421252602827136,3.797743006343506,-0.5072653929339808,-0.6759050528155726,
0.1533927917480468,-0.5544125391417756,0.3552703736186585,0.5084676843125306,-1.4881102123106715,-1.4788332519455334,1.0724512647139195,-0.1930451967873679,0.1262665418771456,1.2072383375400828,0.0175559311510378,0.1198940038107277,0.0358004245755799,3.797732039088867,-0.5072534720050257,-0.6752522627459925,
0.1554200649261474,-0.5544076518575128,0.3552851149439334,0.5084675602160497,-1.4886616617055397,-1.4784492024945597,1.0727874198821128,-0.0785244881151864,0.1181754721752363,1.1964923770578757,0.0369473280061932,0.1130458423178898,0.0235665621416953,3.797715826625488,-0.5072653929339808,-0.6746347586261194,
0.1574490070343017,-0.5543966768485612,0.3552972002660583,0.5084800225978215,-1.489240758818625,-1.47803304962876,1.0731495339963693,-0.068364381223692,0.438056224595266,1.3038929308253149,0.0300926954846369,0.1040501296868695,-0.0081365793498553,3.797719641322754,-0.5072653929339808,-0.6739786306964319,
0.1594767570495605,-0.5544086875941366,0.3552871899806546,0.5084623485185509,-1.489850886513363,-1.4776589100915736,1.073564245640489,0.2365622992503281,0.1460571585832714,1.0636697960227992,0.0570497109347063,0.0978699606975625,-0.0212627201140194,3.797719641322754,-0.5072806517230433,-0.6733105818377894,
0.1615159511566162,-0.5544014718057144,0.3552979223050312,0.5085022864647799,-1.4909111961754078,-1.4768853427495665,1.0742544694919338,0.2971664598049595,1.0198299595507478,1.0083899677964328,0.0670063145349136,0.080371585119,-0.0595284192739266,3.797708197230957,-0.5072844664203089,-0.6720436255084437,
0.1635434627532959,-0.5544096542962988,0.3552837207416683,0.5084547986270336,-1.491565779766214,-1.4765214886966789,1.0746720560020764,0.1859459049418595,1.1691342031678962,1.069229926371636,0.0618711904611596,0.0759401061723288,-0.0897856324905402,3.797719641322754,-0.5073154608355921,-0.6713979879962366,
0.1655700206756591,-0.5543986001573821,0.3552906854986222,0.5084768866379108,-1.4921245049086589,-1.476111789870573,1.0750289492020395,0.526868423265108,1.5860474348312363,0.8948364203881458,0.0750165495081467,0.0702482885168929,-0.0795804138638596,3.797732039088867,-0.5073121229754847,-0.6707490126239222,
0.1676225662231445,-0.5544042405831905,0.3552946942677272,0.5084608338990134,-1.4927555030255617,-1.475703529100764,1.0754074761130232,0.1440733330486371,1.5274028083485494,1.1929671126984032,0.0713892404024271,0.0699304637539265,-0.1142468273267252,3.7976972299763183,-0.5073517004596155,-0.6700494925128382,
0.1696693897247314,-0.5544057550247654,0.3552973687650526,0.5084512595529518,-1.493378305285564,-1.4752889442473331,1.0758680364493065,0.530558115179717,1.7770638387011346,0.8952010145204319,0.08583616545888,0.0659117132446369,-0.1197199632252226,3.797715826625488,-0.5073168913470667,-0.6693676153766077,
0.1717455387115478,-0.5543983569849489,0.3553097400117641,0.5084731224200536,-1.4939376309454708,-1.4748706047658875,1.0762545273770392,0.3606136381683216,1.9509261453805635,0.8876900208441056,0.0888333793427781,0.0733897815881352,-0.1558803454998105,3.79772345602002,-0.5072925726519983,-0.6687067190753382,
0.1737937927246093,-0.554406177273481,0.3552891659732077,0.5084610474867466,-1.494531042028086,-1.4744975770121165,1.076663613772872,0.3282669040934577,1.986200120648573,0.9344631096570946,0.1059694561737789,0.0565675024616402,-0.1661555113524305,3.797719641322754,-0.5073044935809534,-0.668042008076803,
0.1758761405944824,-0.5543938725404975,0.355313535414745,0.5084636626534079,-1.4950982626658,-1.4740915127483458,1.0770295798260143,0.5645511978870058,1.8974848201797143,0.4998959047145347,0.105526286286365,0.0664426967865987,-0.1978076534607497,3.7977358537861328,-0.5072854200946253,-0.6674283186541956,
0.1779401302337646,-0.5543966261618634,0.3552930325846627,0.5084491902669032,-1.4957547278596228,-1.4736909694993514,1.0774459776283165,0.503876562023466,1.7361713668457075,0.8832398339514941,0.1392278843882574,0.0558246080115144,-0.199449070513659,3.79775778829541,-0.5073168913470667,-0.6667278448687952,
0.1799764633178711,-0.554395400448447,0.3552946165158457,0.5084728909726143,-1.496256988207411,-1.4732878958257192,1.0778483675079653,0.3729425597461779,2.2191259248809536,0.9847955004148644,0.1140993686237236,0.0505746478471268,-0.2220869792249148,3.797715826625488,-0.5072663466082972,-0.6660702864276331,
0.182011604309082,-0.5544014095002787,0.3552945690325522,0.5084631390585064,-1.4968687215997265,-1.4729018838557992,1.0782180921905975,0.3147694327340343,2.0997673087674573,0.8601792496777352,0.1369910820374179,0.0563278668790215,-0.2157120404489318,3.797719641322754,-0.5073044935809534,-0.6654060522662562,
0.1840534210205078,-0.5544088569936125,0.3552912675859415,0.5084529300437582,-1.4974690033238265,-1.4725118809718487,1.078629119537905,0.2402822971787848,2.5117339609820037,0.8128732669105867,0.1275120097667428,0.0594382980421409,-0.2318206857484952,3.797715826625488,-0.507308308278219,-0.6647360960589808,
0.1860857009887695,-0.5544022375814234,0.3552906607616088,0.50848506903598,-1.4980391755630882,-1.4720959242101623,1.078987065269846,0.2675588787773014,2.34140883191248,0.892997740943145,0.1391622983450521,0.0634685717438438,-0.2215118710685847,3.7977358537861328,-0.5073207060443323,-0.6640561262713831,
0.188115119934082,-0.5543988890575353,0.3552951929321291,0.5084906243120649,-1.498615442616881,-1.4716742339219602,1.0793824229305766,0.2809253868517783,1.9176901286652848,1.0582594807984975,0.1366364025706549,0.0650918785515393,-0.2364571778741552,3.797701044673584,-0.507308308278219,-0.663370434437887,
0.1901414394378662,-0.5544003525949881,0.3552962842732395,0.5084559305725445,-1.4992974862233264,-1.4712525410371533,1.0798457802823822,0.1411309906807352,2.1065014106516315,1.0584062317569771,0.141949091670879,0.0675953647155674,-0.2261332004939931,3.797715826625488,-0.507301155720846,-0.6626742521869105,
0.1921689510345459,-0.5544068774664765,0.3552907701497744,0.5084633573369594,-1.4999283533792027,-1.4708298007214688,1.0802586281669924,0.139908839701018,2.133379372006196,1.170977597378815,0.1435169100058289,0.0726139406521444,-0.2219098463203245,3.797719641322754,-0.5073207060443323,-0.6619461218463343,
0.1941962242126464,-0.5544086424096973,0.355296060954999,0.5084517680662262,-1.5005586312995436,-1.4704214223145904,1.0806930348281292,0.2295844923566047,1.927924514516932,1.07386210160823,0.1177667822653603,0.0790991494854675,-0.2323266615546758,3.797750635738037,-0.507308308278219,-0.6612761656390589,
0.1962223052978515,-0.5544119399432778,0.3552861711773792,0.5084541181660471,-1.5011350288242131,-1.4700271041520772,1.081053922374254,0.1859148244801998,1.7465918009820505,1.11013990156175,0.141854286975855,0.08839153312855,-0.214443444483013,3.797715826625488,-0.5073393026935022,-0.6605952421771448,
0.1982481479644775,-0.5544177566778186,0.3552749352399255,0.5084523335894984,-1.5017416373309305,-1.4696201293167153,1.0814923630616566,0.1907983090976687,1.8060814963644785,1.032183180598973,0.119861069077288,0.0868447903648145,-0.214340269705331,3.797715826625488,-0.5073278586017054,-0.6598976294146937,
0.200275182723999,-0.5544137711316679,0.3552759110370642,0.508464433185909,-1.5023087243553548,-1.469197989636781,1.0819121267638456,0.0135460110426671,1.114898887696495,1.346557703426143,0.1332913891996299,0.0911124972077773,-0.193482758760262,3.797701044673584,-0.5072925726519983,-0.6592162291156214,
0.2023012638092041,-0.554400846918192,0.3552956524769207,0.5084687149377914,-1.5029666439337437,-1.4687266485566377,1.08229333445639,-0.0993960880973928,1.5335286154899963,1.330364399026568,0.1186215212942169,0.0934760900961866,-0.1799898514758591,3.797688646907471,-0.5073121229754847,-0.6584847609149378,
0.2043278217315673,-0.5544044138457545,0.3552955120958234,0.5084772377878735,-1.5035885123778292,-1.468306095161491,1.0827047562020513,-0.1141261238057012,1.2186967254874717,1.474312907562713,0.1193158678070049,0.1003951468894022,-0.1670494604321545,3.797708197230957,-0.5073207060443323,-0.657778565083639,
0.2063581943511963,-0.5544061920951773,0.3552916310605143,0.5084669516872589,-1.5042117485743665,-1.4678942896103713,1.0831374079148626,0.0709942182382035,1.146216394791423,1.3198323130660568,0.0986619901951527,0.1106676427971461,-0.1607398140260249,3.797715826625488,-0.5073121229754847,-0.6570928732501429,
0.2083840370178222,-0.5544039495136479,0.3552791710143487,0.5084785623509845,-1.5047948188638949,-1.4674726205908826,1.083564369182096,0.1286395485330118,0.8195830747483617,1.3770459815876448,0.1120309621214077,0.1183855794111135,-0.1338857660504228,3.7977043825336914,-0.5072892347918909,-0.6563919226275843,
0.21040940284729,-0.5544026243467297,0.3552733634906686,0.5084831260462463,-1.5054710375990987,-1.4670194332847124,1.0840092246200914,0.0049224578701222,0.744343928283088,1.5073881494425037,0.0966791744881737,0.1194523762315614,-0.1325040759152793,3.797732039088867,-0.507296387349264,-0.655639950429098,
0.2124314308166504,-0.5544138408528433,0.3552919636515883,0.5084662069121194,-1.506090012732724,-1.4666196214893437,1.0843874000083429,0.0154529135802566,0.2609355634527057,1.544635180453853,0.089844569657595,0.1227478769509374,-0.1044723169207298,3.797715826625488,-0.5073278586017054,-0.6549666563617151,
0.214454174041748,-0.5544110125759085,0.3552762707842284,0.5084759488855517,-1.5066309886432034,-1.4662174035321724,1.084775652449429,-0.1129875877456796,0.4027009888611713,1.7240977966973283,0.0796537148750129,0.1293756442717737,-0.1017428338535502,3.7976695734211434,-0.5073154608355921,-0.6542928854571741,
0.2164809703826904,-0.554405469951255,0.3552888648293346,0.508464433185909,-1.5072850845366486,-1.465777979561247,1.0852220087432394,-0.1522134774471535,0.4185550027159349,1.514856983636696,0.0796598344097006,0.1334606872356254,-0.0798393900783832,3.797701044673584,-0.5072925726519983,-0.6536038557635706,
0.2185091972351074,-0.5544044874878626,0.3552930068871883,0.5084723551713354,-1.5079568432331654,-1.4653267925854547,1.0856413405160743,-0.2119051042544249,0.2871312151461142,1.6396293469895928,0.0849393900207836,0.141138779162384,-0.0649663157394737,3.7977358537861328,-0.5073121229754847,-0.6528638044940394,
0.2205591201782226,-0.5544156282364222,0.3552760005524915,0.5084712273414563,-1.5085111931214397,-1.464945973060182,1.086102999313688,-0.0804462962392371,-0.1028904579249859,1.6546852717598364,0.0598019257567165,0.1392062894054967,-0.0582597708339873,3.797732039088867,-0.5072653929339808,-0.652201000844137,
0.2225925922393798,-0.5544153107050112,0.3552635325944252,0.5084723774283826,-1.5091286407596527,-1.4645305708769518,1.0864870101752249,-0.2366985220039228,0.1196451488405441,1.764716002473562,0.0673430967409707,0.1494705587639803,-0.0362751004528318,3.79772345602002,-0.5072954336749476,-0.6514971891986292,
0.2246477603912353,-0.5544105614899308,0.3552679497940066,0.508472210481371,-1.5096974892815622,-1.46411421596743,1.0868830153882394,-0.1570775412334397,-0.220090538265449,1.4102038413148985,0.0641099204453734,0.1539748458145935,-0.042953624021903,3.797691984767578,-0.5072763601886194,-0.6508315245257776,
0.2266943454742431,-0.5544105368395545,0.3552864122444408,0.5084725635991602,-1.510302265155131,-1.4636911238081962,1.087288293516786,-0.4391524964978774,-0.1635054853053968,1.664543355516578,0.0582446850095255,0.1612483256790508,-0.028489859217293,3.797701044673584,-0.5072653929339808,-0.650158707295553,
0.2287521362304687,-0.554415874033542,0.3552750009580004,0.508461974634301,-1.5109713261726927,-1.4632571781664554,1.087757207929846,-0.2976411628895861,-0.087667879838582,1.7195017848346066,0.0618765620078919,0.1508770419713894,-0.0181020042252095,3.797719641322754,-0.5072606245623987,-0.6494229475604456,
0.2308554649353027,-0.5543997179316876,0.355295562037711,0.5084662930229541,-1.5116283146182,-1.462784408082659,1.0881023933935814,-0.5385488087295573,-0.4289942541230471,1.7549777222754286,0.0578846408414546,0.1634476738153047,-0.0272757912754073,3.797701044673584,-0.507303539906637,-0.6486976782428187,
0.2328927516937255,-0.5544059117038289,0.3552833985524832,0.5085017296300605,-1.5121644427556673,-1.462375261027985,1.0885240001262666,-0.4070116349988181,-0.3684878763549306,1.530654002443664,0.0566110747076764,0.166232510357175,-0.018090280678412,3.797701044673584,-0.5072725454913538,-0.6480000654803675,
0.2349722385406494,-0.5544060388303816,0.3552837291026249,0.508469012778646,-1.512825076890975,-1.4619571038367627,1.0889624339595625,-0.7477165600168469,0.049671882214252,1.423449500363302,0.0507781830917422,0.1735700888082029,-0.018630887783216,3.7977043825336914,-0.5072725454913538,-0.6473177115069788,
0.2370176315307617,-0.5544117403801697,0.3552745449392491,0.5084568123614872,-1.5135035732714526,-1.4615236914636904,1.0894100864653535,-0.6523569977487648,0.0586279134162355,1.6679695987080905,0.0523275695925891,0.1622417813288328,-0.0160640495330181,3.79772345602002,-0.5072882811175745,-0.6465814749347132,
0.2390594482421875,-0.5544019059983838,0.3552906008004995,0.508480680226248,-1.514102219635137,-1.461062853484202,1.0898064302384467,-0.8884031541448005,-0.1130494991949834,1.6744315483275647,0.0511688136724488,0.1670377235372634,-0.0284930178450803,3.797719641322754,-0.5072725454913538,-0.6458681265460413,
0.2411057949066162,-0.554416166452651,0.3552683106933114,0.5084598881035887,-1.5146824129956526,-1.4607037085415495,1.0902124282527588,-0.7868348484095097,0.2937581666959626,1.7358851166826883,0.045324024519395,0.1597854023539698,-0.0192288158797814,3.7977043825336914,-0.5072882811175745,-0.6452181974994105,
0.2431504726409912,-0.5544066454550272,0.3552850908726956,0.5084695525183252,-1.5152970472362248,-1.4602472566692666,1.090617823162977,-0.9011369890018922,0.3803546133006569,1.602584002474423,0.0619140362408359,0.168480640710064,-0.0205324453147415,3.797701044673584,-0.5072725454913538,-0.6445143858539026,
0.2451944351196289,-0.5544032358444991,0.3552851109138167,0.5084851286690252,-1.5158868659956546,-1.4598163204261123,1.0909992367881682,-0.6846836180668814,0.5156918104445488,1.5442902855347995,0.0494592280358394,0.167682459201409,-0.032264608384521,3.797688646907471,-0.5072806517230433,-0.6438129583941858,
0.2472486495971679,-0.5544076598001326,0.3552718613783405,0.5084707227600112,-1.5165584478551364,-1.459393247117933,1.09146710022961,-0.740665471692947,0.1607698669488952,1.5004696716166912,0.0634866846131531,0.1676310815491787,-0.0330334563163333,3.797732039088867,-0.5072763601886194,-0.6431000868426722,
0.2493038177490234,-0.5544064794774928,0.3552796556538617,0.5084887612475553,-1.51717256380311,-1.4589507409298268,1.091876744239651,-0.8336621335586579,0.8177759557575867,1.5648417638883874,0.0582159825335702,0.1664686536851595,-0.0464566915308097,3.797750635738037,-0.5072725454913538,-0.6423872152911585,
0.2513842582702636,-0.5544063262606316,0.3552830550976646,0.5084709651169835,-1.5178351264273429,-1.4584987397575502,1.0923021336174057,-0.5222937872033107,0.6086759112435992,1.4696527129934516,0.0623441040916397,0.1667321046445752,-0.0479870563099719,3.797715826625488,-0.5072844664203089,-0.6416500250445765,
0.2534763813018799,-0.554418149681919,0.3552557632730169,0.5084683362053171,-1.5183938150714713,-1.4581282120631875,1.0927391238274635,-0.6563326247647244,0.776984107028145,1.4577126611945137,0.0535166070996018,0.1670734077421081,-0.0579153579748447,3.797715826625488,-0.5072653929339808,-0.6409900824176233,
0.2555248737335205,-0.5544027520599285,0.3552976137938925,0.5084762723061468,-1.5190704987969712,-1.4576372501618722,1.093107585454653,-0.5482318950772452,0.9833275531358222,1.729683319577473,0.0699476170937763,0.1608627656189513,-0.0628635072199309,3.7977358537861328,-0.5072882811175745,-0.6402667204486292,
0.2575705051422119,-0.5544059516057118,0.3552842949940835,0.5084820385974933,-1.520316711706292,-1.4567602280521086,1.093935249468087,-0.3351513806772042,0.9305131801383728,1.5686317021964888,0.0769311534806454,0.1545428340648455,-0.087260810007825,3.797691984767578,-0.5073073546039026,-0.6388056913958948,
0.2596189975738525,-0.5543971880581249,0.3552937939280364,0.5084575653889842,-1.5210294988882234,-1.4563054639534363,1.0943752257398804,-0.2174911582685677,1.290794994276938,1.5179832097995671,0.0743952970448559,0.1519923039749548,-0.095316213434397,3.797743006343506,-0.5073154608355921,-0.6380999724017542,
0.2616660594940185,-0.5544106065665558,0.3552757600754233,0.50848119959523,-1.5215818269652923,-1.4558965502822916,1.0948036015723264,-0.2496337653520549,1.452019923039026,1.5116895807702289,0.0800267920894555,0.1549799266384827,-0.1049620453359906,3.797715826625488,-0.5073002020465296,-0.6373794714557093,
0.2637116909027099,-0.5544109128671173,0.3552803818023393,0.5084856759552452,-1.522203792047241,-1.4554527458553903,1.095222995360537,-0.1823710109449082,1.4889495887422195,1.4761614516440469,0.0743320165647672,0.1508232210726817,-0.1172441892016172,3.797708197230957,-0.507296387349264,-0.636660401021139,
0.265770673751831,-0.5543953418694573,0.3552885351985638,0.5084904657454286,-1.522829410679904,-1.4549938005599634,1.0956114389976443,-0.2794256094006836,1.596539475022721,1.583296529734463,0.0807551309517546,0.1402527460001447,-0.1220474927998651,3.7977043825336914,-0.507296387349264,-0.6359594503985804,
0.2678627967834472,-0.5544033704574921,0.3552740845319737,0.5084837196610321,-1.5234736756524,-1.454566706437885,1.096088660218529,0.0231675060679843,1.6590444752914948,1.3151149637533603,0.1026484148098437,0.1433576774077725,-0.1251233327213622,3.79772345602002,-0.5072773138629358,-0.6352346579181116,
0.26991868019104,-0.5544033406848325,0.3552791665765295,0.508471271165839,-1.5241330156492736,-1.4541123613938551,1.0965256451345913,0.0168474350043747,1.998731463077267,1.1538190025596071,0.0812282016586681,0.1362029159173251,-0.1388977030486033,3.797708197230957,-0.5072773138629358,-0.6345017592059534,
0.2719984054565429,-0.554397736835542,0.3552962354817783,0.5084919301608791,-1.5246997382885548,-1.4536881978253595,1.096853015203351,-0.0138955698496086,1.151260706521782,1.5987902228249014,0.1160608240793719,0.1314895377884202,-0.1471214334249181,3.797701044673584,-0.507303539906637,-0.6338356176959437,
0.2741425037384033,-0.5543922643326038,0.3552865086928902,0.5084967971096103,-1.5253614007410412,-1.4532211274947116,1.097326949120741,0.0900841853299476,1.5284185892039517,1.408045433896275,0.0979796805342628,0.1253942251344287,-0.171975840291233,3.79772345602002,-0.5072773138629358,-0.6330855528460901,
0.2761969566345215,-0.5543994641099987,0.3552778111605198,0.5084923339501214,-1.5260143282125054,-1.452793580516456,1.0977510980220813,-0.0767031291639636,1.5931699580065046,1.4261195226559678,0.1146136098418947,0.1259140814498752,-0.1601658138969475,3.79773919164624,-0.5073002020465296,-0.6323602835284632,
0.2782535552978515,-0.5544072320702327,0.3552865501156314,0.5084673340867697,-1.5266183441171686,-1.4523757216950384,1.0981757602946516,-0.0101602646047888,1.946239040578181,1.2897075144475778,0.1060744669446149,0.1167688516757096,-0.1757644659116785,3.797684832210205,-0.5072892347918909,-0.6316745916949671,
0.2803256511688232,-0.5544032552480276,0.3552774264935365,0.5084594687306006,-1.527360561444134,-1.451892369617444,1.0986491473211932,0.0758183011578005,1.9855817163519285,1.536399627478694,0.1309232650298751,0.1189113051469966,-0.1683399421705504,3.7977358537861328,-0.5073044935809534,-0.6308906714068812,
0.2823817729949951,-0.5543930068208699,0.3552930957818282,0.5084859246407614,-1.52794563133858,-1.45142969039032,1.0990322516850066,0.1185388470658566,1.8006880560172889,1.3739018942648882,0.102338908392628,0.1143442024355865,-0.1969673387161396,3.79772345602002,-0.5072925726519983,-0.6301806608783167,
0.2844371795654297,-0.5544026475404635,0.3552762461819309,0.5084703569103239,-1.528638824991474,-1.4509686216335251,1.0995270287861612,0.0898968965592732,1.9368293665372085,1.2880099004584944,0.111170575197911,0.120645630236648,-0.1831905520198809,3.797708197230957,-0.5072892347918909,-0.6293929258929651,
0.2865011692047119,-0.5544005952261353,0.3552927161599467,0.5084743865798256,-1.5292774811814875,-1.4505185930958768,1.0999196834101326,-0.0658036190068738,1.896013907556106,1.4451860086444546,0.1313044194775398,0.1129961396780407,-0.2011016230928453,3.797719641322754,-0.5073044935809534,-0.6286833922015589,
0.2885427474975586,-0.5544020281436737,0.3552810187673886,0.5084742009319461,-1.529914071804067,-1.4500830931701223,1.1003509749975362,-0.0880126605063248,1.9067346480340888,1.5283441476248003,0.1201857821960378,0.1069050039533422,-0.1958554590689541,3.7977282243916015,-0.507308308278219,-0.6279614607440394,
0.2905991077423095,-0.5544049022019502,0.3552761391009002,0.5084954747000721,-1.5305341769439158,-1.449613959253607,1.1008024435057056,-0.2065477425308994,1.8660599161421576,1.513796532797644,0.1324302971368336,0.1207132700707115,-0.1874664594734801,3.797708197230957,-0.5072892347918909,-0.6271894613849085,
0.2926409244537353,-0.5544017273468822,0.3552778975010007,0.5084745146951035,-1.531212024723559,-1.4491701043322387,1.1012513271347435,-0.0447706798848538,1.8260347416976133,1.4396280416530796,0.1275927857389633,0.122288087083717,-0.2071850628506117,3.79773919164624,-0.5072844664203089,-0.6264866034137171,
0.2946817874908447,-0.5544053619962638,0.3552677274451098,0.5084704271367563,-1.5318811758081448,-1.4487087652307733,1.1016778312059896,-0.2605779866470289,1.66145394690849,1.5223030980117052,0.1269412468804456,0.130136847575193,-0.1973089627899069,3.797712011928223,-0.5073121229754847,-0.6257136503802698,
0.2967479228973388,-0.5544013293236381,0.355264444227911,0.5084833415875426,-1.5324962841459853,-1.4482524094613598,1.1021506063938962,-0.2421007801360311,1.8363428440667529,1.496928301612858,0.1162455694672667,0.1298983584159235,-0.202150593841473,3.797732039088867,-0.5072615782367151,-0.6249921957599085,
0.2987940311431885,-0.5544076234560626,0.3552603605575035,0.5084787721782553,-1.533150590905328,-1.447812636280339,1.1025655611346377,-0.1808714446170097,1.2586401965390033,1.629115798470934,0.1328453308931006,0.1373014305319028,-0.2026703236535852,3.797730608577393,-0.5072892347918909,-0.6242564360248011,
0.3008408546447754,-0.5544117220790301,0.3552772026640616,0.5084878917576833,-1.533769772062304,-1.4473582043807782,1.1029871632998682,-0.1376137748916778,1.8080786391588184,1.4032262448883182,0.1086402365278527,0.1452234526420661,-0.1896340076721477,3.79772345602002,-0.5072806517230433,-0.6235306898700159,
0.3028879165649414,-0.5543909936582596,0.3552958273033684,0.5084936124526188,-1.5343735848242828,-1.4469046902674751,1.1033017023567389,-0.4736624292466799,1.7055830729683157,1.6285328851674503,0.1198749027015041,0.1519303256462589,-0.1724693101275579,3.7977043825336914,-0.5073154608355921,-0.6228607336627405,
0.3049349784851074,-0.5543976513135239,0.3552987588000373,0.5084535447137265,-1.5350812917769003,-1.4464662067258902,1.1037618862853198,-0.5805301033842922,1.7903219460657964,1.8165379399335848,0.1139179298802532,0.1532703077555961,-0.1742773091160743,3.797719641322754,-0.5073278586017054,-0.6221440474139612,
0.3069818019866943,-0.5543957142126709,0.3552966106977075,0.5084813359786023,-1.53569916408905,-1.4459849517537533,1.1042330542132224,-0.5506404810047485,1.5010447001288094,1.9125237584278012,0.1145161515234561,0.1616901984571426,-0.167816484416561,3.797719641322754,-0.5072844664203089,-0.6213753859149378,
0.3090264797210693,-0.5543927267097696,0.3552981673712099,0.508494302105498,-1.5363131860847508,-1.445533083355826,1.1046251024269411,-0.5404668644157068,1.4264013640177875,1.8432484223882777,0.0973435866269172,0.1685930257140455,-0.1711306965600436,3.797708197230957,-0.507296387349264,-0.6206510702716272,
0.3110675811767578,-0.5544003954380464,0.3552773410013812,0.5084813382689118,-1.536980405189292,-1.4451070622827054,1.105080064892449,-0.7320312914750514,1.411636561978185,2.084730350318837,0.1084397869249581,0.1716026201167612,-0.1574509647594732,3.7977358537861328,-0.507308308278219,-0.6199243704425257,
0.3131084442138672,-0.5544017410286526,0.355272532434229,0.5084846805615316,-1.5375517739221265,-1.4446899724775446,1.105480225094109,-0.7524706138232828,1.6028135073930945,1.9161649154911384,0.1004785501222608,0.1821690211239735,-0.1479626579116048,3.797712011928223,-0.5073002020465296,-0.6192439238177698,
0.3151471614837646,-0.5544053761016053,0.3552646952385349,0.5084997524281623,-1.5381308903192954,-1.4442551986903411,1.1059074378970326,-0.6558713353072035,1.4048287492649127,1.94461545012454,0.0965320007202713,0.1893922099787397,-0.140936698514054,3.797691984767578,-0.5072806517230433,-0.6185272375689905,
0.3171877861022949,-0.5544007066737262,0.3552865445250619,0.5084711312890303,-1.5388402070476668,-1.4437867914124172,1.1063486050687732,-0.5935023229046348,1.4382011761956173,1.9591936207307012,0.0979132370089963,0.1935301206132184,-0.1275927312935724,3.797719641322754,-0.5072844664203089,-0.6178138891803187,
0.3192341327667236,-0.5543965568648863,0.3552986026661572,0.5084722468303371,-1.5395113264524438,-1.443300295805704,1.106739754188074,-0.6741116354497958,1.3110813670087302,1.9627561517810144,0.0927610491588231,0.2001400435949176,-0.1252363193458231,3.797688646907471,-0.5073192755328577,-0.6170457045184534,
0.3212788105010986,-0.5543941118908959,0.3552804400033458,0.5084808898365109,-1.5400919240879205,-1.4428836924366657,1.1071874525704246,-0.699472059905007,1.116428983264084,2.166048234323011,0.0901613210820049,0.2003360678052032,-0.1178806928602344,3.797715826625488,-0.5072796980487269,-0.616370979939596,
0.3233208656311035,-0.5544054405168157,0.355282213107949,0.5084920802235151,-1.5407167249596163,-1.4424341891136352,1.1076138753399951,-0.8964045948898255,1.1271085958085372,2.2120242223871207,0.0887858177760721,0.2031960502307074,-0.1128759811107031,3.797701044673584,-0.5072882811175745,-0.6156185309039515,
0.3253681659698486,-0.5544029551925765,0.3552852670498423,0.5084949390595808,-1.5413628219619302,-1.4419714575922755,1.1080064842421138,-0.7220691957623558,1.2211945105813335,2.09600673040405,0.0818700639075196,0.2061014812151451,-0.1075422652971229,3.797684832210205,-0.5073154608355921,-0.614878002797262,
0.3274495601654053,-0.554396789404507,0.3552777081065292,0.5084840341494945,-1.542009576526321,-1.4415333592500268,1.108470005157255,-0.8164907127453088,0.9468717663928932,2.06083321824979,0.0741204012567631,0.210857371230543,-0.1066074635709527,3.797732039088867,-0.5072844664203089,-0.6141927878009241,
0.3294997215270996,-0.5543978994796539,0.355280286120627,0.5084792161869018,-1.5426245619087378,-1.441087140695822,1.1089023895734722,-0.8777173602406877,1.0150027241688255,2.3535348524144224,0.0844885201286027,0.2061988510523222,-0.1064271313947321,3.797708197230957,-0.5072687307940882,-0.6134794394122522,
0.3315794467926025,-0.5544012603262558,0.3552818431945064,0.5084781322287064,-1.5439158606665884,-1.4401904847118707,1.1097290863728455,-0.7636484690257779,1.0168063409558612,2.130677955766436,0.0815769576191253,0.2103671076172475,-0.0934658929149586,3.79772345602002,-0.5073002020465296,-0.612030331288473,
0.3336350917816162,-0.5544081733716552,0.3552626423125065,0.5084919079031538,-1.5445042319490292,-1.4397664189126491,1.110179356776023,-0.7221136613438347,1.0920218104875112,2.0900192693675743,0.0744145073721937,0.2120192031262824,-0.1019770203843205,3.797732039088867,-0.5072763601886194,-0.6113165060626429,
0.335681676864624,-0.554395497655168,0.3552799514218359,0.5084960613286273,-1.545116206819492,-1.439285992947917,1.1105694355649074,-0.7177539779819113,1.354449407843148,2.1100744781845644,0.0789451003789672,0.2144179181748361,-0.0968298720254444,3.797684832210205,-0.5072687307940882,-0.6105950514422815,
0.3377282619476318,-0.5543980708857932,0.3552858067136578,0.5084633734212127,-1.5458208595731169,-1.438846965723482,1.1110131109081798,-0.8998726360435328,1.3978545183419715,2.009430937245672,0.0687747620994974,0.2116178360960402,-0.1090704450986684,3.797732039088867,-0.5072844664203089,-0.6098974386798304,
0.3397748470306396,-0.5543961852414069,0.3552875679673037,0.5084912924109661,-1.5464183112766374,-1.438383572337379,1.1113894191525784,-0.7244199422434461,1.1506363016147565,2.1906956744585893,0.0773739308433745,0.2081527195355275,-0.1079178570399,3.797708197230957,-0.507303539906637,-0.6091530958758753,
0.3418195247650146,-0.5543947374182484,0.3552795117240138,0.5084750978847139,-1.54710982093271,-1.4379213600365588,1.111870476626276,-0.6866836213163985,1.3263981419535578,1.9180109050612504,0.0758303923821911,0.2125901979736091,-0.1149068226247367,3.797743006343506,-0.5072882811175745,-0.6084168593036097,
0.3438606262207031,-0.5544057297311994,0.3552764793095918,0.5084962589826748,-1.5476573117128136,-1.437501730274622,1.112266552525792,-0.542326297222855,1.3221438935118277,1.919040083678172,0.0966414936025302,0.2092258103251327,-0.1114503581882092,3.797708197230957,-0.5072844664203089,-0.607711140309469,
0.3459041118621826,-0.5544078441812075,0.3552560168753509,0.5084979632661772,-1.5483350142439296,-1.4370394551158896,1.112731305964983,-0.5620202634811176,1.6065506069096784,1.9935192827428487,0.0848450515383496,0.2107260691908329,-0.1242821230535588,3.7977358537861328,-0.5072882811175745,-0.6069462935077112,
0.3479666709899902,-0.5544057024135309,0.3552622164817425,0.5084980431326945,-1.5489772829949218,-1.436571095240462,1.113148623763836,-0.752364493821333,1.701179693814612,2.0372743375843703,0.0874418003292584,0.2020634568120985,-0.1267828450497429,3.797719641322754,-0.5072925726519983,-0.606208626423971,
0.3500077724456787,-0.5544049139553101,0.3552736980941521,0.5084814289615167,-1.5496680063682715,-1.4360762924178028,1.1136347440334289,-0.68064779271673,1.788206161790446,2.066004775322977,0.0834888061972056,0.2011275076657346,-0.1440029571963698,3.7977043825336914,-0.5072653929339808,-0.6054404417621058,
0.3520486354827881,-0.5544035709758489,0.3552665839819858,0.5084826917890808,-1.5502615451230743,-1.4356584159662762,1.1140297671680366,-0.6476469731181294,2.1318636021690613,1.940053475971701,0.0958561588283123,0.2030553131038517,-0.146444065753395,3.797715826625488,-0.5072687307940882,-0.604769531880514,
0.3540887832641601,-0.5543931178227403,0.3552815733294457,0.5085067029878539,-1.5508357362794452,-1.435201625878276,1.1143610871543377,-0.7573444995749948,2.06244698562615,1.955626779618773,0.0982960861104226,0.194444361607949,-0.158536042863516,3.797688646907471,-0.5072925726519983,-0.6040728727923792,
0.3561298847198486,-0.554396713597086,0.3552764883887782,0.508483298283247,-1.551540911963141,-1.434756567666674,1.1148063074622678,-0.5454748247302608,1.618217399754203,2.0016260915007,0.1098333238950943,0.1875619161976155,-0.1668937878745323,3.7977358537861328,-0.5073154608355921,-0.6033518950091761,
0.358170747756958,-0.5543989737565813,0.3552806006897004,0.5084942827686127,-1.5521519943636577,-1.434294129971377,1.1152428485373351,-0.6631836109872312,2.020336752240353,1.9162342613760208,0.1147758391248575,0.1898786943166038,-0.1694532192169603,3.797719641322754,-0.507296387349264,-0.6026151815997522,
0.3602116107940674,-0.5543889247491072,0.3552947574180575,0.5084764966567316,-1.5528547413506268,-1.43381515365111,1.115662019296698,-0.5088314504614617,2.25907613130042,1.8726212139259024,0.1041139816744261,0.1860166611606006,-0.1819581548261482,3.797750635738037,-0.5073121229754847,-0.6018946806537073,
0.3622541427612304,-0.5544012234546244,0.3552778453566491,0.508503322225987,-1.5533872671701543,-1.4333914174906286,1.116087478441509,-0.5125961372211603,1.9961848259769277,2.282150707335292,0.133347547817233,0.1737700486856569,-0.1868351330512133,3.797701044673584,-0.5072882811175745,-0.6011689344989222,
0.3643348217010498,-0.5544019893482602,0.355284485233708,0.5084595050618341,-1.5541687125173116,-1.432904849092704,1.1165379636183477,-0.5612708690229699,2.059083079081883,1.8224845250789143,0.1298602845965942,0.1827350346787778,-0.207870009111157,3.797726793880127,-0.5073354879962366,-0.6004002729998987,
0.3663797378540039,-0.5543990609866736,0.3552756608027458,0.5084727198486999,-1.554808675537929,-1.432419272849266,1.1170196005402775,-0.3354035669704122,2.1556474238399503,1.8210039200941108,0.1296131516188363,0.1755446748863085,-0.2043731476156115,3.797726793880127,-0.507296387349264,-0.5996316115008753,
0.3684208393096924,-0.5543937273381876,0.3552835991867526,0.5084880888056109,-1.55540909256093,-1.431968839214795,1.117373634562702,-0.5302793397898145,2.1189803758373604,1.691323953912128,0.1231861033429767,0.1728283062392678,-0.2187249679498186,3.797719641322754,-0.507324520741598,-0.5989292303668421,
0.3704760074615478,-0.5544053801310503,0.3552794874060834,0.5084780802415656,-1.5560169593925743,-1.4315344350109482,1.117838099475832,-0.3249118405174826,2.2592941666704784,1.6897696864430845,0.1362422807594788,0.1734388229320934,-0.2174213380182402,3.797691984767578,-0.507296387349264,-0.5982115904437464,
0.3725168704986572,-0.554399643463013,0.3552795882674711,0.5084776391030993,-1.5567203773293907,-1.431045691449665,1.1182659064476288,-0.3009298546023807,2.266555810515067,1.6394526819472122,0.1398767646229894,0.168592514889131,-0.2294360007427927,3.79772345602002,-0.5073207060443323,-0.597447697316305,
0.3745577335357666,-0.5544011510368003,0.3552711600232995,0.5085010830138526,-1.5573177572351644,-1.4305793437322396,1.1187047838906792,-0.3833563261024556,2.222419212894458,1.6977050391046262,0.1373062141257515,0.1606763727944625,-0.2284834933520423,3.7977043825336914,-0.5073002020465296,-0.5966938177691858,
0.376598596572876,-0.554401150025478,0.3552649202090776,0.5085075848078112,-1.5579919126978254,-1.4300898195949874,1.1191850487858035,-0.504311110754937,2.0938949670755687,1.7982739352594073,0.1549588376970523,0.1617234834618027,-0.2271633514241134,3.797719641322754,-0.5072806517230433,-0.5959146658526819,
0.3786385059356689,-0.5543834240913252,0.3553063554504624,0.5084841806591461,-1.5587218410190555,-1.4295732523737037,1.119560589520156,-0.3393448453954326,2.273102295616932,1.4776813030507587,0.1387670911215739,0.1661077358023414,-0.2455436905400926,3.79772345602002,-0.5073207060443323,-0.5951808134662073,
0.3807406425476074,-0.5543981680229209,0.3552785197745989,0.5084940824740933,-1.559321455568423,-1.4291544010010542,1.1199971570661382,-0.4168905298083994,1.891722315278193,1.7678968864298512,0.152906578058527,0.1616461602305714,-0.2386187866663603,3.797719641322754,-0.5073278586017054,-0.5944479147540491,
0.3827977180480957,-0.5544014286753272,0.3552709464341667,0.5084830125285271,-1.5599551491094223,-1.4287054494507698,1.1204313143479598,-0.4530250269840783,2.645375378217905,1.776408872543638,0.1409856218727961,0.1583966323132503,-0.2507167816987161,3.797695799464844,-0.5073278586017054,-0.5937212149249476,
0.3848681449890136,-0.5543988767048299,0.3552699897652064,0.5084713423375229,-1.5606234143986797,-1.4282265154462552,1.12091313824248,-0.3514246333017625,2.479367334318901,1.758893835841966,0.1477942837982095,0.1620084910981,-0.2408334225297282,3.797699614162109,-0.507296387349264,-0.5929768721209925,
0.3869030475616455,-0.5543959889832032,0.3552795272853781,0.5084942325698799,-1.561275992969534,-1.427733661918621,1.1213206312704826,-0.3888469003163649,2.2665452284907945,1.6951598394144305,0.1464096066091346,0.1648435394543434,-0.2475934445312277,3.797712011928223,-0.5073121229754847,-0.5922086874591272,
0.3889524936676025,-0.554391923799455,0.3552852289286664,0.5084913542846768,-1.5618742142604507,-1.4272990439403253,1.1217097131270508,-0.5437095074150742,2.325066725648385,1.8261160368305047,0.1536343978137923,0.1613711560066608,-0.2428981534053556,3.797712011928223,-0.5073121229754847,-0.5915382544146937,
0.3910002708435058,-0.554396199878365,0.355266445963327,0.5084985496175989,-1.5624839484690605,-1.426843459787005,1.1221506435260715,-0.591942630635635,2.8062846115997764,1.7598782321670254,0.154734325875965,0.1685263162312188,-0.2361124386415428,3.797676725978516,-0.5073044935809534,-0.5907853285418909,
0.3930537700653076,-0.5543962348959534,0.3552903925750456,0.5084984243304532,-1.56316049321855,-1.4263559126602114,1.1225751725669324,-0.5241604496258819,2.296774960880137,1.6523321958256756,0.1600547013933067,0.1765705714636761,-0.2538081324074971,3.797695799464844,-0.5073121229754847,-0.5900409857379358,
0.3951127529144287,-0.5544007472887781,0.3552743033457892,0.5084784155031941,-1.5638327554381168,-1.42591348497492,1.1230577564496562,-0.7805224213872476,2.439737033609241,1.7372340299500848,0.1441466035235811,0.1785107061769518,-0.2560379698883441,3.797732039088867,-0.507296387349264,-0.5893233458148401,
0.3971538543701172,-0.5544085382817108,0.355241634544276,0.5084938844154803,-1.5643577084402345,-1.425522830183628,1.1234571741732218,-0.6975628970056484,2.399544330651201,2.1516136422982672,0.1494700735549114,0.1775532876707425,-0.2509946553648399,3.797708197230957,-0.5072892347918909,-0.5886495749102991,
0.3991949558258056,-0.554392668263554,0.3552849524083069,0.5084787789459274,-1.5651275070983504,-1.4249813118291252,1.1238515492254648,-0.7799331094099009,2.650666646473193,2.0268714269713763,0.1553356543856972,0.1858628474993512,-0.2517964023316002,3.797743006343506,-0.5073359648333948,-0.5878775755511683,
0.4012346267700195,-0.554404981195164,0.3552811781216289,0.5084772878165307,-1.5656971596629805,-1.4245488086240468,1.1242984983611752,-0.6949674540851616,2.221931603941531,1.9216959886148368,0.1516992726358793,0.1931692299979827,-0.2509147442660078,3.797688646907471,-0.5073044935809534,-0.5871637503253382,
0.4032747745513916,-0.5543804675572431,0.3552927694808314,0.5084988170587579,-1.5663389396181469,-1.424047901635793,1.1246679109771502,-0.9224312434463102,2.4785038099463974,1.887812682293974,0.1486091883730617,0.1943464712387527,-0.2433906406201246,3.797715826625488,-0.5073154608355921,-0.5864432493792933,
0.4053165912628174,-0.5543987577327784,0.3552758937076834,0.5084949641424761,-1.56699162467633,-1.423606387862036,1.1251437485169515,-1.046754627715011,2.339426205661582,2.008072210763924,0.1564803153166786,0.2042912282906526,-0.2470355512766574,3.797726793880127,-0.5073154608355921,-0.5856865088092249,
0.4073593616485595,-0.554395352459211,0.3552743344583674,0.5084954589793208,-1.567617047632219,-1.4231242611871318,1.1255998225364958,-1.0342518505295033,2.4316281237231383,1.9526273469202855,0.1423352087741326,0.2087489426674962,-0.2483370370115896,3.797691984767578,-0.5072844664203089,-0.5849373976336878,
0.4093997478485107,-0.5543999571897865,0.3552698206896566,0.5084837998694918,-1.5682468272827768,-1.4226921097456906,1.126003734550288,-1.0499255475560203,2.194924850291037,2.299953952601028,0.1444698566259454,0.210870828216232,-0.2410332055808015,3.797691984767578,-0.5073044935809534,-0.5842397848712366,
0.411470890045166,-0.5543847785014936,0.3552817874912522,0.5084895793027293,-1.568914260474452,-1.4221926448473716,1.1264031677036592,-1.296284500546811,2.4387989977203146,2.297702913424384,0.1503596249997367,0.2156995439020678,-0.2393068472626739,3.797708197230957,-0.5073154608355921,-0.5835025946246546,
0.4135158061981201,-0.5544053718758309,0.3552638959229171,0.5084980210565216,-1.5695274536478374,-1.4217593665437562,1.1268789030736914,-1.2057641957010852,2.3181687700754545,2.237130542651187,0.1375620812098228,0.2288283079841891,-0.2383163205593357,3.797712011928223,-0.5073002020465296,-0.5827534834491175,
0.4155716896057129,-0.5544036063514901,0.355280697252232,0.5084822672440215,-1.570778799067917,-1.4208552835190087,1.127703496769114,-1.3308530946157373,2.3144082919039555,2.3768542247045508,0.1562049839510972,0.2467623206401291,-0.2315084158487071,3.797708197230957,-0.507296387349264,-0.5813592115985315,
0.417614221572876,-0.5544018705468765,0.3552766288305339,0.5084761221968481,-1.5714258571381108,-1.4203925860427666,1.1281153961959356,-1.3962363327270542,2.5468256644905782,2.432626271321066,0.1394225684944164,0.2522537346388168,-0.230047170739069,3.797701044673584,-0.5073121229754847,-0.5806306044207972,
0.4196796417236328,-0.5544026066529739,0.3552720742217625,0.5084840890641906,-1.5720335678459727,-1.4199466879198872,1.12855075517007,-1.4190729326544518,2.342467247178297,2.4454250293539777,0.1330423086182706,0.260707033193391,-0.2201237758084288,3.79772345602002,-0.5072925726519983,-0.579928223286764,
0.4217309951782226,-0.5544038033929527,0.3552771911913442,0.5084891336418201,-1.572698003140902,-1.4194526207585318,1.1289850099937953,-1.4919841863555947,2.740778992185023,2.549741066479876,0.1448322903890632,0.27101599682187,-0.2271907564046768,3.797712011928223,-0.5073002020465296,-0.5791528860675257,
0.4237995147705078,-0.5544091277290166,0.355270455028936,0.5084667798015362,-1.5733576839163048,-1.419001051774465,1.1294258971192517,-1.4195049973435916,2.576977543018814,2.608592233541038,0.1294252874547374,0.2714811937715248,-0.2357979353918332,3.797699614162109,-0.507308308278219,-0.5784266630755823,
0.4258475303649902,-0.5543967711205454,0.3552814580146454,0.5084939275025323,-1.573952381928811,-1.4185271151939138,1.1298141850547925,-1.5025459239266743,2.372313884378885,2.636245959763052,0.1326393489969144,0.2838906128625977,-0.2317982165580898,3.79772345602002,-0.507296387349264,-0.5777252356158655,
0.4278955459594726,-0.5544051262189311,0.3552633538702283,0.508514665881518,-1.5744630615988393,-1.4181205425447498,1.1302033415937798,-1.4989710647733916,2.567988868027129,2.970165777974603,0.1446710423139059,0.2752606481709277,-0.2346584234496949,3.797676725978516,-0.5072844664203089,-0.5770433584796351,
0.4299440383911133,-0.5543928205876931,0.3552789784560498,0.5084987760674226,-1.5752441991842034,-1.4175844602856569,1.1306675652094855,-1.4863144995323874,2.385998008744414,2.622431644690564,0.1500506088617245,0.2882653353086094,-0.2330218491636941,3.797743006343506,-0.5073002020465296,-0.5762565771685999,
0.4319934844970703,-0.5543926259455414,0.3552822818120448,0.5084814192380842,-1.5759008175939422,-1.4171000177966144,1.1311522597701489,-1.4232743028180006,2.6442862090265837,2.6461067788645822,0.1397784224165031,0.2900617552406296,-0.2375739002211356,3.797719641322754,-0.5072615782367151,-0.5755112806903284,
0.4340689182281494,-0.5544028666805642,0.3552803016848967,0.508472638893159,-1.5765161757113455,-1.4166832405059,1.131529735856995,-1.3350019763558083,2.657750001799118,2.775044800201589,0.1375175856678183,0.2977584326669246,-0.2481173504167421,3.79772345602002,-0.5073002020465296,-0.5748274962054651,
0.4361147880554199,-0.5543952234195149,0.3552881584535839,0.508491098392469,-1.5771654557965589,-1.4161751590907563,1.1319346644819217,-1.6433184311538884,2.81037594271478,2.827923804768392,0.1571066865413312,0.2978144941624043,-0.2434428850177661,3.797712011928223,-0.5073121229754847,-0.5740540663348597,
0.438159704208374,-0.5543950346698502,0.3552752767302384,0.5085050172554934,-1.5777586943165038,-1.4157101544835675,1.132392881988412,-1.4027624495970925,2.631239227297496,2.844219140258555,0.144556139587841,0.2966061156790536,-0.2659570075826693,3.797695799464844,-0.5072734991656702,-0.5733173529254358,
0.4402048587799072,-0.5544081570912509,0.3552605509002052,0.5085134232944384,-1.5783286294595749,-1.4153036425792236,1.1327920197364665,-1.5715607186863525,2.826270093111894,3.203367493235257,0.1454637385200007,0.2950350739490341,-0.2500881626049734,3.797695799464844,-0.5072844664203089,-0.5726311842547815,
0.4422500133514404,-0.5544028705511608,0.355281551445804,0.5084964155665616,-1.5789917018373774,-1.4148229485431696,1.1332047652368231,-1.2175767434794655,2.9521337140983714,2.8256751260710704,0.1571570111777651,0.3021271135416921,-0.2639705315024917,3.797691984767578,-0.5072882811175745,-0.5719187895404261,
0.4442934989929199,-0.5544047939944337,0.3552794475057553,0.5084823192313372,-1.579686888837732,-1.414345246757706,1.1336544644512527,-1.4622824055418409,2.909243598524759,2.776433390510334,0.1723014536689205,0.3045922945493023,-0.2611940534382257,3.79771534978833,-0.5073002020465296,-0.5711692015277308,
0.446333646774292,-0.5543921537840311,0.3552869429735523,0.5084963995305503,-1.5802671333806286,-1.4138776277317102,1.1340641619544856,-1.6104076289919216,2.720332923041105,2.9056908150546703,0.1541109296814901,0.2962037228901302,-0.2817751624183478,3.79771534978833,-0.5072653929339808,-0.5704825560199183,
0.4483954906463623,-0.5543974349664251,0.3552867328183735,0.5084916777680218,-1.580918653935958,-1.4134186029783655,1.1344326683888917,-1.645873648042556,2.8245533688871904,3.1118163485585826,0.1815283762667196,0.296427273785638,-0.2746393546961042,3.797695799464844,-0.507324520741598,-0.5697429815875452,
0.4504954814910888,-0.554393396999435,0.3552963573817655,0.5084672492995174,-1.581640606041138,-1.4128988121677328,1.1349294819634712,-1.50120916231836,2.8805876099897803,3.0527576699764705,0.1781347819375613,0.2985365428619748,-0.2974235955708926,3.797691984767578,-0.5073002020465296,-0.5689623991595667,
0.4525425434112549,-0.5543895111504915,0.3552921029188788,0.5084770917830091,-1.5822447065795755,-1.412442740330668,1.1353313581577602,-1.3844228452478842,2.4939080352301777,2.8289309992431395,0.1714041954561305,0.3017542684516606,-0.2952976490488657,3.797695799464844,-0.5073002020465296,-0.5682557264911097,
0.4546103477478027,-0.5544034617709308,0.3552700549829405,0.5084893800933773,-1.582837153686674,-1.4120007302256332,1.1357928412345075,-1.5769821447339163,2.776212843088661,3.138193987637972,0.1797159744159899,0.3010746462855321,-0.299534630813135,3.797680063838623,-0.5072806517230433,-0.56750995317568,
0.4566547870635986,-0.5543997160204868,0.3552717026750697,0.508495120635621,-1.5834740826905038,-1.4115343005409855,1.1361712899660563,-1.472712549244113,2.9117301901367343,2.8202066287638683,0.1807677860992485,0.3022169916249322,-0.313985316941589,3.797688646907471,-0.5073121229754847,-0.5667894522296351,
0.4586994647979736,-0.5543977054821653,0.355284932129359,0.5084894327888726,-1.5841871602250155,-1.4110254131362303,1.1366033146948582,-1.4387946388905135,3.028417144267863,2.986029343634857,0.1877815405093832,0.3028590372000792,-0.3077090735108106,3.797712011928223,-0.5073350111590784,-0.5660164991961878,
0.4607446193695068,-0.5543978144496857,0.355291564743449,0.5084737329331875,-1.5848385303862351,-1.4105486746027347,1.1370510186679128,-1.4341147805748835,2.9586515109196005,2.8848654261951783,0.1761941667198005,0.2921973797198772,-0.3248915202366161,3.797695799464844,-0.5073207060443323,-0.565286938344137,
0.4627895355224609,-0.5543923105390736,0.355293469803321,0.5084686806330835,-1.5855145202435368,-1.4100507400476248,1.1375363530250806,-1.5249669820404033,2.887429050892765,2.8406415115765102,0.2034305078707359,0.3000979391933805,-0.3140888225099381,3.79772345602002,-0.5072844664203089,-0.5645387808429163,
0.4648337364196777,-0.5544115132208145,0.3552618954352163,0.508475294440897,-1.5861161117948652,-1.4096191092808603,1.1379548478320554,-1.3691888666323702,3.020427487552422,2.918091161536925,0.1878883974592052,0.2898556490869683,-0.3260935834285529,3.797680063838623,-0.5073154608355921,-0.5637777487384241,
0.4668745994567871,-0.5544003381250483,0.355280763995234,0.5084996640434603,-1.5867633803056005,-1.409103849522169,1.1383741040012658,-1.4283006280076291,3.055630414804764,3.030829837081627,0.19677888014369,0.2920738630574817,-0.3239676176344953,3.797708197230957,-0.507303539906637,-0.5630252997027796,
0.4689157009124756,-0.5543947410544247,0.3552818830151133,0.50849606420705,-1.5874405638022795,-1.408605936787031,1.1388050332905095,-1.4694834934445833,3.4376334823332133,3.1079244844991694,0.1899122978331886,0.2858406111496294,-0.3386943862872733,3.797712011928223,-0.5073121229754847,-0.5622676054583948,
0.470956802368164,-0.5543998551390195,0.3552698736120407,0.5085036506888115,-1.5880247611663914,-1.4081617851988422,1.139243329711667,-1.3956663025904372,3.2971476921024583,2.9712684762078903,0.192820815642605,0.2845809083858407,-0.338303073277736,3.797699614162109,-0.5072892347918909,-0.5615552107440394,
0.4729979038238525,-0.5543956312846104,0.3552911426421994,0.5084816042710846,-1.5887378359770985,-1.4076382971791146,1.1397018873323888,-1.2922051021164302,3.1659390311921545,2.749664570566404,0.1982384759879106,0.2913425521601976,-0.3434977348425963,3.7976838785358886,-0.5072844664203089,-0.5607813040362757,
0.4750387668609619,-0.5543953979620672,0.3552917940850282,0.5085014973172024,-1.5892921396809518,-1.407215222207571,1.140043601499645,-1.081407098816778,3.285261323275352,2.6609873873869554,0.1950692936231102,0.2863866587949174,-0.3407864489990271,3.797691984767578,-0.507308308278219,-0.560119930897848,
0.4770810604095459,-0.5544097454577943,0.355267829355794,0.5084918197483895,-1.5899024628295062,-1.4067946075354814,1.140484327910586,-1.3045419291341227,3.2310952569900078,2.743768749210466,0.1921773467952605,0.2835834534249478,-0.3384242405133873,3.797684832210205,-0.5073121229754847,-0.5594089666949671,
0.4791264533996582,-0.5543848511481659,0.355299187883288,0.508473234592567,-1.5906476011203008,-1.406239184820309,1.1409256665649592,-1.189292477033987,3.28865308010158,2.9919797864073465,0.2056739967008988,0.2775532796039808,-0.3406984505325804,3.79771534978833,-0.5073044935809534,-0.5586517492877405,
0.4811666011810303,-0.5544001516616337,0.3552826505282558,0.5084795737189207,-1.5912556300988143,-1.4058012097537242,1.14132073437856,-0.8818030190538665,3.250091487030632,2.58747107052585,0.187741710891993,0.2825298528895189,-0.3496627202726274,3.797688646907471,-0.5073431173907679,-0.5579093138324183,
0.4832091331481933,-0.5543997506896129,0.3552904378613444,0.5085038561242571,-1.5918432499698187,-1.4053299168177025,1.1417609413924272,-0.9872725008981388,3.251303865391145,2.42184859486369,0.1866587619022043,0.2869820646032844,-0.3356489725878546,3.797708197230957,-0.507303539906637,-0.5571935812579554,
0.4852697849273681,-0.5543910460808353,0.3552898035672832,0.5084801647717042,-1.5924978553073184,-1.4048536064257306,1.142191272378986,-1.2422064617753272,3.223351154754368,2.713884664432092,0.2008793230877854,0.2735003153948532,-0.3449401686832479,3.797691984767578,-0.507296387349264,-0.5564830938922327,
0.4873514175415039,-0.5543988124828984,0.3552899010476614,0.5084705238376834,-1.5931571036732617,-1.4043957274972367,1.1426249037608642,-1.188464637068178,3.0577397532897623,2.564293101723535,0.1853651832750118,0.2751329230159813,-0.3432048745123128,3.79771534978833,-0.507308308278219,-0.5557592550860804,
0.4893875122070312,-0.5543971854922096,0.3552811005298948,0.508486717321759,-1.5937529624269526,-1.4039222481513152,1.143051046103014,-1.2217071037914868,2.9527832694625102,2.6454823544548303,0.1911972391333604,0.2727181339781903,-0.3361717522119471,3.797695799464844,-0.5072925726519983,-0.5550206343280237,
0.4914393424987793,-0.5544021873375901,0.3552824957040742,0.5084794187931918,-1.5944208246602405,-1.4034418502945942,1.1434778746078764,-1.24588375481579,3.264955527709549,2.614806331321001,0.1961729970713785,0.2725611888668484,-0.3424357339170782,3.797691984767578,-0.5073121229754847,-0.5542667547809046,
0.4934916496276855,-0.5543957234557195,0.3552792268535853,0.5084860444575396,-1.5950428488743098,-1.402970660199856,1.1439246993699117,-1.3464090193208915,3.3492383593731563,2.5182095191978298,0.1864516049348276,0.2698765067141074,-0.3248391084013591,3.79772345602002,-0.5072806517230433,-0.5535591284381312,
0.495546817779541,-0.5544003266774569,0.3552719888342464,0.5085043346576912,-1.5962697130601002,-1.4020317037831038,1.1447467384756616,-1.229168678243323,3.126166134417943,2.3802167429699166,0.1816209412505829,0.2736835850246333,-0.3298234906931341,3.797691984767578,-0.5072925726519983,-0.5520847479449671,
0.4976148605346679,-0.5543984757800117,0.3552841390626069,0.5084643648547883,-1.597013551587739,-1.4015334879277488,1.145222079209392,-1.4264516828812388,3.226878313419738,2.489723107831825,0.1685777290924147,0.27666976935922,-0.3286752312771281,3.797730608577393,-0.5072925726519983,-0.5513470808612269,
0.4996557235717773,-0.5543963565969662,0.3552782902422136,0.5084814752898826,-1.597523475738863,-1.4011120178316177,1.1455936943625522,-1.2396883675158177,3.27364322115784,2.185109226059304,0.1574494246449161,0.2829141417700845,-0.3225290407866523,3.797695799464844,-0.5072734991656702,-0.5506938139544886,
0.5016968250274658,-0.5543941250938287,0.3552792342944799,0.5084825585049999,-1.5981410757429426,-1.40065765263569,1.1459574874812306,-1.4704986316895543,3.169879411728411,2.4094980071325343,0.1796927571169071,0.2791183070517533,-0.3177979315678565,3.797695799464844,-0.507308308278219,-0.549995247517721,
0.5037448406219482,-0.5544046977258545,0.3552783244884204,0.5085007125264694,-1.5987367787451523,-1.40018523630405,1.1464315093790844,-1.33283314039008,3.0328361203719645,2.498393907230661,0.1774745983161594,0.2739129171935283,-0.3113409236509714,3.797688646907471,-0.5072653929339808,-0.5492447058307093,
0.5057895183563232,-0.5544012861533909,0.3552793395072095,0.5084853860961656,-1.5994249157711016,-1.3997184434509669,1.1468035057882642,-1.399326069243812,3.100067600923977,2.603575522121783,0.1614833571627768,0.2788407261368859,-0.3018087566310766,3.79772345602002,-0.507324520741598,-0.5485332647906702,
0.5078296661376953,-0.5544018650762553,0.3552727760247262,0.5084866798339527,-1.6000250902741704,-1.399252906014062,1.1472431150398466,-1.5169537280775511,3.033640937434616,2.6115789689718016,0.1667095868387152,0.2811628678665793,-0.306812391463058,3.797699614162109,-0.5073002020465296,-0.5478113333331507,
0.5098698139190674,-0.5544021025433207,0.3552701202976935,0.5084958065627184,-1.6006580496272456,-1.398768926683856,1.1477221028646574,-1.4650264782768674,2.9806072331178397,2.44412385202437,0.1691675860300059,0.2912053914711604,-0.312980279042864,3.797726793880127,-0.5072577635394495,-0.5470722357379358,
0.5119118690490723,-0.5543957441234045,0.3552892187790506,0.5084998430831191,-1.6012903372931893,-1.3982951847364296,1.1480325268618274,-1.483572981522675,2.7974781456099933,2.463148376735353,0.1596064332861407,0.2889698275314438,-0.3031547684748726,3.797719641322754,-0.5073278586017054,-0.5463679472552698,
0.5139567852020264,-0.5544021409578749,0.35527853925296,0.5085046580377715,-1.6018574125433234,-1.3978539337137328,1.1484671636024384,-1.4827734366918932,2.907759315274092,2.5485900944656974,0.1628684605852318,0.2938606100886604,-0.2983280581595584,3.797691984767578,-0.5073002020465296,-0.5456650892840784,
0.5159976482391357,-0.5544092434537394,0.3552737098352971,0.5085006063907445,-1.6024997347089829,-1.3973728612995473,1.148954828699469,-1.447046704083614,2.734911615792249,2.6645864110049606,0.1710726494355121,0.2887888609484481,-0.2887434511094897,3.797687693233154,-0.5072653929339808,-0.5449112097369593,
0.5180377960205078,-0.554401988323496,0.3552742073124021,0.5084817504247606,-1.6032110996018825,-1.396883087837762,1.1493625469843696,-1.3530009720317868,2.863200429430194,2.6318728830586964,0.1583888498198714,0.2965766925963897,-0.2882891899114104,3.797726793880127,-0.507303539906637,-0.5441802183734339,
0.5200786590576172,-0.5543963669087104,0.3552806278372837,0.5084968781526676,-1.603785497677918,-1.3964110816757993,1.1497666931464865,-1.3574099505726012,2.8735644951313013,2.623031085867173,0.157612404394051,0.2952083150984059,-0.2784739890996343,3.797708197230957,-0.5072806517230433,-0.5434764067279261,
0.5221202373504639,-0.5543998609787556,0.3552682115226052,0.5084887042973086,-1.604460176117985,-1.3959190991457788,1.150206052847981,-1.5040825767538837,2.8745678873612293,2.7039652220554573,0.1599930172156698,0.2984147276810462,-0.2857581073499881,3.797688646907471,-0.5073002020465296,-0.5426982084857386,
0.5241670608520508,-0.5544048466573883,0.3552746378188152,0.5084716329196796,-1.6051111723302858,-1.3954506671191895,1.1506797985494257,-1.4779145607439084,2.9847187201207364,2.593220994177379,0.1540851014462016,0.2984359291250246,-0.2800201739530066,3.797708197230957,-0.5072687307940882,-0.5419867674456995,
0.5262143611907959,-0.5544016602225221,0.3552746695612297,0.508480099959288,-1.6057059355166474,-1.3949815955013434,1.1510469521484776,-1.4100358203738617,2.362752493585009,2.7015399379351592,0.1568368383938839,0.2985137690876293,-0.2836162097320238,3.79767291128125,-0.5072916189776819,-0.5412681738482874,
0.5282599925994873,-0.5543943641652546,0.355279838079146,0.5084966749676028,-1.6063352916565143,-1.394507556860664,1.1514298727477723,-1.3427572372851069,2.393558848452327,2.782120515523739,0.1618263940726612,0.2944615015815179,-0.2809444422904962,3.79772345602002,-0.507308308278219,-0.5405648390399378,
0.5303037166595459,-0.5544009486479173,0.3552741608802214,0.5085151265988117,-1.6069094120456215,-1.3940358961505468,1.151914213048711,-1.3134821331239626,2.3746363040065086,2.700604912064157,0.1651544328248884,0.2958768258796567,-0.2752507603090753,3.797708197230957,-0.5072444120990198,-0.5398266951190394,
0.5323612689971924,-0.554398682433358,0.3552781251703058,0.5084975814236248,-1.6075721517511692,-1.3935685578927648,1.1523097538955027,-1.3119335918386157,2.522367885992733,2.572702578157838,0.1632306281317498,0.2950171239336251,-0.2705379634320751,3.79772345602002,-0.5072725454913538,-0.5391233603106897,
0.5344130992889404,-0.5543988515344613,0.3552749186387633,0.5085034938428217,-1.6081881344504383,-1.393095104358432,1.1526765415961424,-1.2928058735120544,2.145614142403573,2.665423099501387,0.1742327391313293,0.2936242290814261,-0.2758690882386597,3.797688646907471,-0.5073121229754847,-0.5383856932269495,
0.5364658832550049,-0.5544005320155136,0.3552822551553988,0.5084730058898442,-1.608882920267462,-1.392596091056795,1.1531825393947686,-1.385192993653534,2.1914508795001475,2.9700966694745934,0.1710356467164663,0.2901728985100416,-0.2785073887414048,3.797695799464844,-0.5072725454913538,-0.5376418272601526,
0.53855299949646,-0.5543972868967986,0.355278778306258,0.5084825553649056,-1.609507221254089,-1.392123018254366,1.153581843869582,-1.1792959588209162,2.3926970424022103,2.441515907350281,0.1615474897030014,0.2953939778006239,-0.2785720471591357,3.797712011928223,-0.5072844664203089,-0.5369218031512659,
0.5406441688537598,-0.5544006811073399,0.3552741839328198,0.5084995863603357,-1.610125056851906,-1.3916370043977015,1.1540115121836363,-1.3102281854577875,2.224420197520399,2.684460451507969,0.1673366152071463,0.2933357739370206,-0.2875444786554262,3.7977043825336914,-0.5072806517230433,-0.536163632069723,
0.5426950454711914,-0.554405228771539,0.3552743162822124,0.5084865038593956,-1.6107668639745052,-1.3911525439425971,1.1544666596714015,-1.420955053276008,2.388135171279018,2.71747453507254,0.1653858337280545,0.2830397822358368,-0.2947484028296607,3.79767291128125,-0.5072653929339808,-0.5354169050799769,
0.5447430610656738,-0.5544008784508281,0.3552728641752858,0.5084766250385732,-1.6114678703953649,-1.3906573390609926,1.154870434612784,-1.4958596845187648,2.5173424701991016,2.6130954257874017,0.1823227109830548,0.2891827984831482,-0.2850767700548499,3.7977043825336914,-0.5073073546039026,-0.5346701780902308,
0.54679274559021,-0.5543975798411062,0.35528067611645,0.5085014537258401,-1.6120140104080856,-1.3901858779010563,1.1552764359791936,-1.4560151386929845,2.388990014216925,2.602851795857445,0.1725838954209102,0.2781889010162815,-0.2991641805799682,3.797676725978516,-0.5072725454913538,-0.5339658896075647,
0.5488412380218506,-0.5543962946181122,0.3552730348260187,0.5085036824285202,-1.6126897299612202,-1.389696454492466,1.155725810816541,-1.5131908026651542,2.3606918175333065,2.6977270319757243,0.1880136082070118,0.2829285002478319,-0.2911910240648412,3.797726793880127,-0.5072734991656702,-0.5332201162921351,
0.5508921146392822,-0.5543980165471303,0.3552878707353532,0.5084884325740977,-1.6134019480084023,-1.3891698197359112,1.1561862368981557,-1.451453286362284,2.557080285305916,2.4841287998245267,0.1755399137114365,0.2785295305391839,-0.3106389713486547,3.79772345602002,-0.5072773138629358,-0.5324333349810999,
0.5529384613037109,-0.5543955850554267,0.3552737691710697,0.5084718063572135,-1.6140890657861031,-1.388676017474773,1.156642632995908,-1.4820403415903949,2.818413040379013,2.596181882161872,0.1807999744695443,0.2817839446480357,-0.3036788969990551,3.797730608577393,-0.5072806517230433,-0.531677548085348,
0.5549838542938232,-0.5544003564522124,0.3552732049738885,0.5085062674942189,-1.6146678940991093,-1.388202666624992,1.1570045599565146,-1.609361353706087,2.6901835633851245,2.786336446594567,0.1857535885579268,0.2744596792631041,-0.3280318367745328,3.797712011928223,-0.5073121229754847,-0.5309312979327601,
0.5570297241210938,-0.5543805726602735,0.3552894492243132,0.5084922127496988,-1.6153219363604792,-1.3876884169535182,1.1574277561848696,-1.3473598117651568,2.8695791847761623,2.507679527374703,0.1909057577501361,0.2791083934345763,-0.3200589838538985,3.797708197230957,-0.5072882811175745,-0.530222241078512,
0.5590758323669434,-0.5544019783860219,0.3552770287843986,0.5084894814867031,-1.6159869970896696,-1.3872174451235977,1.157901659662415,-1.4841771111614717,2.5773769225299263,2.338080303459201,0.1819766557287393,0.2856564279587711,-0.3300950143992671,3.79771534978833,-0.507296387349264,-0.5294421354876917,
0.5611426830291748,-0.5543952583078289,0.3552828281483934,0.5084790279672864,-1.6165949214017856,-1.386746618815439,1.1582945359952288,-1.5628327176009424,3.092251544219316,2.6694953226586984,0.1851081637410709,0.2704821536536753,-0.3266355723586314,3.797688646907471,-0.5072954336749476,-0.528750244771139,
0.5631875991821289,-0.5544030866241193,0.3552717872936544,0.5084793002551052,-1.6172084615434228,-1.3863052939887417,1.1587299694884508,-1.751474804744686,2.970748351385903,2.6440427821189543,0.1835299533924367,0.2810789119165037,-0.3391256637800443,3.79772345602002,-0.5072882811175745,-0.5280545393573206,
0.5652329921722412,-0.5543959614049825,0.3552848078922463,0.5084822479237721,-1.6178676765977411,-1.3857889997360808,1.1591405928205034,-1.5182641798936745,3.364871414193669,2.404856877345261,0.1946019510298475,0.2825285340894649,-0.3323716403966261,3.797719641322754,-0.507296387349264,-0.5273006598102015,
0.5672788619995117,-0.5543977041083139,0.3552806869636973,0.5084906602990623,-1.6184745202012305,-1.3853244653910022,1.1595432555968794,-1.621569616057153,3.5222485449218066,2.7061061123606147,0.1824883571735313,0.2818410562995576,-0.3456940570975781,3.79772345602002,-0.507303539906637,-0.5265854040728968,
0.5693235397338867,-0.5543955109550511,0.3552834389468642,0.5085057991957782,-1.6190807658107995,-1.3848270070627755,1.159980672081241,-1.424578969745085,2.930679554741584,2.4708938892565286,0.1907008682285615,0.2872717928911393,-0.3446264123345917,3.797708197230957,-0.5072773138629358,-0.5258391539203089,
0.5713639259338379,-0.5543999233604203,0.3552786860277194,0.5084898340866776,-1.6196833659104228,-1.3843867372106442,1.1603626736443802,-1.6653953792509486,3.329831933855295,2.5831647092348664,0.192235789027084,0.2944446115911803,-0.354901123395743,3.797680063838623,-0.5073002020465296,-0.5251544157611292,
0.5734050273895264,-0.5543966094742011,0.3552922634672263,0.5084819467245573,-1.6203274626972284,-1.3838974482759747,1.160757644683443,-1.333571985001813,3.0102809063665994,2.321065581941481,0.1965424290304092,0.2959628197918615,-0.3552910822178992,3.79767291128125,-0.5073154608355921,-0.5244353453265589,
0.5754890441894531,-0.5543991192744098,0.3552819333760912,0.5084867202540295,-1.620976251087569,-1.3834345042372038,1.16117668619923,-1.6328433946060446,3.400759518243328,2.5915520307046016,0.1864166858258699,0.2953193807927314,-0.3539251212182572,3.797730608577393,-0.507331673298971,-0.5237200895892542,
0.5775406360626221,-0.5544015914276907,0.3552783415239821,0.5084976593414523,-1.6215619281036324,-1.382947044919412,1.1616165113316046,-1.490120927271282,3.26083220672055,2.407337638469895,0.1885885582557305,0.2969482490245556,-0.3572381030636223,3.797680063838623,-0.507303539906637,-0.5229700247394007,
0.5795817375183105,-0.5544041486768196,0.3552740934785238,0.508485946976973,-1.622841667822052,-1.381987912141022,1.1624936327017907,-1.4459789062430055,3.1332728211934637,2.9254425937457675,0.1916956609922905,0.2917367313711403,-0.3554109334715966,3.797691984767578,-0.5072882811175745,-0.5215166250811976,
0.5816226005554199,-0.5543968710339874,0.355299216639273,0.5084702730430246,-1.6235003387898137,-1.381493163485419,1.1629049958499296,-1.3850391303387208,3.21036732332091,2.839373659236775,0.1883671139605738,0.3005923554193255,-0.3568203850230971,3.797712011928223,-0.5072844664203089,-0.520820442830221,
0.5836653709411621,-0.5543988802493589,0.3552814142290672,0.5084738248559465,-1.6241321668927708,-1.3810034389081849,1.1633680966809292,-1.4790652247399856,3.4193103056703538,2.980243701801822,0.1800815389656436,0.2975135460852628,-0.3480243985515573,3.797699614162109,-0.5072653929339808,-0.5200584570514124,
0.5857546329498291,-0.5544006363531799,0.3552677994095451,0.5085080543043605,-1.6246713116185691,-1.3805597330036332,1.1637317265742737,-1.4717284731470517,3.511805993949808,2.834909580375519,0.1838152884244299,0.3083914324322386,-0.345760980339756,3.797695799464844,-0.5072773138629358,-0.5193598906146448,
0.5878233909606934,-0.5543970445821672,0.3552870988949684,0.5084892682999924,-1.625364583919361,-1.3800570554804727,1.164125766532251,-1.3583191565307795,3.347694560502309,2.5957262974951827,0.1817853500810294,0.3085508398192319,-0.3438725310457419,3.797712011928223,-0.5073121229754847,-0.5186322371112269,
0.5898714065551758,-0.5543910067406593,0.3552904855621913,0.5085020799162443,-1.6259247516793345,-1.3795764394908532,1.1645495116676456,-1.4239169035032848,2.969170203238468,2.9409305372636574,0.1850980029455856,0.3051187503678867,-0.3392385809337522,3.797676725978516,-0.5072687307940882,-0.517926041279928,
0.5919191837310791,-0.5544121727966651,0.3552673098697875,0.5084954298739102,-1.6265533444349125,-1.379136003868984,1.165004447402424,-1.498961147597021,3.0287887674245924,2.938999815587537,0.1839961178960697,0.3017561466337374,-0.3315396785409228,3.797680063838623,-0.5072773138629358,-0.5171874205218714,
0.5940027236938477,-0.5543967893788957,0.3552813796163914,0.5084826254073472,-1.6272221257871804,-1.3786215174207674,1.165390703297437,-1.4198341494813669,3.1114538590072702,2.867820857323569,0.1797557496807132,0.3118376462832709,-0.3383485459139045,3.797676725978516,-0.507296387349264,-0.5164650122271937,
0.5960485935211182,-0.5544074811417158,0.3552673983025239,0.5084848761972386,-1.6278368594117263,-1.3781697867579463,1.1658258604456262,-1.4585542779964102,3.4752371466699,2.9814201244005614,0.1719867898204065,0.3069210542797744,-0.3219598963349114,3.797691984767578,-0.507296387349264,-0.5157454649554651,
0.5980935096740723,-0.5543932870109274,0.355289642885686,0.5084924539542112,-1.628462601848886,-1.3776641232561222,1.166202145526514,-1.5016629823429686,3.1330099275489363,2.898548052143999,0.1621471574416245,0.3127400372741492,-0.3247772624229231,3.7977043825336914,-0.5073002020465296,-0.5150416533099573,
0.60013747215271,-0.5544091098464384,0.3552626957170798,0.5085030678536309,-1.6290380877864377,-1.3772237118682766,1.1666524022083702,-1.476578872939389,3.1645545319526014,2.9851687413580943,0.1789995734882833,0.3145684837508988,-0.3102887430825952,3.797688646907471,-0.5072844664203089,-0.5143106619464319,
0.6021783351898193,-0.5543987423699335,0.3552758924353738,0.5084930106649589,-1.6296786004669452,-1.3767250005080982,1.167076792128564,-1.609541145651654,3.15831589712023,2.843453277298132,0.1609541934816371,0.3123453753578842,-0.3126640345158701,3.797695799464844,-0.5072653929339808,-0.5136063734637659,
0.6042354106903076,-0.5543958271368852,0.355275356747277,0.5085034144612767,-1.6303076989597436,-1.376223091317235,1.1674717264100165,-1.7404844009149727,2.920008620490233,3.0814136884345715,0.1787019742310447,0.3177551499516278,-0.3002598810365988,3.797676725978516,-0.5072844664203089,-0.5128515402423304,
0.6062755584716797,-0.5543963258776855,0.3552816036687657,0.5084777069431936,-1.6310123128231626,-1.3757202112081988,1.16791144658348,-1.4959812008468067,3.108119555189848,3.0240190633076725,0.1555414491997902,0.3129467659478449,-0.3102934984140887,3.797691984767578,-0.5073002020465296,-0.5121076742755335,
0.6083142757415771,-0.5543947260476486,0.355281477513183,0.5084891832604075,-1.6316501368497425,-1.3752185327039543,1.1683600912150214,-1.7021420806581746,2.904841761604912,3.0740679108047657,0.1686129107936165,0.3209171856499954,-0.299138040524041,3.79771534978833,-0.5072806517230433,-0.5113609472857874,
0.6103544235229492,-0.55439825306025,0.3552736810043284,0.5084931719527901,-1.6321870432873091,-1.3747854647271738,1.168776646722496,-1.6327749986903186,3.104997879099105,2.937399588694997,0.1535943800190375,0.3169991551440438,-0.3023537061678762,3.797691984767578,-0.5072458426104944,-0.5106962362872522,
0.6123931407928467,-0.5544044494502293,0.3552815395867297,0.5085052180503818,-1.6328181843194898,-1.3742878099061255,1.1691656302378337,-1.6118955534765358,2.6437320070875536,3.112049855111594,0.1737489849364253,0.3211598022186221,-0.2955604300089018,3.79767291128125,-0.5072773138629358,-0.5099337736712855,
0.6144566535949707,-0.5544037562929449,0.3552772466771685,0.5084968372915798,-1.6334663353897367,-1.3737992061257234,1.169608514298812,-1.868152675952196,3.106636262117761,3.0748640346971525,0.1574992085802447,0.3172116911446195,-0.2954888850860345,3.797680063838623,-0.5072687307940882,-0.5092027823077601,
0.6165409088134766,-0.5544156775768805,0.3552562553877516,0.508485006085892,-1.6341039048543036,-1.3733584880133305,1.1700409363682764,-1.7748182794295473,2.5130554743083384,3.01616547848426,0.1617786469158074,0.3221797525081091,-0.2954812860682884,3.797708197230957,-0.5072844664203089,-0.5084951559649866,
0.6186072826385498,-0.5544008826572145,0.3552757935747743,0.508483451788756,-1.634752021123719,-1.3728470098434395,1.1704159201813558,-1.9246825195974056,2.7435867967361527,2.9820218169263515,0.1672996490018542,0.3291489953132671,-0.2915036218377912,3.797719641322754,-0.5073002020465296,-0.5077851454364222,
0.6206464767456055,-0.5543976995816156,0.3552736509816401,0.5084865425588311,-1.6353327714610062,-1.3723629208680208,1.170868388561957,-1.9245704869421705,2.636763986907141,3.181255844601074,0.1779198824103062,0.3162985365019702,-0.2837055815999382,3.797688646907471,-0.5072496573077601,-0.5070694128619593,
0.622697114944458,-0.5544019040296801,0.3552803429207297,0.5085061027440086,-1.635981438482086,-1.3718654076800374,1.1712311601499232,-1.9759646299570883,2.5284959739609625,3.149326218106868,0.1739414536014142,0.3271845078981792,-0.2808783102412014,3.797708197230957,-0.5073073546039026,-0.5063107649432581,
0.6247422695159912,-0.5544091703451304,0.355263582311439,0.5084805891693925,-1.6366819945404147,-1.3713511261645877,1.1717613164268876,-1.7123358720985429,2.233113179641839,2.99756641446319,0.1646849090598534,0.3237474909950559,-0.2907488685955968,3.797695799464844,-0.5072725454913538,-0.5055168310748499,
0.6267821788787842,-0.5544057946639656,0.3552560677331544,0.5084946831404789,-1.6373292563819422,-1.3708545944777213,1.172191679841711,-2.035380686978523,2.2558692968817007,3.171591922585168,0.1687994610985089,0.3294063631447208,-0.2909984799657548,3.797743006343506,-0.5072725454913538,-0.5047763029681605,
0.6288213729858398,-0.5544006513882878,0.3552776364935376,0.5084862602592006,-1.6379413725985246,-1.3703619423379438,1.172555234877198,-1.9555372633161725,2.3880116753608016,3.0652691633994507,0.1630716678966631,0.3233273174198457,-0.2935618465647412,3.797699614162109,-0.5072916189776819,-0.5040705839740198,
0.6308605670928955,-0.5544009647697845,0.3552706180584144,0.5084931359821243,-1.638559258944266,-1.3698647817907357,1.1730234740808227,-1.8719522283499632,2.283572304842859,3.0219623733005,0.1805718419272615,0.335054839585942,-0.2847994724988848,3.797695799464844,-0.5072534720050257,-0.5033233801471155,
0.632899284362793,-0.5544039400690842,0.3552739423994255,0.5084816077140837,-1.639241856122323,-1.3693585813543836,1.1734728217628891,-1.7352397043792394,2.0490206050132254,3.08240522765008,0.1703747584586593,0.3211117185411089,-0.288242374440927,3.797712011928223,-0.5072568098651331,-0.50256854692568,
0.6349413394927979,-0.554394076793588,0.3552985682414266,0.5084901539250876,-1.6398781389323331,-1.3688332323491244,1.173829141018362,-1.798447391902156,2.0854014190820283,3.0582918239142334,0.174834795347004,0.3332678461712547,-0.278822967204258,3.797688646907471,-0.5072882811175745,-0.5018256346331995,
0.6369929313659668,-0.5544029886437353,0.3552717710386512,0.5085101064537152,-1.6404882616703675,-1.3683583908836472,1.1743099853172727,-1.8016084101465328,2.4214399642557627,2.9248550276559784,0.1689550487427574,0.3301814951322017,-0.2875321928690679,3.79771534978833,-0.5072568098651331,-0.5010698477374476,
0.6390433311462402,-0.5544058011747123,0.3552659242380453,0.5084811913260634,-1.641171379365046,-1.367874062958372,1.1747087154024634,-1.964640081092607,2.0522674182762013,3.134878656748261,0.1832551878023723,0.3333156831993051,-0.291016924354567,3.797701044673584,-0.507303539906637,-0.5003345648394983,
0.6410915851593018,-0.5544065826585584,0.3552689485756488,0.5085085260333879,-1.641746034011756,-1.3673795669171516,1.175114643010694,-1.8642730463199493,2.367465383211215,3.0387369552464323,0.154814538061252,0.326134676134504,-0.2936660692670674,3.797676725978516,-0.5072916189776819,-0.4995911757098596,
0.6431396007537842,-0.5544101263969714,0.355280883047973,0.5084775127893293,-1.6424615103834206,-1.366871795075178,1.1755650263414594,-1.7886293386389769,2.278787967554276,3.101079863962536,0.1714661547062753,0.3293104132934821,-0.2845915297679129,3.797699614162109,-0.507303539906637,-0.4988482634173792,
0.6451876163482666,-0.554407907692328,0.3552709623461257,0.5084743458462211,-1.6430918971149726,-1.3663803744692438,1.176007997463732,-1.805856169992588,2.152742063252754,3.0402204692808965,0.1731375604484935,0.3281043921063007,-0.2942035080467079,3.797695799464844,-0.5072882811175745,-0.4981144110309046,
0.6472854614257812,-0.5544042349957888,0.3552783234297879,0.5084842103285759,-1.6437161074461688,-1.3658854175208264,1.1764186224064177,-1.8061260301418804,2.429889345723151,3.1843928044407317,0.1726086744684534,0.3263335241401648,-0.2865448928157862,3.797719641322754,-0.5072844664203089,-0.4973953405963343,
0.6493306159973145,-0.5544051163588483,0.3552695733430189,0.5084829177122635,-1.6443454507356567,-1.3654012351774043,1.1768217373588945,-1.8995324001783715,2.2844582346873863,3.123639654409459,0.1655390151216598,0.3222699160082354,-0.297384684906789,3.797708197230957,-0.507303539906637,-0.4966605345355432,
0.6513757705688477,-0.5544079700443538,0.3552634724093647,0.5085011565418363,-1.6449033400688833,-1.364941232988719,1.177236001450109,-1.7713222616739597,2.3759344330943253,2.970175816502332,0.1761577740126164,0.3260333617873068,-0.2950003955661281,3.7977043825336914,-0.5072806517230433,-0.4959614912616175,
0.6534206867218018,-0.5544146787759957,0.3552563234001609,0.5084733489110866,-1.6455848879619044,-1.3644651784923834,1.1777007041554937,-1.861447042859148,2.467729596354903,3.22376382602104,0.170783310356658,0.3193113316983161,-0.3041164636415225,3.7977358537861328,-0.5072773138629358,-0.4952419439898889,
0.6554844379425049,-0.5544036239791578,0.3552766783238564,0.5084969154284597,-1.6461597604257536,-1.3639485569023169,1.1780349154834255,-1.5786575550993016,2.354984141302356,3.050699275358154,0.1780966242058655,0.3239669355179492,-0.3004009574568589,3.797676725978516,-0.5073002020465296,-0.4945071379290979,
0.6575419902801514,-0.5544029629184292,0.3552715750531489,0.5084982103866781,-1.6474239590620838,-1.3629665749471842,1.178913267513682,-1.75468469845932,2.552151709164311,2.907072629001322,0.181574617036309,0.3207326165763212,-0.3086553567049381,3.797708197230957,-0.5072725454913538,-0.4930532614337366,
0.6595816612243652,-0.5544002660247918,0.3552693304210118,0.5084708710063307,-1.648069052114136,-1.3624961531095334,1.1793194154351925,-2.0713643947007894,2.768946407940244,3.163137926652883,0.1688710694620166,0.3166339685380171,-0.3178279665439499,3.797708197230957,-0.5072844664203089,-0.4923656622516077,
0.6616227626800537,-0.5544147244173754,0.3552492796341939,0.5084937511147425,-1.6486370065694105,-1.362030404656372,1.1797799097707022,-1.8943579742947043,2.678047377945356,3.048093107593209,0.181035872931978,0.3178978975340347,-0.3204021419499581,3.797691984767578,-0.5072534720050257,-0.4916155974017542,
0.6636636257171631,-0.5544018245504145,0.3552839339890311,0.5084922098214765,-1.6492964707192626,-1.361494644859205,1.180156625001893,-1.9273690816225804,2.9516438359526966,3.0691155723727097,0.1804271781007002,0.3228425674714623,-0.3283190110208958,3.797695799464844,-0.5072687307940882,-0.4908884207354944,
0.665712833404541,-0.5544005532810452,0.3552802309402902,0.5084912113186741,-1.6499256677760286,-1.361025061007142,1.180533350742114,-1.7918566855160347,2.915359217096082,2.9235486735480585,0.1840584638787328,0.3195835625870697,-0.3203791473990144,3.79772345602002,-0.5073002020465296,-0.4901912848102014,
0.6677601337432861,-0.5544053315802044,0.355276999056838,0.508482922358,-1.6506031014661864,-1.36050305945603,1.1810278384020498,-1.9731349605188533,2.8967693343530443,3.0474033209245763,0.1827986079906408,0.3156625588166024,-0.3348989060388259,3.797726793880127,-0.5072725454913538,-0.4894102255450647,
0.6698071956634521,-0.5543974383681911,0.3552740820023031,0.5084848673890743,-1.6512116328188011,-1.3600202774393624,1.181365973300682,-1.828717402551988,3.165432939692095,2.8287842400972623,0.1749545665796733,0.3140349443511456,-0.3372779977283263,3.7977043825336914,-0.5073192755328577,-0.4887025992022913,
0.6718540191650391,-0.5543949197360531,0.3552842999716464,0.5084783720369186,-1.6518159369962786,-1.3595303217946306,1.1817981950111265,-1.955773650867148,3.355523396847056,3.017220229409016,0.1730568610530269,0.3180041840049528,-0.3395165422589567,3.797688646907471,-0.5072882811175745,-0.4879992643939417,
0.6739001274108887,-0.5543941340467444,0.355282846710846,0.5084755233918797,-1.6524335911152863,-1.3590456057368974,1.1821909892752558,-1.9066532110483545,3.403508898506541,2.971068217260441,0.1811635865625282,0.3102816683116317,-0.3371298616396456,3.79767291128125,-0.507303539906637,-0.4872801939593714,
0.6759459972381592,-0.5544045450871223,0.3552734263688819,0.5085060342306984,-1.6530211210754535,-1.3585762196696507,1.182608590729676,-1.961648367551555,3.2804294819443305,3.0081627144374337,0.1877976761453209,0.3173557708615457,-0.3406108006401367,3.7977043825336914,-0.507303539906637,-0.486546818410055,
0.6779906749725342,-0.5544034331756452,0.3552763036578621,0.5084938396115223,-1.653623658608124,-1.3581096052198256,1.183009058610792,-1.7726035625245196,3.416119140510689,2.9265583733427345,0.1807094272875803,0.3086922554045077,-0.3342680613912396,3.797695799464844,-0.5073002020465296,-0.4858663717852991,
0.6800317764282227,-0.5543913399196392,0.3552815517716349,0.5085106166277917,-1.6542217218714423,-1.3575923525961242,1.1834310268229504,-1.998433990168298,3.499557676584664,3.016256816464613,0.1754963670634143,0.3150564638632854,-0.3486612621484034,3.797688646907471,-0.5072687307940882,-0.4851363340960901,
0.6820716857910156,-0.5543988490989372,0.355267473265287,0.5084973113153709,-1.654916241981503,-1.357088178635487,1.1839042380379423,-1.9373052742345,3.4084774442263903,3.168729000837409,0.1882398344514608,0.3089984109337516,-0.3427781180043644,3.79771534978833,-0.5072725454913538,-0.4843657652484339,
0.684112548828125,-0.5544034642801221,0.3552701500858237,0.5084897230621953,-1.655494992314008,-1.356645502396079,1.1842833995329634,-1.788735290408246,3.593638413054046,2.852413670434328,0.1679180137091873,0.3200074253510506,-0.3562283577478849,3.797712011928223,-0.5072806517230433,-0.4837053457843225,
0.6861565113067627,-0.5544038864972066,0.3552752253791675,0.5084868593303364,-1.656182551334434,-1.3561057282017823,1.1847423267755253,-1.6311742097854438,3.384619085935345,2.8704990159005,0.1870365199946449,0.3196258260243501,-0.3470198900834305,3.79771534978833,-0.5072773138629358,-0.4829157034503382,
0.6882262229919434,-0.5544068118316263,0.3552671078134484,0.5084860800783819,-1.6567470989934223,-1.3556636945715377,1.1851010734460483,-1.846920000813544,3.487454795555356,2.864824800313763,0.1750400731694068,0.3152215849650682,-0.3546601432249053,3.797691984767578,-0.5073002020465296,-0.4822433630572718,
0.6902773380279541,-0.5544020823187548,0.3552824335392699,0.5084793889832255,-1.657430765775033,-1.3551272605996525,1.185541304827893,-1.7873587507743207,3.51088653589162,3.0017505537816125,0.1858434787590321,0.3194181076002269,-0.3389120860737292,3.797708197230957,-0.507296387349264,-0.4814851919757288,
0.6923253536224365,-0.5543950825254702,0.3552679156072644,0.5085000637881136,-1.6580513471735776,-1.354630632673633,1.185950194627515,-1.6993443346903692,3.499994241248128,3.031388874034784,0.1707774336108338,0.3142455919207699,-0.3553909476932382,3.797746344203613,-0.5073002020465296,-0.4807537237750452,
0.694373369216919,-0.5543953856898474,0.3552854688329965,0.5084615114112707,-1.6587614353272508,-1.354094224405106,1.1864210148790555,-1.6762494955682954,3.366086461700724,2.9952170841298438,0.1899841466491562,0.3212511110046372,-0.3390890815397034,3.79772345602002,-0.5072882811175745,-0.4799922148333948,
0.6964209079742432,-0.554406006357195,0.3552607318289752,0.508507675600436,-1.6592531394460672,-1.3536501139490058,1.1868635187103158,-1.5423045721387574,3.3259954991024525,2.879891541434921,0.1729226409252872,0.3204831481886722,-0.3573122338255044,3.797712011928223,-0.5072334448443812,-0.4792802969561975,
0.6984825134277344,-0.5544021740445537,0.3552825504729267,0.5084904657631346,-1.659921172362097,-1.353132772305084,1.187206677071711,-1.6512376286254111,3.1431032337864795,3.045393572289953,0.1807649967098296,0.3207621512865494,-0.3426716331798046,3.797680063838623,-0.507296387349264,-0.4785450140582483,
0.7005696296691895,-0.5544029897197897,0.3552766479720806,0.5085005063566447,-1.6605240514565354,-1.3526518479629874,1.1876248819107185,-1.677535011537956,3.1215142769448314,3.161089382391087,0.1814853786381366,0.3206316535399459,-0.3420904620760222,3.797695799464844,-0.5072882811175745,-0.4778302351581018,
0.7026243209838867,-0.5544034750827915,0.3552765864266112,0.5084711412235938,-1.6612213765389328,-1.352139792442121,1.1880872943527654,-1.5655414376214134,3.2694692789412647,3.192782074486641,0.1668365911845503,0.3250809111252369,-0.3407474881650576,3.797708197230957,-0.5072844664203089,-0.4770873228656214,
0.7046704292297363,-0.5544065053885002,0.355276062516545,0.5084737879869778,-1.6617936860195686,-1.3516955008698146,1.1884635393048846,-1.5730159337729763,2.959140808297003,3.203742895235215,0.1787941314779121,0.3296828965316665,-0.3360917534437419,3.79772345602002,-0.5072916189776819,-0.4764273802386682,
0.7067155838012695,-0.5543997415201986,0.3552821379503583,0.5084859563886176,-1.662414761362322,-1.3511706568526776,1.1888428303904626,-1.6587870034554235,3.414485864254348,3.2168004599441016,0.1870774278996459,0.3241510074303827,-0.3237442542287347,3.797691984767578,-0.5073121229754847,-0.4756701628314417,
0.7087604999542236,-0.5544014505532409,0.3552780911124507,0.5084744538658194,-1.6631013156402497,-1.3506424207788417,1.1893136227816214,-1.6310524148118215,2.837186516368112,3.3683990558112518,0.1904668984960537,0.3296853877500174,-0.3278509922561905,3.797695799464844,-0.507303539906637,-0.4748919645892542,
0.7108044624328613,-0.5544096145089366,0.3552676401729494,0.5085009282620306,-1.6636370552902986,-1.3501886978980966,1.1897068132716864,-1.523383657857675,2.756939950613177,3.396438115214039,0.169612115393917,0.3286037305668735,-0.3257056273903966,3.797680063838623,-0.507296387349264,-0.4741876761065882,
0.7128431797027588,-0.5544080037340896,0.3552699566436231,0.5084731404571581,-1.6643213178077128,-1.349679682296186,1.1901661390778724,-1.6031107329481895,2.392684924076198,3.4139475927555094,0.1856400232485173,0.3379056449295444,-0.3309005499992338,3.797695799464844,-0.5072844664203089,-0.473459545766012,
0.714881181716919,-0.5544035916257589,0.3552716678882409,0.5084737540952434,-1.6650072689989843,-1.34913442589259,1.1906144285278346,-1.707319023120203,2.8827311781292027,3.517509713113811,0.1739213050414526,0.3331118392200427,-0.3236133834311176,3.797708197230957,-0.5072844664203089,-0.4726746718036096,
0.7169153690338135,-0.55440881745678,0.3552716882294418,0.5084757146856707,-1.6655687576528149,-1.348693591741501,1.1909770111802531,-1.663217042361247,2.229849940605187,3.44564689996624,0.1765277804177186,0.3384175557125954,-0.3222600815281295,3.7977043825336914,-0.5073002020465296,-0.4720137755023401,
0.7189490795135498,-0.5544038654111149,0.3552713881851156,0.5084833067805399,-1.666227195388492,-1.34815604492245,1.1914529359478934,-1.5415838910008524,2.6447370349613286,3.3898673697094788,0.1833574252742296,0.3451228479024952,-0.3167064499669468,3.797726793880127,-0.5072653929339808,-0.4712436834918421,
0.7209832668304443,-0.5543995359673629,0.3552890738082206,0.5084532637935784,-1.6669496951927498,-1.3476035647447968,1.1918860242571097,-1.65332267881226,2.6005677253883617,3.5007703966063937,0.1833304900890679,0.3399079061440722,-0.3045180716813111,3.797712011928223,-0.5072844664203089,-0.4704692999469202,
0.7230172157287598,-0.5544013526827087,0.3552652880846138,0.508510751292467,-1.6674666650546597,-1.3471229880882247,1.19226983899156,-1.7047722897293511,2.263646240825394,3.655830706473512,0.1686380507286244,0.3413087955719626,-0.3125598108051959,3.797688646907471,-0.5072806517230433,-0.4697182814227503,
0.7250514030456543,-0.5544125883489535,0.3552600210525883,0.5084931901642005,-1.6681185241896916,-1.3466361281225474,1.1927738509824757,-1.8215793094452195,2.5130390348093865,3.612034628032638,0.1792892603805661,0.3421769458126897,-0.3044635239092362,3.797712011928223,-0.5072372595416468,-0.4689877668963831,
0.7270853519439697,-0.554402866401506,0.3552642367587996,0.5084911799787076,-1.6688050090712905,-1.3460911809669729,1.1932150331212636,-1.7849321397701352,2.6021914407368505,3.605783149670009,0.1701953871262059,0.3470712985974235,-0.3209762141899946,3.79773919164624,-0.5072339216815394,-0.4682238737689417,
0.7291193008422852,-0.5544036539229305,0.3552610224729763,0.5085017444695938,-1.669370705374702,-1.3456276197210852,1.1935129132304974,-1.6124979751186783,2.3761275083720803,3.654719160784424,0.1656907314567642,0.3468939089824709,-0.3060824755809094,3.797691984767578,-0.507303539906637,-0.4675243536578577,
0.7311532497406006,-0.5544037900905118,0.3552762974366362,0.5084852597640168,-1.670036130341233,-1.3450984523529548,1.1939916050084958,-1.7813542910208868,2.7148158170943244,3.571977455118156,0.1756016485963175,0.3558980112520306,-0.3024314447336392,3.797691984767578,-0.5072653929339808,-0.4667776266681116,
0.7331883907318115,-0.5543985340845254,0.3552717946171053,0.5085036396058675,-1.6706398712100496,-1.3446067169553704,1.1943619116886808,-1.63955895108194,2.486533203004205,3.3351614902308144,0.1772022525784095,0.3513899769541493,-0.3068776626158375,3.797712011928223,-0.5072882811175745,-0.4660623709308069,
0.735222339630127,-0.5544014946999954,0.3552733275879658,0.5085057305594253,-1.671206638150588,-1.3441306561406958,1.194767690260368,-1.9439010048063512,2.3758402311716846,3.323766980530901,0.156229468975318,0.3578661717032522,-0.3058611932429723,3.79767291128125,-0.5072725454913538,-0.4653595129596155,
0.7372565269470215,-0.5543978572643916,0.3552703281649867,0.5084922675926589,-1.6719159326070976,-1.343608591425807,1.195207458199363,-2.0484327213006663,2.8423108504156334,3.478411133271769,0.1751069562143613,0.3482590437143116,-0.2992936551487908,3.797730608577393,-0.5072882811175745,-0.4646132628070276,
0.7392899990081787,-0.554401927423245,0.3552742337598105,0.5085019034057195,-1.672515323186904,-1.3431016778290692,1.1956165782273305,-1.926793594558743,2.6498948285098702,3.321686989139958,0.1789738836619315,0.3546992531498265,-0.3196712968037609,3.797691984767578,-0.5072882811175745,-0.4638617674456995,
0.7413482666015625,-0.5544126344415864,0.3552540113524136,0.5084897853022433,-1.6731211177088898,-1.3426492138856412,1.1960707702792168,-1.9007701852061556,2.731845070027307,3.444899975615118,0.1668115055791969,0.3446321337139269,-0.2973865057672904,3.797701044673584,-0.5072687307940882,-0.4631632010089319,
0.7433819770812988,-0.5544076878093245,0.355265441163715,0.5084939335585487,-1.6737446331673989,-1.3421409167331553,1.196466255557214,-1.7935049162934258,2.897667363266526,3.315124744041892,0.1747573163457001,0.351795675148832,-0.30409330183818,3.797712011928223,-0.5072725454913538,-0.4624469915973108,
0.7454164028167725,-0.5544063207281663,0.3552513932023102,0.5085152163523701,-1.674328763382656,-1.341650682648023,1.196872690327547,-1.674351415967276,2.381619602368987,3.4617385432552177,0.1752158623623915,0.3410244858181765,-0.319950122722415,3.797712011928223,-0.5072687307940882,-0.4617164770709436,
0.7474758625030518,-0.5544039301277572,0.3552726474210322,0.5084674330950862,-1.6750551454543772,-1.341124936070767,1.197324989077866,-1.9732078765360168,2.450316789251093,3.386223315553338,0.1680212945466899,0.345941495435123,-0.3143836382516271,3.7977358537861328,-0.5072687307940882,-0.4609974066363733,
0.749516487121582,-0.554397054507289,0.3552760617842979,0.5084862107381569,-1.6756603333111462,-1.340600309448895,1.1976688839521563,-2.1191579644625262,2.831747021056453,3.301978136133969,0.1754815436332579,0.3398945077041801,-0.3179535747146731,3.797691984767578,-0.5073121229754847,-0.4602387587176721,
0.7515628337860107,-0.5543979975189153,0.3552811561029239,0.5084923217008253,-1.6769139567475129,-1.339577573403714,1.1985109511112542,-1.817304692362723,2.754329407562876,3.0941384214989656,0.1732819621662849,0.3374977066419342,-0.3066840964397233,3.797680063838623,-0.5073073546039026,-0.4587538878070276,
0.7536332607269287,-0.5544114643163788,0.3552611993510782,0.5084815759902621,-1.6775670577434154,-1.339101368482632,1.1989635441253172,-1.8794193716388756,2.643062400610738,3.131801326243162,0.1761616075209645,0.3302217576669485,-0.3166234207169655,3.7977043825336914,-0.5073154608355921,-0.4580147902118128,
0.7556672096252441,-0.554400750678501,0.3552755380294286,0.5084923263950226,-1.6781586910060802,-1.338580575660142,1.199376150806244,-2.0092591575827976,2.773847752540945,3.205430717207374,0.1619725311286115,0.3319999408213676,-0.3178034773090062,3.797691984767578,-0.5072844664203089,-0.4572990576373499,
0.7577025890350342,-0.5544048507682565,0.3552771198973286,0.5084985157192377,-1.678749821268423,-1.3381145973328354,1.199783338091969,-1.740309801509328,2.8975171376825597,2.9936934001297555,0.1581516441598194,0.333145353368545,-0.3190319521398878,3.797726793880127,-0.5072763601886194,-0.456618611012594,
0.7597813606262207,-0.5544137178600762,0.3552593529754864,0.5084703654408781,-1.6794463801061497,-1.3376121157371843,1.2002622383929904,-1.6244907163163325,2.67073639291968,2.881920474937693,0.1701197164184001,0.3369412113137874,-0.3184775643915959,3.797743006343506,-0.5072773138629358,-0.4558609167682093,
0.7618193626403809,-0.5544014742168473,0.3552835415855365,0.5084857947104136,-1.6799974035322365,-1.3370986312136943,1.2005918346834668,-1.5778256070367602,2.4000016218912883,3.1207574412875942,0.1644084392752571,0.3294529951102313,-0.3197837506541158,3.797676725978516,-0.5072882811175745,-0.4551575819598596,
0.7638905048370361,-0.5544121802370474,0.3552630620611405,0.5084956712410412,-1.680585943833921,-1.3366443018256164,1.2009982677120423,-1.4293882848346589,2.7062027440435457,2.961213399762065,0.1648863662253502,0.3295449852810093,-0.3055706152496798,3.797695799464844,-0.5073002020465296,-0.4544504324542444,
0.7659239768981934,-0.5544088111189045,0.3552653447999434,0.5084958323938031,-1.6812271112759067,-1.3361149653095066,1.2014444384311562,-1.581023810247571,2.609555572742164,3.030723819217801,0.1660958100907384,0.3327321918695048,-0.3134925923561085,3.797691984767578,-0.5072806517230433,-0.4536965529071253,
0.7679581642150879,-0.5544117518170739,0.35525827476242,0.5084892534209198,-1.6818744926904614,-1.3356103623096365,1.2018727425767854,-1.424753167932074,2.764484293195651,3.2447607470997597,0.1573723714948993,0.3206553777204466,-0.3123158499392789,3.797695799464844,-0.5072882811175745,-0.4529536406146448,
0.769993782043457,-0.5544030972253876,0.3552719492252817,0.5084909347359771,-1.682515036749073,-1.3350878852210963,1.2022946170596085,-1.309399351698301,2.9459010515463717,3.039781321225054,0.1485690786023137,0.335791485982517,-0.308819809971986,3.797730608577393,-0.5072725454913538,-0.4522388617144983,
0.7720334529876709,-0.5543954026740708,0.3552857232471099,0.5084874545431219,-1.6830980526465469,-1.3345922946270292,1.2026270370273482,-1.222301667886058,2.8218286603260925,2.878626762408415,0.1646454341478142,0.3333810630601754,-0.3028350341229265,3.797680063838623,-0.507303539906637,-0.4515464941607874,
0.7740681171417236,-0.5544062688121044,0.3552670902939948,0.5084797511530622,-1.683763390277773,-1.3341104577375429,1.2030902726898185,-1.15953364172866,3.0782580514730484,2.9735531024607544,0.1482958031381948,0.3303053956666774,-0.2985545238238311,3.79773919164624,-0.507303539906637,-0.4508145491229456,
0.7761023044586182,-0.5543919384063328,0.3552830711953482,0.5085088258746946,-1.684335610457483,-1.3335669934070478,1.2034523444864038,-1.1460372571559068,2.537533906850965,3.0461006313098995,0.1517618244870256,0.3353235473040006,-0.2922219594226744,3.797688646907471,-0.507303539906637,-0.4500654379474085,
0.7781438827514648,-0.554404334532076,0.3552615877740713,0.5084913796595975,-1.6849478766723562,-1.3331033732913575,1.203913910128674,-1.1063844704144408,2.853362338902241,3.15448447573682,0.1457688373626602,0.3298201746403159,-0.2948491650608527,3.797676725978516,-0.5072844664203089,-0.4493501822101038,
0.7801861763000488,-0.5544071291061715,0.3552741978275841,0.5084727691412879,-1.6856398917866962,-1.3325933102216727,1.2043357134742845,-1.1311584978602196,2.8753461902982105,3.1934665320082347,0.1583738634796417,0.3367069733786638,-0.287252747301306,3.797730608577393,-0.507303539906637,-0.4486311117755335,
0.7822320461273193,-0.5544044227984304,0.3552749165399249,0.5084784862533953,-1.686273027472084,-1.332054026447022,1.2047958359797368,-1.1784846567713148,2.911704779573794,3.3685666957013893,0.1405677034519976,0.3232156714680524,-0.2926141016511803,3.79771534978833,-0.5072725454913538,-0.4478605429278772,
0.7842791080474854,-0.554399331071624,0.3552769295369009,0.5084885585921366,-1.6868678992903514,-1.3315567106023891,1.2051703356982344,-1.095787803004521,2.677996123181712,3.1921614116639505,0.1601730813751698,0.3353084166039142,-0.2800818136392462,3.79771534978833,-0.5072844664203089,-0.447153393422262,
0.7863237857818604,-0.5544116246705791,0.3552577956199498,0.5084854121304168,-1.68749484545506,-1.3310835748055825,1.2055918901382925,-1.195218597308992,2.55308106881668,3.418167195530139,0.1580376540535158,0.3260966377191992,-0.2937565935060174,3.797726793880127,-0.507303539906637,-0.4464224020587366,
0.788367509841919,-0.5544178987693691,0.3552552073546403,0.5084780933568084,-1.6881320726829674,-1.3305700299401433,1.2060747764181716,-1.0600546115182337,2.7326187843911955,3.1884103222022637,0.1552666309224597,0.3331153226127945,-0.2792636103652393,3.79772345602002,-0.5072653929339808,-0.4456713835345667,
0.790473222732544,-0.5543950495645522,0.3552736326000654,0.5084875084966191,-1.6887334483751255,-1.3300380017584237,1.2064040167261114,-1.160483058842503,2.279855776314027,3.2907585742986,0.1619155517186571,0.3342929568424384,-0.2992402746188687,3.797708197230957,-0.5072882811175745,-0.4449718634234827,
0.792546272277832,-0.5544061997001123,0.3552670736715637,0.5084898685753069,-1.6892981171170938,-1.329582758891556,1.2068030955126277,-1.1276200339466993,2.356059967927729,3.30459012314769,0.1712671530273076,0.3283717448641632,-0.292646706446526,3.797691984767578,-0.5072882811175745,-0.4442804495440882,
0.7945945262908936,-0.5544107679474299,0.3552649217338691,0.50849284855443,-1.6899744818889864,-1.3290356628511604,1.2072901020864797,-1.4464167040920906,2.3409889450895918,3.5229022583403675,0.1675393443054066,0.3294142788806602,-0.2891097861395845,3.797708197230957,-0.5072653929339808,-0.4434841314898889,
0.7966430187225342,-0.5544014235388912,0.3552668352819037,0.5084787000708667,-1.6906180096675174,-1.3285104850617853,1.2076977192546547,-1.3631309946244932,2.414363142783166,3.5034616961548557,0.154123222599442,0.3246695700701432,-0.2877222023787052,3.797688646907471,-0.5072687307940882,-0.4427550474749964,
0.7986898422241211,-0.5544010108821157,0.3552722996486547,0.5084768679871944,-1.6912828963959878,-1.327994407388943,1.2081059416131166,-1.4365136713137592,2.1325027948030315,3.3160342756884678,0.1626918266682595,0.3413087472735107,-0.2909349523467542,3.797732039088867,-0.5072882811175745,-0.442024056111471,
0.8007307052612305,-0.5544011285034105,0.3552853632673005,0.5084749603571066,-1.6919262816383256,-1.327467756245649,1.208496144274346,-1.3955446100866942,2.427771193967376,3.178105771673647,0.1627249091143596,0.3351301491778833,-0.2967187271485162,3.797719641322754,-0.5073121229754847,-0.4412773291217249,
0.802771806716919,-0.5543981912747539,0.3552621048299059,0.5084979692540322,-1.6924582538036452,-1.3269874576143217,1.208935932482753,-1.48023298729122,2.23940601357584,3.377383599520294,0.1704555258616565,0.3381770233024277,-0.2944574851823143,3.797695799464844,-0.5072606245623987,-0.4405658880816858,
0.8048253059387207,-0.5544058439407501,0.3552690152161075,0.5084662838441968,-1.6931888699638598,-1.3264370670665333,1.2093959432928405,-1.4841532485803943,2.391370030015497,3.270088660326899,0.1653292313091653,0.335358042404924,-0.297098746657939,3.797688646907471,-0.5072806517230433,-0.4397719542132776,
0.806908369064331,-0.5544102387114567,0.3552574997765675,0.5084793804242921,-1.6938277559541377,-1.3259229654492235,1.2098162411351965,-1.6802205486113226,2.0255899797914974,3.42694782542961,0.1781935459184841,0.3346217657659224,-0.2923044786088691,3.797708197230957,-0.507296387349264,-0.4390085379229944,
0.8089489936828613,-0.5544050617317747,0.3552571915812012,0.5084996388514303,-1.6943765299772542,-1.3254360765186772,1.21021934004449,-1.7159420876473075,2.238013548184276,3.3478880936398587,0.1614606359939904,0.3371189234202387,-0.3010173861511499,3.797708197230957,-0.5072653929339808,-0.4383195082293909,
0.8109896183013916,-0.5544065169478004,0.3552563248978441,0.5084938720111438,-1.695062795382942,-1.3248758848368831,1.2106752481316738,-1.8171005313967004,2.32782981681505,3.444745508492387,0.173105558023189,0.3336965700819261,-0.2966264204310304,3.797688646907471,-0.5072687307940882,-0.4375112692462366,
0.8130295276641846,-0.5544055973651724,0.3552645892701917,0.508477046692496,-1.6957614929328884,-1.3243412849365113,1.21110522772192,-1.8149454080664824,2.1993006495266734,3.3929266420954862,0.1605995780764464,0.3396477769685631,-0.3175414893840891,3.79772345602002,-0.5072844664203089,-0.4367645422564905,
0.815070629119873,-0.5544091644565966,0.3552676009604592,0.5084814685226482,-1.6963796808668656,-1.3238278915398658,1.2115414666732156,-1.7305325215004892,2.295996312079001,3.276311798397498,0.1667275754495084,0.3399656517786826,-0.295440635582359,3.79772345602002,-0.5072687307940882,-0.4360244909869593,
0.8171107769012451,-0.5544118842457691,0.3552585378641912,0.5084815877472403,-1.6969834157834534,-1.3233254319129963,1.2119328314003546,-1.91068707206904,2.5619114345291774,3.344310483842956,0.1774441423634566,0.3513422355682976,-0.3015035921085092,3.797680063838623,-0.5072882811175745,-0.4352815786944788,
0.8191518783569336,-0.5543992756678714,0.3552735279292967,0.5084800821436314,-1.697640940399008,-1.3227894353570466,1.2123371504374278,-1.765369256989122,2.346738435709743,3.2565551169006217,0.1646310173717589,0.3457125229387119,-0.3019285337589192,3.79772345602002,-0.5072882811175745,-0.4345667997943323,
0.821192741394043,-0.5544028297406175,0.3552622447252379,0.5084863157229691,-1.6982412703478602,-1.3222908973038727,1.2127620056522617,-1.913247227305135,2.41954724736374,3.334186586154668,0.1613474985237118,0.3496743469479006,-0.3020164243112641,3.797712011928223,-0.5072806517230433,-0.4338310400592249,
0.8232324123382568,-0.5543999691185647,0.355270964736863,0.5084711749436304,-1.69888218971466,-1.321779992731694,1.2131606793308791,-1.6944022090470363,2.545537997060084,3.2834986611972474,0.1647070394364536,0.3507839746048822,-0.3069730516354878,3.797712011928223,-0.5072916189776819,-0.4331205526935022,
0.8252725601196289,-0.5544105549191911,0.3552706023083155,0.5084937999021927,-1.6994630936832007,-1.321290115886383,1.2135770419691914,-1.8747747022085677,2.369754276302656,3.406331921276908,0.1665559233866469,0.3578082877694888,-0.3126275500061148,3.79772345602002,-0.5072844664203089,-0.432390038167135,
0.8273136615753174,-0.5543996759545646,0.3552731828280329,0.5084741822817074,-1.700125986664154,-1.3207520025073107,1.2139967201637671,-1.7122348358441002,2.2792505879433897,3.4221145304757705,0.1655150016866146,0.348289392153363,-0.302817016010503,3.797712011928223,-0.5072844664203089,-0.431655232106344,
0.8293538093566895,-0.5544031733429035,0.3552539564152355,0.5084907122442583,-1.7006622049144595,-1.320289598780387,1.2143980347494914,-1.8637570256462128,2.362877302376636,3.410976853078917,0.1697149376623373,0.3604928284210741,-0.3037723430870025,3.797691984767578,-0.5072687307940882,-0.4309604803668421,
0.8313949108123779,-0.5544071492569425,0.3552630016869268,0.5084916799873501,-1.7012813691276722,-1.3197889760681647,1.2148081761522114,-1.6163767952108752,2.416832742756041,3.428038943857773,0.1654259394171149,0.3502719617673521,-0.2978466901138411,3.797712011928223,-0.5072687307940882,-0.4302485624896448,
0.83345627784729,-0.5544019261122175,0.3552564125419931,0.5084718646780113,-1.701986923587241,-1.319234075510387,1.2152682477790686,-1.7443779075076082,2.269152796068565,3.4906874837586623,0.1631924714553909,0.3590048472193747,-0.3030586853952248,3.797719641322754,-0.5072687307940882,-0.4294703642474573,
0.835503101348877,-0.5544094319565677,0.3552577915301848,0.5084941251908696,-1.7025408774431852,-1.3187526988996974,1.2156542477311612,-1.6833094679788296,2.669638343130055,3.568682446638181,0.1607047505798624,0.3515033229992995,-0.2996609001607488,3.797708197230957,-0.5072687307940882,-0.4287589232074182,
0.8375608921051025,-0.5544001321387648,0.3552754275610258,0.508484807400498,-1.7032272739632,-1.3181886796073876,1.2160580052665175,-1.6107111149157618,2.457887954702181,3.638061297683053,0.1616154484891331,0.3561099738106936,-0.2985287930311404,3.797712011928223,-0.5072882811175745,-0.4279974142657679,
0.839606761932373,-0.5544114124648186,0.3552512336443607,0.5084898428263888,-1.7044051691000492,-1.3172211157263742,1.2169023538025652,-1.5236335289827327,2.338834801787084,3.5416202371099152,0.1577737457495546,0.3528514551589775,-0.2962017962597112,3.797695799464844,-0.5072687307940882,-0.4265659491168421,
0.841649055480957,-0.5543987798792529,0.3552879375339894,0.5084862862626761,-1.7050339156701693,-1.3166692205860222,1.217274959816599,-1.6771806870585193,2.569026927193092,3.5813066311135886,0.153735851556842,0.3524195602785079,-0.2980901389070342,3.797676725978516,-0.5072725454913538,-0.42584735551943,
0.8436954021453857,-0.5544135924461415,0.3552685138491146,0.508478579457821,-1.7056669936525313,-1.316181477922038,1.2177472748647713,-1.6981268302078103,2.747254980276425,3.4504588958519338,0.1443977550528003,0.3543891922643681,-0.2983809270611268,3.797688646907471,-0.5072568098651331,-0.4251039663897913,
0.8457436561584473,-0.5544022773120428,0.3552740945872952,0.5084819760911283,-1.706290478062616,-1.31567734005507,1.2181215172013968,-1.5088144101948964,2.394708941812265,3.290639046191241,0.145663432866423,0.3551603244580208,-0.2956552731403734,3.797743006343506,-0.5072687307940882,-0.42442495027651,
0.847792387008667,-0.5544025021655813,0.35528182576559,0.5084717063690103,-1.7068968097317267,-1.315169745950959,1.2184934284808633,-1.612466466598358,2.619795630376579,3.470450805951625,0.1458591619697996,0.350006828251424,-0.2965480305308729,3.797695799464844,-0.5072916189776819,-0.4237058798419397,
0.8498404026031494,-0.5543958665381871,0.3552875129799104,0.5084970801709853,-1.7074843564080897,-1.314643412194715,1.218877948528578,-1.3313361817993294,2.539583456290133,3.2201546746310696,0.1584780836476616,0.3529646545704828,-0.2876107557567365,3.797695799464844,-0.5072916189776819,-0.4229715506183069,
0.8518893718719482,-0.5544043929362384,0.3552567596072302,0.5084907178439095,-1.7081203957029496,-1.314147276449805,1.2193597488099177,-1.5350407796838208,2.6374315526843763,3.403673254604834,0.1398961201981636,0.3484172172586867,-0.2946634729426412,3.797708197230957,-0.5072687307940882,-0.4222210089312952,
0.8539371490478516,-0.5544050059726621,0.3552822142515504,0.5084912729838141,-1.7087381451670625,-1.3136389170739913,1.2197049110385365,-1.4299310899192208,2.640516738263829,3.41565980930984,0.146849596144343,0.3456566745941294,-0.287831426578474,3.797715826625488,-0.5073073546039026,-0.4215214888202112,
0.8559846878051758,-0.5544094727686849,0.3552697373472585,0.5084692265439669,-1.7093877279889065,-1.3131354196605032,1.2201510062536491,-1.572941657933746,2.914970620143838,3.4029250059068854,0.1419185980713527,0.3500746122604838,-0.2970418007253994,3.797712011928223,-0.507303539906637,-0.420790974293844,
0.8580336570739746,-0.5544045138102721,0.3552620832736191,0.5084793341401689,-1.7099836008502225,-1.3126185390492964,1.2205733571827166,-1.4349051488389568,2.742318903965679,3.459125381438945,0.1537580771809424,0.3469332490051494,-0.2877290553493755,3.7977043825336914,-0.5072844664203089,-0.4200595060931604,
0.8602094650268555,-0.554407055242079,0.3552663015637534,0.5084982527198871,-1.7105891669267332,-1.3120962255166442,1.220987727933317,-1.4844857028303569,2.8793111378313987,3.27495307091046,0.1411435011966327,0.346023890207416,-0.2915628568031876,3.797712011928223,-0.5072796980487269,-0.4193127791034143,
0.8622579574584961,-0.5544045275544075,0.3552632653091038,0.5085074074391147,-1.711169375568124,-1.3115936993775823,1.2213661704361367,-1.280390355322779,2.633240373740383,3.3264194338095017,0.1563095531600432,0.3500296098398878,-0.2883600727411326,3.797688646907471,-0.5072882811175745,-0.4185965696917932,
0.864304780960083,-0.5544047146122182,0.3552625767244549,0.5084618843491198,-1.7118886555051729,-1.311063127297036,1.221835205955916,-1.3994988451911354,2.975983185984043,3.469278657587826,0.1363760031659429,0.3416588582232658,-0.3032245692331859,3.797712011928223,-0.5072844664203089,-0.4178631941424768,
0.8663508892059326,-0.5543988306858063,0.3552662428176195,0.508494260492859,-1.712468447116315,-1.310536547637667,1.222237518491077,-1.7130933030442463,2.646861920048803,3.414918125596455,0.150648976273549,0.3412653595063765,-0.2916618477753538,3.797726793880127,-0.5072687307940882,-0.4171283880816858,
0.8683955669403076,-0.5544105518026886,0.3552655159760488,0.5084916854738276,-1.713078613166518,-1.3100381779607482,1.2226619725132517,-1.5235606722317103,2.889212543740037,3.310713864730448,0.1465276559540552,0.3450117857337749,-0.3085151635086357,3.797712011928223,-0.5072687307940882,-0.4163935820208948,
0.8704507350921631,-0.5544094613534091,0.3552583054198465,0.5084831579035543,-1.7136935684629495,-1.309541351278494,1.2230474783958372,-1.585102428836689,2.5115900183321958,3.4440985870052345,0.1587782216961907,0.3416466226528675,-0.3006088902035236,3.7977043825336914,-0.5072882811175745,-0.4156859556781214,
0.8725059032440186,-0.5544107044624934,0.355269486966793,0.5084927372631265,-1.7142423641126954,-1.3090370440635613,1.2234269535118212,-1.6502796274172742,2.756962494286673,3.4006961288578106,0.1498101351706505,0.3468128597023626,-0.30395269908525,3.797641440028809,-0.5072806517230433,-0.4149706999408167,
0.8745608329772949,-0.5543980596089795,0.3552656249893945,0.5084947974666193,-1.7149415323503716,-1.3084628074572284,1.2238813943805535,-1.635593960724493,2.534705224905616,3.2757172999311908,0.1644843042080395,0.3430299845842691,-0.2956345179209722,3.797691984767578,-0.5072725454913538,-0.4141925016986292,
0.8766019344329834,-0.5544039754709701,0.355267371747326,0.5084853025986482,-1.7155882238225957,-1.3079699675389,1.2242903023291047,-1.788468707918109,2.7263430574810075,3.533664441525036,0.148584297883481,0.3433570483176505,-0.3085553290476587,3.797743006343506,-0.5072882811175745,-0.4134929815875452,
0.8786501884460449,-0.5544050584999854,0.3552693854986502,0.5084719262670829,-1.7162022474222278,-1.3074509911112733,1.2246825258876692,-1.5572774025746825,2.7122870754009027,3.3660744557432687,0.1603081948915742,0.3464465061028619,-0.2851169676243496,3.7976838785358886,-0.507303539906637,-0.4127548376666468,
0.8807237148284912,-0.5544061469848103,0.3552658096299328,0.5084973700560145,-1.7167964038010597,-1.3069137312534738,1.225134385592204,-1.6517521596229623,2.4341855200787945,3.5371073202540337,0.1669650406332315,0.3549716013641694,-0.3038517742885177,3.797676725978516,-0.5072687307940882,-0.4119842688189905,
0.8828048706054688,-0.5544085579605481,0.3552628141411779,0.5084981134737512,-1.7174323005223655,-1.3064000109656069,1.2255724330523177,-1.4154357230027528,2.05138816239564,3.4592222042812466,0.157654616609575,0.3460720121054549,-0.2992059074867477,3.797712011928223,-0.5072582403766077,-0.4112566153155725,
0.8848519325256348,-0.554401714977838,0.3552761431747002,0.5084843129938434,-1.7181349901761902,-1.305830893728454,1.2259688535100304,-1.7868168774875235,2.305345286850308,3.65463908686134,0.1648573193132308,0.3550520831066172,-0.2939617623952429,3.797719164485596,-0.5072954336749476,-0.4104865233050745,
0.8868978023529053,-0.554399204094959,0.3552733873771439,0.5084789287357252,-1.7187236057213326,-1.3053478728295729,1.226364880776816,-1.5026750546392131,2.318630433303695,3.504728017509419,0.1525309699296242,0.3441754247419737,-0.2985450795279984,3.797730608577393,-0.5072882811175745,-0.4098132292376917,
0.8889424800872803,-0.5544084084300602,0.3552618924445042,0.5084928853809463,-1.7193310837119782,-1.3048245231816182,1.2268159659418338,-1.8080212187373927,2.239317365465637,3.567091064417629,0.164866846255506,0.3593841213105416,-0.2840099971768485,3.797712011928223,-0.5072725454913538,-0.4090364615069788,
0.8909862041473389,-0.5544138156532472,0.3552629624149357,0.5084685910922561,-1.7200147646986172,-1.304284560695605,1.227252657938155,-1.4907923900941085,1.7984612809544462,3.4840289595582736,0.1607983324937633,0.3473278281561211,-0.2976613126322403,3.797695799464844,-0.5072882811175745,-0.40826923051943,
0.8930375576019287,-0.5544145816065416,0.3552634396276692,0.5084787437982533,-1.720601913596152,-1.303776751399876,1.2276525994273102,-1.657097500178828,1.6152879248591687,3.648020398478907,0.1613528271796523,0.3607078145935268,-0.2800765616143749,3.797688646907471,-0.5072844664203089,-0.4075492064105432,
0.895085334777832,-0.5544074282059027,0.3552812503666883,0.5084576027880955,-1.7213255381013994,-1.3032003657977878,1.2280736278616795,-1.4191391759670464,1.843697417973438,3.538451642765081,0.1458205562009281,0.3544024628732689,-0.2781220421772176,3.79771534978833,-0.5073073546039026,-0.4067829290973108,
0.8971335887908936,-0.5544021245297213,0.3552836506665334,0.5084826213839782,-1.7219188181755172,-1.3026433177314096,1.2284802978710418,-1.6392776676116678,1.8908614270927515,3.589754970734063,0.1593909073537943,0.361888650567555,-0.2662917283925722,3.79767291128125,-0.5073002020465296,-0.4060009161578577,
0.899181604385376,-0.5544046561420741,0.3552637334910193,0.5084639548813703,-1.7225913514017646,-1.302141180021268,1.2289465812686298,-1.6090693370567006,1.67953434737977,3.8404084182229337,0.1368081385207707,0.3543305495407656,-0.2799018387585131,3.7977358537861328,-0.5072882811175745,-0.4052851835833948,
0.901231288909912,-0.5543931388243619,0.3552828884992092,0.5084736217298391,-1.723217459398338,-1.301564242976302,1.2293316433287858,-1.6275382478345917,1.586888580436556,3.748403333799379,0.1568969263483433,0.3601560097609567,-0.2553475393616561,3.797691984767578,-0.507296387349264,-0.4045117537127893,
0.9032802581787108,-0.5543978622062222,0.3552725208899022,0.5084973219233666,-1.7237694752386312,-1.3010810637629473,1.229720161993258,-1.6135434215017557,1.6723832244810988,3.659581607958289,0.1467842776489507,0.363483828483315,-0.2639783536047101,3.797691984767578,-0.5072954336749476,-0.4038031736956995,
0.9053316116333008,-0.5544136320160953,0.3552586928127432,0.5084774546618316,-1.7244082725270162,-1.300585300304823,1.2301958423335706,-1.3722795235947387,1.4800312916360727,3.517758721016291,0.1422853999921447,0.3663337104394346,-0.2413230312160177,3.797688646907471,-0.5072763601886194,-0.4030640761004846,
0.9073829650878906,-0.5544099928058419,0.3552758301037439,0.5084752904162388,-1.7250239335980744,-1.300065340510043,1.230591566354386,-1.6747387298398444,1.722146692844036,3.753308881134252,0.1401649417545789,0.3640828337767758,-0.2477448963438687,3.7977043825336914,-0.5072725454913538,-0.4023645559894007,
0.9094789028167723,-0.5544104218417546,0.3552603292814086,0.5084780594633366,-1.72562462790758,-1.2995609816312648,1.2310263954573222,-1.4381762076431868,1.4501856569379503,3.7640456838531984,0.1461753479269523,0.3646866194487813,-0.2461603232843803,3.797708197230957,-0.5072534720050257,-0.4016416708575647,
0.9115307331085204,-0.5544093180377996,0.3552665296291899,0.5084905583643128,-1.7262537633934003,-1.2990170712952722,1.231428248156108,-1.6936700693267095,1.4650949018569366,3.848139325201097,0.1388663950399825,0.3633574387356285,-0.2410936243247949,3.797712011928223,-0.5072644392596644,-0.4008834997760218,
0.9136438369750975,-0.5544061803710356,0.3552530195839433,0.5084920485593798,-1.7274588536612363,-1.2980005773552366,1.2322394577780498,-1.769069690058309,1.31262937100407,3.699908548614496,0.1449176824600541,0.3690519399670366,-0.2335230218974475,3.797708197230957,-0.5072606245623987,-0.3994525114642542,
0.9156858921051024,-0.5543995816480272,0.3552651624895234,0.5084894654114405,-1.7280924216716422,-1.297461605470368,1.232622554917634,-1.4984511840020436,1.3508132710110574,3.54048411292477,0.1315286532075901,0.3624230770459433,-0.2312064488437871,3.797708197230957,-0.5072763601886194,-0.3987258116351526,
0.9177446365356444,-0.5544060404038216,0.3552617137073939,0.5084755379344844,-1.728716314712638,-1.2969583799419593,1.2330502409687143,-1.767763524920832,1.4673891326703987,3.817463515538547,0.1337267698327011,0.3673862889558854,-0.226180546232047,3.7977043825336914,-0.5072725454913538,-0.3980076948748987,
0.9198455810546876,-0.5543975890529773,0.3552658357078223,0.5085105714103257,-1.729284681269456,-1.2964044282682627,1.233443056219109,-1.4915296619968603,1.5310520981746567,3.385656534520678,0.1306311078254376,0.3647896170806162,-0.232890713524337,3.7976695734211434,-0.5072606245623987,-0.3972409407245081,
0.9219076633453368,-0.554404939340139,0.3552540833688751,0.5084798731358372,-1.730000573253849,-1.2958788479869254,1.2339068345548403,-1.732875129658551,1.2949110411121432,3.453347355897506,0.1386065771765486,0.3702239058884896,-0.2305664581096816,3.797719641322754,-0.5072725454913538,-0.3964937368976038,
0.9239497184753418,-0.5544068915510036,0.3552738736120839,0.5084690386125287,-1.7306206770583674,-1.2953584192101315,1.2342878471987395,-1.7488949882451603,1.4940709528749836,3.7286723581965537,0.1222745829074791,0.3533390070175836,-0.2296908254691111,3.7977043825336914,-0.5072882811175745,-0.3957827726947229,
0.925990343093872,-0.5544064797916287,0.355270396733114,0.5085019827013707,-1.7311484147384235,-1.2948453160020907,1.2347101980284114,-1.9037035615993072,1.5792163229036205,3.370515855908632,0.1314771686123862,0.3677925295037417,-0.2307378566898959,3.79767291128125,-0.5072444120990198,-0.3950513044940393,
0.928030490875244,-0.5544020689406598,0.3552670063756621,0.5084770247039208,-1.7318380699434606,-1.2943180506974603,1.235125856360043,-1.7893519427696634,1.6731889859228763,3.379026047373979,0.1266407791405277,0.36095101412912,-0.2336563841356018,3.797719641322754,-0.5072644392596644,-0.3943360487567346,
0.9300715923309326,-0.5544103758715626,0.3552577721555833,0.50847179166033,-1.7324489183121428,-1.2938164033200132,1.235510416832064,-1.7984648385301465,1.8783212089007864,3.3606325684800527,0.1159536051494439,0.3659200561774798,-0.2378414007764897,3.797691984767578,-0.507296387349264,-0.3936017195331018,
0.9321129322052002,-0.55440483868476,0.3552804411279623,0.5084708215939138,-1.7330434962839314,-1.2932833348608352,1.2359349907998176,-1.5986071169074068,1.606539725302078,3.186560035454587,0.1309441332781798,0.3652985299996147,-0.232103727527104,3.797684832210205,-0.5072568098651331,-0.392897907887594,
0.9341537952423096,-0.5544105404779351,0.3552594765776107,0.5084680343088301,-1.733695645449666,-1.292777465342785,1.2363120291341134,-1.841990420543476,2.113989503820683,3.3182293756456094,0.1306772189514856,0.3641553114037403,-0.2380683780466318,3.797708197230957,-0.5073145071612757,-0.3921564261065882,
0.936194658279419,-0.5544096678684922,0.3552648401735536,0.5084699317934227,-1.7342967589780318,-1.292265477518821,1.2367578282604388,-1.6642981185274863,1.722216913830326,3.521200460188177,0.1275081441475213,0.3519703623369224,-0.2368230467482849,3.79773919164624,-0.5072725454913538,-0.3914583365069788,
0.938234567642212,-0.5544138862863343,0.3552485452241344,0.5084822020353333,-1.7348634417321744,-1.2917679646806135,1.23717711399443,-1.8176240637857004,2.0397786184405566,3.2712224648735653,0.123385601911227,0.357576002154468,-0.2424497705537898,3.797719641322754,-0.5072568098651331,-0.3907325903521936,
0.9402756690979004,-0.5544093413152545,0.3552532800766589,0.5084856680039171,-1.735512799790215,-1.291221940041306,1.237539269202486,-1.7092767490693204,2.143328436973399,3.2755659842329456,0.1262909013867111,0.3547719686395129,-0.2463087461752158,3.797726793880127,-0.507303539906637,-0.3899834791766565,
0.942317008972168,-0.5543991930753895,0.3552739065911443,0.5084895746412844,-1.73606107779997,-1.2906993849704995,1.2379184735671238,-1.5648629052903285,1.931722145760048,3.339821751505418,0.1230073457872753,0.3602741114537512,-0.2491974606027072,3.797676725978516,-0.5072763601886194,-0.3892954031573694,
0.9443671703338624,-0.5544009420372464,0.3552672012931333,0.5084654575877283,-1.736738600183696,-1.2901741944505027,1.2383883990031137,-1.5379983488091886,1.9928617523223284,3.34702368239761,0.130346235791255,0.3566768137515541,-0.2520365134195849,3.797719641322754,-0.5072568098651331,-0.3885706106769007,
0.9464766979217528,-0.5544108964129479,0.3552612851153261,0.5084763777389296,-1.737366717876116,-1.2896474933446722,1.2387683544982555,-1.443413554680899,2.0908713795723965,3.6215291086699497,0.12992310385151,0.3487443680710764,-0.2518430551928788,3.797708197230957,-0.507303539906637,-0.3877986113177698,
0.9485299587249756,-0.554395238118568,0.3552778290579018,0.5084770252948373,-1.738025243218221,-1.2890683030511303,1.2392183204489782,-1.4825311572658713,2.527416541219676,3.4394236542425487,0.1171139939340963,0.3569702851737973,-0.2469195359456045,3.797743006343506,-0.5072653929339808,-0.3870561758624475,
0.950568437576294,-0.5544051057840764,0.3552673431775639,0.5084886742152376,-1.7385804058159973,-1.2885782284661444,1.2395976575539744,-1.3833186802599178,2.087352336232136,3.4710867001393297,0.1191185758748243,0.3488401069032151,-0.2578083549941039,3.797695799464844,-0.5072806517230433,-0.3863285223590296,
0.952627182006836,-0.5544087837538423,0.3552478185234731,0.50848726469537,-1.7391968184539788,-1.2880804141108304,1.240026624343138,-1.405132901615704,2.176067818175281,3.4563490408397644,0.1391449354497365,0.356095148629198,-0.2570515602687432,3.79772345602002,-0.5072763601886194,-0.3856132666217249,
0.9546787738800048,-0.5544012644560002,0.3552780141087377,0.5084594335128105,-1.7398844982512722,-1.2875047639391664,1.2404317482761376,-1.4528307900831472,2.3336353967631127,3.484525518843413,0.1244599265159264,0.3451990922012917,-0.2614847806492322,3.797712011928223,-0.5072882811175745,-0.3848708311664026,
0.9567248821258544,-0.554397900544985,0.3552713314220441,0.5085061634988693,-1.740376788791718,-1.2870100831790603,1.2407723655744771,-1.4841507515968306,2.038476436928148,3.692690517014422,0.1412067820953024,0.349448906482641,-0.2492961347294437,3.797676725978516,-0.5072916189776819,-0.384162727986471,
0.958770990371704,-0.5544113917469948,0.3552612702253803,0.5084819028578293,-1.741056779540617,-1.286479179056174,1.241293848055098,-1.5433620129780647,2.1152434922716865,3.726833810583861,0.1306021449116918,0.3441067146632493,-0.2658546024222247,3.797699614162109,-0.5072496573077601,-0.3834002653705042,
0.9608168601989746,-0.5544085864202108,0.3552584977350364,0.5084969202223025,-1.741681215828963,-1.285940315036625,1.2416940322464631,-1.262986190085457,1.7868639402313031,3.455087469588103,0.1432393764284407,0.3536132984400533,-0.2577751830014026,3.79772345602002,-0.5072606245623987,-0.3826540152179163,
0.962883234024048,-0.5543934262416194,0.3552847546744326,0.5084813686405423,-1.7423145141832133,-1.2853858894647885,1.2420251308736914,-1.1624647964210997,2.006105874362865,3.6809880383660927,0.1184874866543003,0.3458705865124449,-0.2725167690483124,3.797691984767578,-0.5073002020465296,-0.3819463888751429,
0.9649498462677002,-0.5543976469975722,0.3552795298713566,0.5084956119072448,-1.742924329481199,-1.2848641223073334,1.2424559154648105,-1.040058659667637,2.076177892461644,3.5148536839261406,0.1542072300679599,0.3506026793355326,-0.2456529112761864,3.797719641322754,-0.5072882811175745,-0.3812082449542444,
0.9670326709747314,-0.5544054760896381,0.3552542598148963,0.5084976686394606,-1.7435010448598611,-1.2843658957475392,1.2429150826252922,-1.215264103330394,2.247868036864129,3.6689623428293863,0.1331052704668228,0.3514057948726498,-0.26988349020751,3.797691984767578,-0.5072534720050257,-0.3804720083819788,
0.9690778255462646,-0.5544062573851215,0.3552612935887734,0.5084980943902907,-1.7441586363210015,-1.2838156217492256,1.2433450151962269,-1.0395526924247862,1.6448171234153024,3.667279035656266,0.1401451926993819,0.345229554563477,-0.2557426056219162,3.79772345602002,-0.5072534720050257,-0.3797205130206507,
0.9711227416992188,-0.554402045053022,0.3552757103877542,0.5084718448065734,-1.7449242019451787,-1.2831957641902825,1.2437808120275613,-1.3738573171830073,1.8523956450202708,3.5818304347444925,0.1367328617856613,0.3532593320007954,-0.2758350796635734,3.797730608577393,-0.5072916189776819,-0.3788955847369593,
0.9731686115264891,-0.5544001480883901,0.3552848601625396,0.5084718409768698,-1.7454848304159902,-1.2826955909172455,1.2441339494753936,-1.1027777513079415,1.933130610964988,3.637257559637627,0.1391944819505642,0.3433140485704701,-0.2612759034864564,3.797695799464844,-0.507303539906637,-0.378211800252096,
0.975233793258667,-0.5544068191313746,0.3552531428031754,0.5084899933076688,-1.7460530769062526,-1.2821841653672406,1.2446094463661428,-1.388887056402362,1.8658326634026048,3.650913754136388,0.1519625251328624,0.3524732522127569,-0.2648642745487619,3.79767291128125,-0.5072568098651331,-0.3774502913104456,
0.9772746562957764,-0.5544107618621024,0.355245987021,0.5084951846092766,-1.7466832240203358,-1.2816655938212564,1.2450345222938288,-1.1138619499590503,1.69909772788833,3.561131246907613,0.1526277741675624,0.3414409162615466,-0.2689117681553288,3.79771534978833,-0.5072568098651331,-0.3767216841327112,
0.9793155193328856,-0.5544021494607517,0.3552697360050935,0.5084744768008446,-1.7473718224788983,-1.2810768636445478,1.2454404215123198,-1.4448230863950084,1.803422543271124,3.823713701132813,0.1440736089513325,0.3504745322933544,-0.2614948065130436,3.797699614162109,-0.5072725454913538,-0.3759577910052698,
0.9813566207885742,-0.5544053400384521,0.3552551165411205,0.5084617133038549,-1.7479967571469786,-1.2805684828164854,1.245884151343672,-1.265996546809271,1.6391259005909191,3.6622333316795657,0.1450296456238314,0.3363646208416033,-0.2669399210426933,3.797712011928223,-0.5072568098651331,-0.3752415815936487,
0.9833979606628418,-0.5544058789496922,0.3552651460125688,0.5085026218544975,-1.7486123709871926,-1.2799880115909448,1.24626554693992,-1.6464261608224042,2.098538831879372,3.6234406529034513,0.1481253526963251,0.3540280063835829,-0.2710313808844807,3.7977043825336914,-0.5072844664203089,-0.3744309584247034,
0.985442876815796,-0.5544034645638592,0.3552779243891442,0.5084740547440034,-1.7492488284458223,-1.2794686112548137,1.2466826855281854,-1.4745560469918748,2.0084521889431923,3.5985435003200825,0.1318045853521668,0.3348078879554452,-0.2692816189325148,3.797712011928223,-0.5072725454913538,-0.3737466971026819,
0.9875071048736572,-0.5544107686770698,0.3552659680349241,0.5084742472600695,-1.7498585537946545,-1.278946847603587,1.247113132642866,-1.736087920078381,1.9313151200330057,3.736971657892376,0.1559286359979195,0.3480770513028913,-0.267442855998516,3.797691984767578,-0.5072687307940882,-0.3729952017413538,
0.9895639419555664,-0.554409600399228,0.3552748652707505,0.5084573925565286,-1.7505518555131294,-1.2783835908453856,1.2475132907785336,-1.3489501667120023,1.7431450188973745,3.543589189492366,0.1408539610802768,0.3414447508260996,-0.2746674987095858,3.797708197230957,-0.5073044935809534,-0.3722370306598108,
0.991628885269165,-0.5544202317571809,0.3552504133700409,0.5084707815336511,-1.7517006053644135,-1.2773736806877791,1.248361444046341,-1.4663296813465383,1.9372901601681796,3.3055278783768545,0.1437965532821825,0.3472905831520114,-0.2736921637680213,3.79767291128125,-0.5072687307940882,-0.3707888762103479,
0.9937379360198976,-0.5544061653476604,0.3552585046274101,0.508469566674306,-1.752357269373627,-1.2768070874492403,1.2487766048020017,-1.626954169814522,1.6004202465420907,3.537241244923621,0.1509824519656585,0.3515865133114376,-0.2790019724304024,3.797712011928223,-0.5072615782367151,-0.3700578848468225,
0.9958150386810304,-0.5544037178405523,0.355270477180808,0.5084795385649441,-1.7529312285056513,-1.2762919075306778,1.2491029082701892,-1.5392686514023597,1.731092386619804,3.4299329800851823,0.1265015643024146,0.3424320485318077,-0.2778153925219724,3.797691984767578,-0.5073002020465296,-0.3693574110614221,
0.9978656768798828,-0.5543982621789644,0.3552764544152563,0.5084762528371721,-1.7535781947632632,-1.2757470474372503,1.2495300075278648,-1.8163152303881176,1.6569930711557477,3.503865947607235,0.1487699762696155,0.3489126572246428,-0.2615767764177533,3.7977358537861328,-0.5072882811175745,-0.368636433278219,
0.9999184608459472,-0.5544120672143291,0.3552652862781345,0.5084852276940814,-1.7541502813952947,-1.2752432862084315,1.2500016647062968,-1.6627994172035758,1.733528989633775,3.5863847045772657,0.1425092345956696,0.3388792867854042,-0.2712378628561644,3.79772345602002,-0.5072410742389124,-0.3678987661944788,
1.0019683837890625,-0.5544065293059726,0.3552717534900762,0.5084697591104149,-1.7547923024086665,-1.2747150524614188,1.2503353936169632,-1.5193262143208015,1.5327139826640843,3.464708843483173,0.1383636203239425,0.3461963928382162,-0.257467194848877,3.79772345602002,-0.5073002020465296,-0.3671940008746546,
1.0040037631988523,-0.5544018983518755,0.355273219069745,0.5084558112256831,-1.7554552241650117,-1.2741468612251188,1.2508040556334,-1.5422950940084563,1.600487626418006,3.419063874722212,0.135214955415356,0.3477354348848794,-0.2669556628016123,3.797726793880127,-0.5072687307940882,-0.3664348761187952,
1.006044864654541,-0.5544064457562121,0.3552603869124127,0.5084772996360508,-1.7560399772491964,-1.2736225507040644,1.251218305245555,-1.5248329334430335,1.8183456663830595,3.4664326099892446,0.1357889579825743,0.3482618508755725,-0.2591116833894247,3.79772345602002,-0.5072653929339808,-0.3656829039203089,
1.0080857276916504,-0.5544093466823699,0.3552653174094971,0.5084782077585116,-1.7566419433317682,-1.2730829660892178,1.2516301006591917,-1.6176229295765088,1.5929802383239926,3.328688967063252,0.12469920234087,0.3509960020324832,-0.256748244054396,3.797688646907471,-0.5072606245623987,-0.3649357000934046,
1.0101265907287598,-0.5544017570202843,0.3552689322503802,0.5084778502827787,-1.7572844383892992,-1.2725407166039384,1.2520230613922936,-1.5362761852375708,1.9291085336433635,3.3826138076348995,0.1286148477280676,0.3501667773732487,-0.2514482111343152,3.797730608577393,-0.5072725454913538,-0.3642194906817835,
1.0121676921844482,-0.5544124762976708,0.3552558026866868,0.5084809475320702,-1.75788460949003,-1.2720211342914924,1.25242638445302,-1.4488662258657403,1.6433807516493573,3.3022834618853363,0.1202577152515784,0.3503632380799507,-0.2512136237424645,3.797691984767578,-0.5072916189776819,-0.3634598890887659,
1.0142087936401367,-0.5544030066533872,0.3552651975262066,0.5084589684406036,-1.758554520923262,-1.2714753601507085,1.2528434663247392,-1.3663349041018618,1.6504181082399574,3.2228684199525475,0.1125948303354524,0.3553638891638051,-0.2396974439077651,3.79773919164624,-0.5072882811175745,-0.3627603689776819,
1.016249656677246,-0.5544087575766383,0.3552737850097542,0.5084768783960635,-1.7591126689794598,-1.270953709704571,1.2532607161723337,-1.5672005267799511,1.735421604639416,3.364900685686835,0.115041094332811,0.3538296007266412,-0.2399616553002756,3.797719641322754,-0.5072606245623987,-0.3620336691485804,
1.0182898044586182,-0.5544088276449892,0.3552489534178387,0.5084903938057306,-1.7597065918049115,-1.270434571366175,1.2536513798049151,-1.346333274298998,1.562110636683255,3.32064800158476,0.1146745680939145,0.3542273882748326,-0.2308848014591122,3.797712011928223,-0.5072796980487269,-0.3612893263446253,
1.0203726291656494,-0.5544127252509613,0.3552607757649442,0.5084840544431912,-1.7603230603830695,-1.2698977742450783,1.2540869381625217,-1.443266196743161,1.634324532451919,3.610086235674297,0.1143654994111359,0.3540497652792811,-0.2212871577786491,3.797708197230957,-0.5072568098651331,-0.3605616728412073,
1.0224127769470217,-0.5543984135636293,0.3552728354702589,0.5084792792351471,-1.7609784056502098,-1.269308522110308,1.25447046409956,-1.200592392925088,1.3454358452239426,3.426900982863433,0.0961660498634025,0.3589255995276637,-0.2318185441875785,3.797688646907471,-0.5072763601886194,-0.3597992102252405,
1.02445387840271,-0.5544030493638357,0.3552599574569459,0.5084934308535667,-1.7615229930758465,-1.2688351469295494,1.2548348521945436,-1.3044229587869958,1.5505858542029762,3.3468701455698944,0.1124103847306953,0.365762860001087,-0.214093707942614,3.797695799464844,-0.5072882811175745,-0.3591225782977503,
1.0265085697174072,-0.5543976399624568,0.3552710724312173,0.5084926196028139,-1.7621798039958612,-1.268246746741548,1.2552726133541123,-1.2058224587803117,1.5797921167488052,3.282691494664003,0.0998318864195008,0.3631106631944624,-0.2227223837900163,3.797688646907471,-0.5072763601886194,-0.3583429495440882,
1.0285496711730957,-0.5544071603767947,0.3552706258376016,0.5084646217657475,-1.7628208109846797,-1.2677365640777232,1.2557026532115747,-1.032323245556658,1.2532074875950816,3.678447527181442,0.1092908835459268,0.3634044554739415,-0.2033595039853923,3.797691984767578,-0.5072763601886194,-0.3576348463641565,
1.0305907726287842,-0.5544007662965156,0.3552814169638651,0.5084711931967121,-1.7634669898621909,-1.2671678447430703,1.256099813301059,-1.1569911141578653,1.6579949364054385,3.618101752017344,0.0981720375353608,0.3634769085970554,-0.213306446555522,3.79771534978833,-0.5072882811175745,-0.356884781514303,
1.0326318740844729,-0.5544040851222924,0.355263704092314,0.5084779582251066,-1.764067471535111,-1.26664144218908,1.2565326269361785,-0.975280183881722,1.274735678245242,3.699651687943933,0.1141306645030935,0.3653670430993339,-0.1994076711316924,3.797708197230957,-0.5072763601886194,-0.3561375776873987,
1.034672737121582,-0.5544010534420979,0.3552695158300511,0.5084805629045672,-1.7646870785270738,-1.2660830062910369,1.2569353516196722,-1.1944887494050307,1.9135018825349568,3.6107309954063305,0.0907012392578293,0.3698331210233331,-0.2100345339275345,3.797688646907471,-0.5072796980487269,-0.355384651814596,
1.0367136001586914,-0.5544197778330376,0.3552455230928378,0.5084892237019365,-1.7652899061611385,-1.2655878992298903,1.2573856353133022,-1.091155183762049,1.594184803675705,3.732401175573776,0.098118085211724,0.3661603195880811,-0.1967463160938529,3.797712011928223,-0.5072725454913538,-0.3546417395221155,
1.0387544631958008,-0.5544131732130563,0.3552578257973111,0.5084811635946243,-1.7659234804229398,-1.2650248222529137,1.2578032624813478,-1.090074815727451,1.6135194943877071,3.488730850918316,0.0942285685795213,0.377211693734829,-0.2137482306779912,3.7977043825336914,-0.5072606245623987,-0.3539055029498499,
1.0407955646514893,-0.5544134507384122,0.355268184434546,0.5084651350377034,-1.7665459049244845,-1.2645109927808735,1.25818711675115,-0.9914600012678164,1.3389634126263614,3.6194199078476994,0.0997267683119565,0.3660507409775155,-0.2057064439008412,3.797726793880127,-0.5072725454913538,-0.3532245794879358,
1.0428366661071775,-0.5543974165590738,0.3552850735197658,0.5084858860411421,-1.767178653221014,-1.2638923204639614,1.2586037673371606,-1.3211928617705464,1.6102146311878305,3.670468458636438,0.1167197569832599,0.3779921737162183,-0.1972603094106361,3.797708197230957,-0.5072568098651331,-0.3524273077594202,
1.0448808670043943,-0.5544065907858394,0.3552703955895318,0.5084685351885156,-1.7677991155168986,-1.2633855625371262,1.2590051959519637,-1.0906857991681074,1.3992798425548814,3.656944247483621,0.1036563973443664,0.3658283575289655,-0.2139480693372692,3.797688646907471,-0.5072796980487269,-0.3517029921161096,
1.0469322204589844,-0.5544056237495774,0.3552659776662293,0.5085015047654113,-1.7683604682434573,-1.2628687489800925,1.2593945044415082,-1.5266476593798306,1.2407901643605066,3.950056377578948,0.1146826331595615,0.3750738008429496,-0.2077627052471389,3.79772345602002,-0.5072725454913538,-0.3509905974017542,
1.0489635467529297,-0.554410021933411,0.3552656756914011,0.5084873404281212,-1.7689864388305434,-1.2623413605782423,1.2597702657953709,-1.2587706976448303,1.5497157874853962,3.719731210316069,0.1034157510029333,0.3642095851326642,-0.2189172874011815,3.797699614162109,-0.5073073546039026,-0.3502619902240198,
1.0510106086730957,-0.5543989296106707,0.3552721476818579,0.5084824152720137,-1.7696274862359738,-1.261759361056907,1.2602201184076216,-1.3952539187681865,1.24329091553997,3.58712404638165,0.1205619532884922,0.3860879737263821,-0.2160180976675551,3.797695799464844,-0.5072725454913538,-0.3495076338397425,
1.0530519485473633,-0.5544045623942031,0.3552571825241264,0.5084937521067834,-1.7702355609949776,-1.26123806012256,1.2606458199662445,-1.2297631329880951,1.3610237738782358,3.5737997047584296,0.112779544772888,0.3670695320154575,-0.2159073093213017,3.79772345602002,-0.5072687307940882,-0.3487709204303186,
1.0550928115844729,-0.5544100189321545,0.3552668349754414,0.508489705741512,-1.7708718724388457,-1.2606688555529684,1.261083284048948,-1.6005438498342313,1.3101605106723992,3.939054814945544,0.127490218473676,0.3729173664030396,-0.21721686570671,3.797691984767578,-0.5072606245623987,-0.3479922453509729,
1.0571339130401611,-0.5544043598637637,0.355265291736501,0.5084640087859579,-1.7715480718435097,-1.2601217778455829,1.2614694427573383,-1.4584727082596698,1.5104437997271882,3.952441555621104,0.1139358993018245,0.3620298816335223,-0.2234555416308823,3.797712011928223,-0.5072954336749476,-0.3472722212420862,
1.0591745376586914,-0.5544077602702057,0.3552708913026501,0.5084836928961294,-1.7721613597809485,-1.2595700404484127,1.261909156630962,-1.5330467490404371,1.4036076985153412,3.576505762763703,0.1143518678461632,0.3784845998474508,-0.2254450101198221,3.797746344203613,-0.5072725454913538,-0.3465207258807581,
1.06121563911438,-0.5544124314793613,0.3552497601675936,0.5084775060172566,-1.7727597300239364,-1.2590446856698052,1.2623492289936602,-1.521712076447118,1.4839981488701468,3.515742067274864,0.1199534248760964,0.3701151277580162,-0.2277104060980671,3.797708197230957,-0.5072568098651331,-0.3457730452166956,
1.0632567405700684,-0.5544152391898561,0.3552511103183371,0.5084789276211593,-1.7734181752213776,-1.2584714741422711,1.2628076304514892,-1.5350608129287118,1.2699801109729276,3.5502290153278566,0.134850735521512,0.3741268733249546,-0.2276555516671919,3.797726793880127,-0.5072410742389124,-0.3449943701373499,
1.0652976036071775,-0.5544065771974072,0.3552731790213129,0.5084637136119383,-1.7741003869980445,-1.2578737722208206,1.2631716604106302,-1.5702329283301986,1.2581937577345748,3.846729518683934,0.1180597328359666,0.3654700308802061,-0.2283268908263882,3.797708197230957,-0.5072882811175745,-0.3442271391498011,
1.0673377513885498,-0.5544014426746577,0.3552778321820363,0.5084805906995246,-1.774683975146386,-1.257320253910371,1.2635764999661687,-1.618682951981833,1.1018980531054907,3.831753604346957,0.1250123405589253,0.3646193825956756,-0.2303180727960887,3.797695799464844,-0.5072725454913538,-0.3434866110431116,
1.0693786144256592,-0.5544103018236834,0.3552550110962765,0.5084644876431318,-1.775310997802216,-1.256811944114269,1.2639940274818873,-1.81658398014193,1.2675167380545949,3.888802521601604,0.1176520420161796,0.3653562718549485,-0.2398435876579994,3.797691984767578,-0.5072882811175745,-0.3427589575396936,
1.0714209079742432,-0.5543933961908869,0.3552938624916504,0.5084589122692221,-1.7760339910246905,-1.2561697399958336,1.2643714381490376,-1.5971718079200852,1.470907857716344,3.646770173305924,0.1150506753360186,0.3666820456646579,-0.2304302480387606,3.79772345602002,-0.5073264280902308,-0.3419740835772913,
1.0735442638397217,-0.5544062999085054,0.3552610860689805,0.5084869685925786,-1.7765681685062904,-1.2556723330181867,1.2648490590989774,-1.713223306641496,1.4148461105425392,3.6704410571255535,0.121545163461796,0.3700031966696073,-0.2316200533296868,3.797712011928223,-0.5072687307940882,-0.3412283102618616,
1.0755937099456787,-0.554409856753842,0.3552665165251709,0.5084870914132016,-1.7777525175705735,-1.2546243002703714,1.265647782977812,-1.6631091526570214,1.169531165969231,3.892575138563589,0.1221785253126823,0.368071680737387,-0.2250838322182807,3.797708197230957,-0.5072606245623987,-0.3398087660418909,
1.0776348114013672,-0.5544035160395265,0.3552779722828386,0.5084859172143671,-1.7783715441938397,-1.2540614891894368,1.266029315956072,-1.4887505015745588,1.2555074977312548,3.5611809783009245,0.1147155140771499,0.371008177830863,-0.2284247586440224,3.797691984767578,-0.5072725454913538,-0.3390720526324671,
1.0796756744384766,-0.5544099830551813,0.3552480356629325,0.5084907178439095,-1.7789730288970562,-1.2535527400013058,1.2664601084217892,-1.6602144154963496,1.4295597299557528,3.437645203385795,0.1137472251796899,0.3789798099504735,-0.225576747803806,3.797708197230957,-0.5072687307940882,-0.3383401075946253,
1.0817468166351318,-0.5544087364500279,0.355261632116852,0.5084974158588738,-1.779603121667644,-1.252966874005786,1.2668923288339482,-1.5932047955039077,1.441047212688532,3.707836202466437,0.1149776885249815,0.3654370011119209,-0.2244952327370328,3.797691984767578,-0.5072534720050257,-0.3375619093524378,
1.08381986618042,-0.5544159702704738,0.3552543592973096,0.5084742882223137,-1.7802496720530443,-1.252455892634261,1.267294997323214,-1.6829664261090924,1.3840037734358706,3.806372162690523,0.108671780031238,0.368552948361009,-0.2233307433765739,3.797719641322754,-0.5072763601886194,-0.336860481892721,
1.0858650207519531,-0.5544077194285175,0.3552654560162976,0.5084942848195813,-1.7807951039165093,-1.2519180170442792,1.2676541072545304,-1.571566612194666,1.2434454260670382,3.694597218722113,0.1235784953957868,0.3708005888685836,-0.2184467299707906,3.797691984767578,-0.5072725454913538,-0.3361533323871057,
1.0879058837890625,-0.5544195268171132,0.355246391899188,0.508474257148432,-1.7814644833996625,-1.251391979512653,1.268128992649923,-1.5819646195033916,1.4741105326558264,3.8331638956304745,0.1192528947000444,0.3712394775447067,-0.2152343776290128,3.7977358537861328,-0.5072606245623987,-0.3354132811175745,
1.089946746826172,-0.5544063851803855,0.3552482331280462,0.5085042938493575,-1.782011020141928,-1.2508292883115146,1.268508737618132,-1.685971296603386,1.126962786872887,4.021345752683801,0.1149568249360218,0.3608691722244553,-0.2155024702271829,3.797695799464844,-0.5072444120990198,-0.3346698919879358,
1.0919885635375977,-0.5544118555876802,0.3552613134421017,0.508462517822454,-1.7827551790034586,-1.2502402616716797,1.2689393516161376,-1.691450101428258,1.471519528581309,3.813006958927124,0.1072444901313162,0.3722792799682946,-0.218628726779388,3.797712011928223,-0.5072806517230433,-0.3338945547686975,
1.0940566062927246,-0.5544070966130467,0.3552666008518585,0.5084993380958802,-1.7832806683699705,-1.2497013164839357,1.2692954423185698,-1.6821803796818229,1.6918770163846135,3.87758103453166,0.1086523084402231,0.3689765843924917,-0.2177896600284526,3.797676725978516,-0.5072806517230433,-0.3331645170794886,
1.096113681793213,-0.5544110621934698,0.3552580916034982,0.5084819929512209,-1.78395172582363,-1.249147359196794,1.2697477798919998,-1.5807582831161648,1.4009069717049196,3.828521914023489,0.109467553172319,0.3732595615162507,-0.2189229662531397,3.797701044673584,-0.5072763601886194,-0.3324125448810022,
1.098163604736328,-0.5544127075341756,0.3552606297722423,0.508472406169251,-1.7845685885543303,-1.2486169367434743,1.2701579453516063,-1.5919430066695963,1.6115180307871235,3.801741863783045,0.1056835803344214,0.3698979751691441,-0.2174816304459396,3.797712488765381,-0.5072725454913538,-0.3317039648639124,
1.100210428237915,-0.5544022608006359,0.3552801956216899,0.5084650346495064,-1.7851984732153725,-1.2480373598563166,1.2705301296442495,-1.7430050590851631,1.6087588285680556,3.755990126041229,0.1004183528639374,0.3704371089669938,-0.2155920738499008,3.797688646907471,-0.5072882811175745,-0.3309672514544886,
1.102257251739502,-0.554405775678312,0.3552647594321741,0.5084906200746738,-1.785719166852929,-1.247557316574689,1.270922177174704,-1.527810791401678,1.6311805608260224,3.5458353128779585,0.1038285969130827,0.3758392955273711,-0.2146359648607078,3.797708197230957,-0.5072677771197718,-0.3302920500384729,
1.104285717010498,-0.5544026688318919,0.3552782431037917,0.5084654137478796,-1.7863749247087042,-1.246995215889478,1.2713029641291131,-1.5247164257423746,1.7677493048970008,3.510742199999287,0.1081263339422255,0.3778965188556098,-0.2236904468010689,3.797691984767578,-0.5072954336749476,-0.3295639196978968,
1.1063470840454102,-0.5544068522550084,0.3552625709119048,0.5084884276993769,-1.7869588091882138,-1.2464490796696448,1.2717669137132992,-1.6350537979489803,1.5970146517291548,3.7220006240209127,0.1038750284203265,0.3702639774671661,-0.2180076603598824,3.797695799464844,-0.5072534720050257,-0.3287985960589807,
1.1083927154541016,-0.5543974735134929,0.35527408170173,0.5084808475485637,-1.7875687595395748,-1.2459121911690398,1.272122334593829,-1.6396552139405522,1.662016826431868,3.712831054389613,0.100908299123791,0.3748089761200993,-0.2212749491256007,3.797712011928223,-0.5072725454913538,-0.3281162420855921,
1.1104485988616943,-0.5544051111637744,0.3552622753415795,0.5084882615198412,-1.7881988506245063,-1.2453668887717764,1.2725672515661677,-1.4627458901122443,1.6259961888780332,3.509190598742676,0.1097139422912308,0.3750281591029385,-0.2259354495276083,3.79773919164624,-0.5072644392596644,-0.3273566404925745,
1.1124897003173828,-0.554412412139839,0.35526214854314,0.5084711570544731,-1.788829385560714,-1.2448332958290445,1.2729527621974464,-1.776391503714812,1.908641275345179,3.6653293616842864,0.0881464234243771,0.3722480815638332,-0.2321045444018754,3.797719641322754,-0.5072954336749476,-0.3266256491290491,
1.1145296096801758,-0.5544125366276172,0.355251754040692,0.5084736814170906,-1.7894279777202362,-1.2442923285238865,1.2733828236104463,-1.590158077082437,1.5710986662340571,3.594876149857721,0.1128120956855005,0.3759110695086397,-0.2218427093340497,3.797712011928223,-0.5072763601886194,-0.3258884588824671,
1.1165707111358645,-0.5544093666053754,0.3552640780983777,0.5084743131385846,-1.790041144829838,-1.2437332785808295,1.2737828949698835,-1.6483855147817357,1.964125177234353,3.609995114946519,0.1040677373680801,0.374693616947321,-0.2348406280076053,3.797712011928223,-0.5072725454913538,-0.3251593748675745,
1.1186118125915527,-0.5544161865961277,0.3552647172197505,0.5084769432038976,-1.790689630771326,-1.2431640654946563,1.274235730221595,-1.4988553612388409,1.8926453856357417,3.62389786931169,0.1053265529401592,0.3730667228998514,-0.2233406996933052,3.797730608577393,-0.5072606245623987,-0.3243845144854944,
1.1206517219543457,-0.5544126734777459,0.3552604524931572,0.5084812965599931,-1.7912815764873655,-1.2426053445490644,1.274619407991238,-1.575062050789599,1.932801323398455,3.623836825245171,0.0996937842180473,0.3729128028770175,-0.2387565252048178,3.797680063838623,-0.5072725454913538,-0.3236292044269007,
1.1226933002471924,-0.5544004940525129,0.3552706651689396,0.5084877106281058,-1.7918947797628608,-1.2420395064737246,1.2750217637349417,-1.6228771129131714,1.929245086272958,3.734979782523861,0.1105644372096333,0.3716936443168647,-0.2348555453393072,3.797708197230957,-0.5072568098651331,-0.322913948689596,
1.1247336864471436,-0.5544088990100692,0.3552545675299162,0.5084736124411887,-1.7925413492161713,-1.2415164279422055,1.275396219684613,-1.7526847773090497,2.2679236158588445,3.781562549111033,0.1062480748085021,0.3704808684121041,-0.2350700801497445,3.797719641322754,-0.5073106924640101,-0.3221824804889124,
1.126800775527954,-0.5544143579689165,0.3552553149652301,0.508479548312934,-1.7930737144629758,-1.241014783284998,1.2758453112327317,-1.562808788230059,1.8765182834311325,3.675715056174286,0.1169146313588217,0.3697424367310705,-0.2344570769806636,3.797708197230957,-0.5072444120990198,-0.3214996496783655,
1.1288456916809082,-0.5544120833574198,0.3552540161551606,0.5084832958440906,-1.7937043588445143,-1.2404503296131992,1.2762263979014248,-1.5952151496223228,1.7855321526195165,3.560946467566133,0.1125875499903023,0.3736839834268601,-0.2474312299639387,3.797708197230957,-0.5072725454913538,-0.3207457701312464,
1.130892038345337,-0.5544060251798311,0.3552593905289793,0.5084797586358032,-1.794342110930121,-1.2398716506107337,1.276645851103399,-1.5120974742137463,1.5098152082103464,3.66393429012446,0.1219319051242824,0.3695265388664916,-0.243489051212032,3.797708197230957,-0.5072653929339808,-0.3199942747699182,
1.1329376697540283,-0.5544125159404473,0.3552536173110628,0.5084861539900543,-1.7949187777444195,-1.2393578212265055,1.2770194306282028,-1.8412584718633855,1.840892382609273,3.677101415967333,0.1097284096948096,0.3731439331666375,-0.2507759460716102,3.797701044673584,-0.5072844664203089,-0.3192818800555628,
1.1349825859069824,-0.554402561808206,0.3552540227176561,0.5084738216966513,-1.795564641406714,-1.2387845009355811,1.2774626135857456,-1.7723214090983437,1.623107133469531,3.788675839997481,0.1215729865518775,0.3640322864404599,-0.2428239594697928,3.797719641322754,-0.5072568098651331,-0.3185504118548792,
1.1370275020599363,-0.5544055471510265,0.3552646048088139,0.5084777998473808,-1.7962016335232551,-1.2382104341067128,1.277868315631602,-1.7986267762126775,1.9678289576217167,3.676426255189427,0.1343573641863207,0.37217654588038,-0.2372219345938273,3.79772345602002,-0.5072687307940882,-0.3177865187274378,
1.1390714645385742,-0.5544029003541138,0.3552728201302358,0.5084666821958241,-1.7968362764147514,-1.2376375934510278,1.2782894052530918,-1.6369232964561218,1.3260571153748473,3.751970476320659,0.1164570953718663,0.3633504131288424,-0.2481512189249601,3.797708197230957,-0.5072606245623987,-0.3170397917376917,
1.1411125659942627,-0.5544023192658976,0.3552573031277204,0.5084898105060993,-1.797430424188658,-1.2370919776487703,1.2786869852992429,-1.8677495353160116,1.2342258516380755,3.878585021244689,0.129387505370782,0.3700233006766132,-0.2390754976949307,3.797726793880127,-0.5072687307940882,-0.3162906805621546,
1.1431539058685305,-0.5544091791320161,0.3552754950519441,0.50849988314353,-1.7980295630872447,-1.23652970453715,1.279078432294512,-1.692211998562558,1.5671974837860048,3.778188981714486,0.1165105075659813,0.3630919929341952,-0.2487602778184812,3.7977043825336914,-0.5072773138629358,-0.3155353705035608,
1.1452021598815918,-0.5544017907670475,0.355269005382518,0.5084795974335079,-1.79865665805945,-1.2359705880237128,1.2795103791119269,-1.797368842760271,1.4128665130268372,3.899035514052497,0.1279426860810486,0.3698842551074811,-0.2364879118342903,3.7976838785358886,-0.5072568098651331,-0.3148077170001429,
1.1472532749176023,-0.5543984488684948,0.3552761166510219,0.5084761704470795,-1.7993425968082712,-1.2353639320018357,1.279913077902528,-1.5998731267908293,1.454998780167856,3.777870487164844,0.1223189333066372,0.3659440626137971,-0.2433074686415479,3.797695799464844,-0.5072882811175745,-0.3140166441546839,
1.149301528930664,-0.5544018220583011,0.3552680450826713,0.5084875803512471,-1.7999434043127005,-1.2348091240223191,1.2803689986770737,-1.766940314959606,1.419185697924246,4.054834029375746,0.1240716256221345,0.3618987471944582,-0.2245192496325079,3.797701044673584,-0.5072534720050257,-0.3132603804217737,
1.1513495445251465,-0.5544126593559215,0.3552502707838592,0.5084715812873494,-1.8005932006429526,-1.2342677785051128,1.2808150466912556,-1.6656962688750818,1.197373944211558,4.02719985687258,0.1199637708175773,0.3590938039795935,-0.2323258848811184,3.7977043825336914,-0.5072568098651331,-0.3125041166888636,
1.1533946990966797,-0.5544048471900811,0.3552650543793533,0.5084691087304818,-1.8012238068676758,-1.2336788214365677,1.2811725542509584,-1.7125614211404776,1.4474169348230383,3.825731445854208,0.1240221077165458,0.3680289391708561,-0.2239839602304156,3.79767291128125,-0.5072916189776819,-0.3117478529559534,
1.155437469482422,-0.5544082261518043,0.3552542205392195,0.508484384315284,-1.8018680159384737,-1.2331159533424776,1.2815974507537495,-1.794347170634206,1.4177465456120686,3.7577595255352416,0.1095553324127113,0.366921056356229,-0.2375025606154653,3.797726793880127,-0.5073002020465296,-0.3109830061541956,
1.1574773788452148,-0.5544067961056103,0.3552633650866046,0.5084882800622474,-1.8024437135141036,-1.2325582202530512,1.282014183877233,-1.88388662528587,1.518412505647719,3.767085978661553,0.1121998142321407,0.3657717625681732,-0.2192814712143806,3.797688646907471,-0.5072725454913538,-0.3102482000934046,
1.159517526626587,-0.5544005067856579,0.3552700087411368,0.5084864303448893,-1.8030918350880003,-1.2319765563862155,1.2824318076446797,-1.7567035860594384,1.347015255951981,3.8740034385691855,0.1152234691396413,0.3662509870960245,-0.2229088979157118,3.79771534978833,-0.5072687307940882,-0.3095029036151331,
1.161557674407959,-0.5544090247444812,0.355263470770624,0.5084800075245484,-1.804313918014722,-1.2308950033908672,1.2832690798557291,-1.7139905211030728,1.1374203781104857,3.8154489393700266,0.1152469412148413,0.3745428728347287,-0.2152938857145761,3.797726793880127,-0.5072568098651331,-0.3080466429339807,
1.1635985374450684,-0.5544123050824805,0.3552622023555528,0.5084601960162112,-1.80499877169753,-1.2303078455385574,1.2836726282946236,-1.68214852416336,1.1747630878382422,3.708073528611594,0.1209957068281873,0.3704371330764835,-0.2112404052184898,3.797712011928223,-0.507296387349264,-0.3072627226458948,
1.165642499923706,-0.5544117685502031,0.3552421782866259,0.5084746853934023,-1.8055784141580755,-1.2297692959527826,1.2840843129843824,-1.6118961412906785,1.1424053102427296,3.796120404760365,0.0975837182644306,0.376359567634049,-0.2256393318891123,3.797708197230957,-0.5072882811175745,-0.3065231482135218,
1.167691707611084,-0.5544073322268328,0.3552595854896788,0.5084858790292746,-1.8061205913405176,-1.2292411482958645,1.2844717581055372,-1.5980625218640818,1.212679408305826,3.7660540187078833,0.1068724308351716,0.370804934479663,-0.2056119936950667,3.797708197230957,-0.5072568098651331,-0.3058484236346643,
1.1697416305541992,-0.5544155463901856,0.3552568165319562,0.5084748063855189,-1.8067660069650255,-1.2286829405020234,1.2849080032928697,-1.6786477961806392,1.0599183518694533,3.932740483497744,0.1133877029899894,0.3766421969994863,-0.2209332846360771,3.797712011928223,-0.5072568098651331,-0.3050926367389124,
1.1718008518218994,-0.55440955607722,0.3552574683145975,0.5084934962357894,-1.8073692202737448,-1.2281127330121215,1.2852890440970035,-1.3812442235922886,0.974573513467877,3.797964383486366,0.1111493239246011,0.3729702219958046,-0.2057243911899069,3.79772345602002,-0.5072687307940882,-0.3043454329120081,
1.1738407611846924,-0.5543993763312198,0.3552635988122122,0.5084945063826545,-1.8079690732360625,-1.2275410016495127,1.2856871557950251,-1.6884278844215554,1.011194447619959,3.7603208588265,0.1097659927048052,0.3826772905798262,-0.2023940204695326,3.797708197230957,-0.5072568098651331,-0.3036163488971155,
1.1758825778961182,-0.5544092338169352,0.3552536127910631,0.5084849574028383,-1.8086068379936064,-1.2269852445826814,1.2860852655991957,-1.754773996871973,0.9130538822085044,3.7734651959504304,0.1121993550427664,0.3752196645244735,-0.2088039025197854,3.797680063838623,-0.5072916189776819,-0.3028453032123011,
1.1779239177703855,-0.5544088180119846,0.3552681118616311,0.5084784064823213,-1.809249152121243,-1.2264035212338102,1.2865412060579169,-1.8930135069577856,0.9855978154727084,3.779972522981552,0.1042049398202678,0.3838626720246436,-0.2098521439453929,3.797701044673584,-0.5072568098651331,-0.3021004835711878,
1.1800055503845217,-0.5544048532998458,0.3552637329733485,0.5084870816971085,-1.8098529839092723,-1.2258518044522464,1.2869385647610327,-1.5945746417103102,0.91119000769299,3.729253507083,0.0998433950334013,0.3783636720496682,-0.2100863218217374,3.79772345602002,-0.5072568098651331,-0.3013761679278772,
1.1820611953735352,-0.5544060033398687,0.3552688503233412,0.5084806186543329,-1.8104638256676795,-1.22530927372987,1.2872720319359856,-2.0461304178297786,1.0575675797466926,3.910324140759973,0.1011580439159285,0.3841965999204057,-0.2073302824044328,3.797708197230957,-0.5073111693011683,-0.3006590048419397,
1.1841025352478027,-0.5544082246589553,0.3552575844056133,0.508491745033726,-1.8110292369712648,-1.2247646532265004,1.2877482121588604,-1.7498038822944524,1.1416399548445737,3.678196263745897,0.100658247850845,0.3831857711961711,-0.1983354603988256,3.797695799464844,-0.5072444120990198,-0.2999199072467249,
1.1861436367034912,-0.5544010997319228,0.3552619156456367,0.5084651237846891,-1.8116910078801816,-1.2242136108269146,1.2880998445478813,-1.821412117379004,0.98847797329104,3.680089650344706,0.0859946767076396,0.3874509945931467,-0.2097078742903735,3.797726793880127,-0.5072916189776819,-0.2992280165301721,
1.1881844997406006,-0.554418931508278,0.3552659340534286,0.5084592493751161,-1.8122769533946308,-1.2236963507464798,1.2885105897501783,-1.7714877198383925,1.0444174695876225,3.900414845765048,0.1074771172519573,0.3782331644878113,-0.1946427270267987,3.797708197230957,-0.5072916189776819,-0.2985075155841272,
1.1902258396148682,-0.5544083834460163,0.3552618464656725,0.5084826822440762,-1.8128664304336544,-1.2231147833417808,1.2889218810734206,-1.810305252344728,1.2395899116907654,3.715019131892952,0.0996650700258861,0.3896398151547779,-0.2058964124591739,3.797712011928223,-0.5072725454913538,-0.2977522055255335,
1.1922667026519775,-0.5544035231485077,0.3552534971906742,0.5084728939446581,-1.8134918402728304,-1.222562551030981,1.289338963714492,-1.7245799496035938,1.1496180978089947,3.422593944955508,0.0914680731137446,0.3906048654370537,-0.1969567860063378,3.797730608577393,-0.5072644392596644,-0.297035042439596,
1.1943275928497314,-0.5544033879302338,0.3552692359530641,0.508482492307548,-1.8140788506288992,-1.2219958888544418,1.2897005762068277,-1.897016296509061,1.395837831339744,3.5875921210106814,0.0978167074195088,0.3927547045349305,-0.1980029096486192,3.797701044673584,-0.5072844664203089,-0.2962940374957483,
1.1964285373687744,-0.5544152503150203,0.3552527256204783,0.5084981640221927,-1.8146322544833056,-1.2214752255445778,1.2901326483574656,-1.673565880646782,1.2632504263412083,3.669936083072738,0.0929098857315854,0.38600557786869,-0.2006195153963401,3.797680063838623,-0.5072606245623987,-0.2955544630633753,
1.198497295379639,-0.5544026170391297,0.3552771877413412,0.5084832742085588,-1.8152988203903624,-1.2208718459017094,1.290514319783743,-1.95909799745434,1.1896616054048177,3.807754772201609,0.0940911641328362,0.389818230616558,-0.1941634222054457,3.797699614162109,-0.5072763601886194,-0.2948234716998499,
1.2005527019500732,-0.5544077338585109,0.3552604003994226,0.5084814504181187,-1.8159267963128407,-1.2203233732385437,1.290948679226508,-1.8449776013916617,1.327925280294695,4.023307160090688,0.0990040971028321,0.3813738552430153,-0.1996933252679603,3.797719641322754,-0.5072725454913538,-0.294077221547262,
1.2026033401489258,-0.5544136768087979,0.3552576797439292,0.5084659278135666,-1.816520529312808,-1.2198104160196053,1.2913455899070043,-1.8479170108971703,1.2367328205026231,4.022948963440403,0.0990515255240545,0.3842968108426598,-0.1901685901150379,3.79772345602002,-0.5072725454913538,-0.2933934370623987,
1.2046654224395752,-0.554405981727524,0.3552666493336536,0.5084973590068547,-1.817087317108504,-1.2192109407117355,1.291724474455804,-1.782492698867339,1.2167827303379948,3.8329144443510743,0.0913049341973991,0.3856404750361194,-0.1993965851748122,3.79767291128125,-0.5072725454913538,-0.2926090399371546,
1.2067065238952637,-0.5544060506451699,0.3552667840539644,0.5084776661470836,-1.8177813665357183,-1.218620572808663,1.2921523640468782,-1.745533727830463,1.3686777114020017,3.77127138619792,0.0931487269922838,0.3908879435958967,-0.19640988185428,3.7977043825336914,-0.5072882811175745,-0.2918465773211878,
1.2087702751159668,-0.554405226623328,0.3552599821114008,0.5084729637901568,-1.8183773550576312,-1.218070275613217,1.292590267204465,-1.6731921394469005,1.4477908009105442,3.806548831981242,0.0903211364693033,0.3899137220967081,-0.2030028702464617,3.797695799464844,-0.5072568098651331,-0.2911208311664026,
1.2108192443847656,-0.5544041771025625,0.3552695321233309,0.5084925742097516,-1.818951938143137,-1.2175291654423903,1.292938150546606,-1.871859528975615,1.2828220254798006,4.007005511370439,0.0990545402623769,0.3895853706028898,-0.2007146244021127,3.797719641322754,-0.5072796980487269,-0.2904165426837366,
1.2128655910491943,-0.554406455597946,0.355261681597213,0.5084914742216965,-1.8195622387549013,-1.2169601301895183,1.2933866054500902,-1.7891227930767066,1.0879137537299002,4.09129565518254,0.1127282564628636,0.3850986902300699,-0.1965351797534536,3.797699614162109,-0.5072534720050257,-0.289654556904928,
1.214906930923462,-0.5544148811759638,0.3552512664457634,0.508489022051299,-1.8201737561234592,-1.216411168574658,1.293801456070573,-1.893523297097793,1.108141428004235,3.9932483351677694,0.1052343211110561,0.3877144318457937,-0.2017925495816702,3.797684832210205,-0.5072606245623987,-0.2889021078692835,
1.2169477939605713,-0.5544095216546537,0.3552711349907802,0.5084731286893558,-1.820847451015995,-1.2158340699218533,1.2941553499599878,-1.9043746213533617,1.0144276337591402,3.8840263515370697,0.1109852835675533,0.3900591690970002,-0.200446902912834,3.7977358537861328,-0.5073073546039026,-0.2881916205035608,
1.2189888954162598,-0.5544103545449168,0.3552612689517866,0.5084682634672852,-1.821431357069406,-1.2152844766076345,1.2946159606877066,-2.179025057528162,1.3537090559528857,3.979692057405814,0.1081626493264111,0.3896321625706903,-0.2073062597468623,3.797712011928223,-0.5072568098651331,-0.287459675465719,
1.2210297584533691,-0.5544131755071944,0.3552675877861215,0.5084714998132491,-1.8220211498454384,-1.2147273917875596,1.2950110049145107,-1.8603737204057933,1.2116371642561294,4.0005561337813305,0.1191298995320413,0.3889476697855888,-0.2046431413341674,3.797691984767578,-0.5072568098651331,-0.2867243925677698,
1.2230706214904783,-0.5544065093666642,0.3552726557910551,0.5084714987331854,-1.822688780707988,-1.2141080323575344,1.2953831618536558,-1.854544203993178,1.272894570879348,3.966507663737047,0.1127732927235116,0.3849699168027243,-0.2093568838085978,3.797680063838623,-0.507303539906637,-0.285929028187887,
1.2251105308532717,-0.554402697687365,0.3552773921128939,0.5084749187160646,-1.8233050066151455,-1.2135342737817842,1.295816074143195,-1.8975432893609951,0.9722621323367124,3.953447531791512,0.1209773924678126,0.3832053804485048,-0.206615355252717,3.7977043825336914,-0.5072763601886194,-0.2851956526385706,
1.2271506786346436,-0.5544123739882616,0.3552547623513805,0.5084995609777773,-1.8238569918662235,-1.2130087280527204,1.2962431007948991,-1.915710425959121,0.9030131569447314,4.173891794489134,0.1084850037162493,0.3877235243447127,-0.2218514470258745,3.797699614162109,-0.5072568098651331,-0.2844513098346155,
1.2291924953460691,-0.5544095090635573,0.3552583991023233,0.5084839268447867,-1.824495937521136,-1.2124426729231597,1.2966142091077912,-1.7779923378199007,0.9531708149373757,3.853049133138245,0.1246803450825893,0.3857299933841087,-0.2130723783169815,3.797699614162109,-0.5072882811175745,-0.2837265173541468,
1.2312335968017578,-0.5543999283406416,0.355271121147599,0.5084835446559128,-1.8251492775130336,-1.211821680981374,1.2970411807900797,-2.0967662241326104,1.1061954284094666,4.238925507164761,0.1273141698365817,0.3843670453383107,-0.2283509403294908,3.7977043825336914,-0.5072763601886194,-0.2829511801349085,
1.233320713043213,-0.5544099602350538,0.3552646255711508,0.5084727981813606,-1.82577486070301,-1.211262992690263,1.297462178522329,-1.695774236506559,0.7494073454719505,4.086603834374363,0.1260903276498122,0.3738399042069337,-0.2233602060129839,3.797680063838623,-0.5072844664203089,-0.2821911017047327,
1.235360860824585,-0.5543997259215294,0.3552727680006229,0.5084737189690729,-1.826426034872413,-1.210654063085904,1.2978913728369113,-2.0426854930330167,0.9823322574300786,4.27488069339622,0.1252417795897,0.3858189728780457,-0.2267878430926222,3.797708197230957,-0.5072687307940882,-0.2814329306231897,
1.2374014854431152,-0.5544051408750768,0.3552660581633265,0.5084762973209849,-1.8270432834414403,-1.2100854581289628,1.2983045232688568,-1.685655607957819,0.95917666712485,4.185623926274816,0.129379195768338,0.3753075584041467,-0.2274699473606814,3.797695799464844,-0.5072763601886194,-0.2806671301471155,
1.2394425868988037,-0.5544094440193654,0.3552619629848542,0.5084590965452911,-1.8277027176928524,-1.2095087898901151,1.298755314572832,-1.9751303710580297,1.211614682667607,4.217128717411658,0.1254639196623605,0.3857695443909004,-0.2325970499044619,3.797708197230957,-0.5072653929339808,-0.2799108664142054,
1.2414836883544922,-0.5544050017789228,0.3552722501877569,0.5084429283214835,-1.828357722214497,-1.2089229412578837,1.299130758603088,-1.891055964713738,1.4435368870489462,3.903608580310236,0.125018739577523,0.3747761551069529,-0.2349336457767865,3.797712011928223,-0.507296387349264,-0.2791736761676233,
1.2435245513916016,-0.5543989716111445,0.3552689645206708,0.5084770016470217,-1.8295039180205912,-1.2078016217336298,1.2999235425406046,-1.8787104465431088,1.2715222035041076,3.83401822321524,0.1284372511121428,0.3775391868959878,-0.237064577817505,3.7977043825336914,-0.5072763601886194,-0.2777059713946741,
1.2455646991729736,-0.5544044984228477,0.3552681421864004,0.5084820371747834,-1.8300970270722607,-1.2072544725794914,1.3002925575767557,-2.099194699277335,1.2822883843369617,4.083260628999956,0.1357979251460066,0.3847885941700549,-0.2430462686033201,3.797695799464844,-0.507303539906637,-0.2769740263568323,
1.2476043701171875,-0.5543990374911203,0.355273020749285,0.508477272720036,-1.830708668439128,-1.2066791105441894,1.3007420624971693,-2.080825057288914,1.2326387853594416,4.002770185886908,0.135350139531842,0.37690853472762,-0.2392346694783418,3.797708197230957,-0.5072582403766077,-0.2762487570392054,
1.2496466636657717,-0.5543987042045937,0.3552761581676544,0.5084807237513838,-1.8313311418840064,-1.206103207680821,1.301119101519156,-2.3047108824732283,1.227908518593558,3.999438064495985,0.1367871624239439,0.3820488199881716,-0.2497653748702621,3.797712011928223,-0.5072844664203089,-0.2755005995379846,
1.251697063446045,-0.5544122645370004,0.3552621527897484,0.5084596439067278,-1.83197520022142,-1.205566766316421,1.301546436731041,-2.004842799257139,1.6565344769135364,3.704878482667547,0.1252434192275451,0.3810025425291064,-0.2478995339820046,3.797726793880127,-0.507296387349264,-0.2747686545001429,
1.2537949085235596,-0.5544145596762747,0.3552746450376663,0.5084598488216175,-1.8325679900633889,-1.205009980091139,1.3019077156335537,-2.0772184101128834,1.6618408745703046,3.607689597102741,0.1248208988893572,0.3920082605773792,-0.2517156775852892,3.797712011928223,-0.5073192755328577,-0.2740476767169397,
1.25584077835083,-0.5544165339294205,0.3552432973457898,0.5085029122599899,-1.8330472375881357,-1.2045040679497834,1.3023255246179295,-2.153322064371584,1.5634098157295209,3.902800423115453,0.1381863060990687,0.3795315942975818,-0.2482740422870125,3.797691984767578,-0.5072725454913538,-0.2733319441424768,
1.2578818798065186,-0.5544057323073919,0.3552718612700312,0.5084745678137027,-1.833734119982065,-1.2038855496677534,1.302674805575955,-2.157045511427884,1.275830487034949,3.822233915049012,0.1412048610239889,0.3884503150636081,-0.253021636392331,3.797688646907471,-0.5073226133929651,-0.2725918928729456,
1.259922742843628,-0.5544021991846184,0.3552619530020467,0.5084878846864944,-1.834294119404998,-1.2033337652692169,1.303102099129215,-2.06043122647784,1.3215462991887317,4.018099082417607,0.13052472057056,0.3764156497588977,-0.2554434971998792,3.797680540675781,-0.5072844664203089,-0.2718671003924768,
1.261962652206421,-0.5544061999927128,0.3552570078621719,0.5085028809966359,-1.8348882006329168,-1.202775084249718,1.303540701151204,-2.1743036161881024,1.707782512978079,3.949759035382829,0.1255641489111318,0.3869070056812511,-0.255052322836134,3.797708197230957,-0.5072568098651331,-0.2711265722857874,
1.2640035152435305,-0.5544013324537262,0.355276770082583,0.5084812040812264,-1.835551123410815,-1.2021786907415044,1.3038983114193945,-2.251585733552556,1.5215515887647997,4.02084026267195,0.1357042764794151,0.3857551167861291,-0.2587201850759707,3.7977043825336914,-0.5073002020465296,-0.27039081255068,
1.2660436630249023,-0.5543939210924838,0.3552897568894045,0.5084903218863136,-1.8361458878940176,-1.2015774598661726,1.3042885346483817,-2.226727366585876,1.6027732248464128,4.143331185097906,0.1324795178260389,0.3816028010915195,-0.2581382508526854,3.7976695734211434,-0.507296387349264,-0.269630257283346,
1.2680847644805908,-0.5543990655505397,0.3552641226943406,0.5084920485593798,-1.8367405815391769,-1.2010505961701088,1.3047447787048827,-2.180079813830392,1.5723458910711092,4.063950941896874,0.1207165342852835,0.3865603452443539,-0.2584450951569823,3.797708197230957,-0.5072606245623987,-0.2689169088946741,
1.2701258659362793,-0.5544093154956572,0.3552690107592346,0.5084753946773538,-1.8373685277829477,-1.2005049762357969,1.3051288725292705,-2.0538772530332445,1.2143635425605894,4.233115490984709,0.1306290250245659,0.3822562565699129,-0.2589549521592905,3.797712011928223,-0.5072882811175745,-0.2681978384601038,
1.2721669673919678,-0.5544008294420548,0.3552707227062215,0.5084820904642688,-1.8379267528995364,-1.199956667799629,1.3055145345245267,-2.3381575127070846,1.5543142190654489,4.024431549958454,0.1273172821772564,0.3952377220229904,-0.2540054047335622,3.797708197230957,-0.5072687307940882,-0.2675054709063929,
1.2742078304290771,-0.5544036361876784,0.3552601091482683,0.5084797631771107,-1.838553119019676,-1.1993871363269015,1.3059181091411245,-2.221733096958295,1.6022923201185983,4.016714665416873,0.1294112788999609,0.3921830138742374,-0.2563050916772358,3.797708197230957,-0.5072844664203089,-0.2667506376849573,
1.2762489318847656,-0.5544078554507075,0.3552703998382603,0.5084949855838081,-1.8391113325748265,-1.1988449216700008,1.3062509755955616,-2.07718669627709,1.6376183872525565,3.989112124737232,0.1249384051858972,0.3913560212108722,-0.2530536710687663,3.797691984767578,-0.5073192755328577,-0.2660372892962854,
1.278289556503296,-0.554409416056928,0.3552582465303092,0.508482528910882,-1.8397691744041356,-1.1982605353571416,1.3067264177467588,-2.2068110678113184,1.728505945033833,4.070450965832646,0.1244086743570155,0.3936875964504709,-0.2501343874554348,3.797719641322754,-0.5072882811175745,-0.2652772108661096,
1.2803306579589844,-0.5544107131432822,0.3552457502267068,0.5084829350253323,-1.8403565109083992,-1.1977103190530007,1.3071458574712524,-2.0137892874668406,1.7517325800658263,3.819914829905539,0.1266405460246877,0.3969946555593766,-0.2512223668252205,3.797712011928223,-0.5072725454913538,-0.2645486036883753,
1.282372236251831,-0.5544000484279246,0.3552678911754535,0.50846624585268,-1.8409754269941068,-1.1971224612367364,1.307532595395003,-2.2024765986558803,1.774939965448745,3.938611289848368,0.1043215970920085,0.4036096775384784,-0.2570901703678918,3.7977043825336914,-0.5072653929339808,-0.2638419310199182,
1.2844126224517822,-0.5543951295410678,0.355276911202154,0.5084748916231123,-1.841565076711584,-1.196548560336865,1.3079188733321758,-2.095732786525293,1.4953923629492096,4.201931503357422,0.1366399788517849,0.4019623222670453,-0.2465211853165946,3.797708197230957,-0.5072615782367151,-0.2631171385394495,
1.2864887714385986,-0.5543997789373641,0.355274063352211,0.5084871266670735,-1.8421883881849368,-1.1959511059633336,1.3083319416691843,-2.13506069392914,1.5496700523631697,4.03857186644066,0.1312374038986291,0.4041452712629844,-0.2579952200676918,3.797695799464844,-0.5072725454913538,-0.2623227278338831,
1.288529634475708,-0.5544056565638871,0.3552672396405831,0.508483839061393,-1.8427880242201944,-1.195408377428266,1.3087136822764702,-1.9497441642256064,1.4456196512964803,4.082229491376476,0.1182986911597757,0.4053445042915435,-0.2399946494437879,3.797695799464844,-0.5072925726519983,-0.26160175005068,
1.290583848953247,-0.5544070918130541,0.3552717269123164,0.5084664736490621,-1.8434379278142512,-1.194821489612499,1.30913161046174,-2.053692792439504,1.408332280498484,4.149870403828694,0.1251856512371967,0.4098844841081734,-0.2511625047641163,3.797695799464844,-0.507296387349264,-0.2608531157123011,
1.2926247119903564,-0.5544186337250963,0.3552467809426539,0.5084896136707471,-1.843951046701472,-1.19431700213453,1.3095491159718675,-2.0705875845735577,1.7861296174249128,4.268658883038599,0.128868979896346,0.4104901431196902,-0.2449625414963118,3.79767291128125,-0.5072687307940882,-0.2601359526263636,
1.294665813446045,-0.5544052244652948,0.3552688306231296,0.5084935428614475,-1.8446048552266272,-1.1936849847950584,1.309929159840795,-2.234618611801438,1.674699103321064,4.425393493366355,0.1098709983511891,0.4097362509680353,-0.2533086857209631,3.797695799464844,-0.5072844664203089,-0.2593753973590296,
1.296722650527954,-0.5544120580056,0.3552681228378985,0.5084710579099098,-1.8452717345522096,-1.193124469264665,1.3103436314691648,-2.110759341601105,1.34089022514059,4.183033537688923,0.1329104115841974,0.4105502965983809,-0.243815972804941,3.797743006343506,-0.5073002020465296,-0.2586548964129846,
1.2987918853759766,-0.5543955052895052,0.3552806810202687,0.5084879704496673,-1.84582525115885,-1.192513020872349,1.3107526173900912,-2.298086276100209,1.5260424714159668,4.386075801821932,0.13954465488983,0.4182779480145382,-0.2458282757051329,3.7976838785358886,-0.5072568098651331,-0.2579000631915491,
1.300854206085205,-0.5544138250602394,0.355253964815748,0.5084828387761,-1.8464292157062407,-1.1919983751418508,1.3111630409521098,-2.200294367778856,1.0765304291844584,4.469048129514198,0.1395863796894428,0.4105192407021272,-0.2357049903528231,3.797695799464844,-0.5072763601886194,-0.2571714560138147,
1.302978277206421,-0.5544118781353614,0.3552523447205881,0.5084671775463354,-1.8470792409484225,-1.1914097379675583,1.3115934023851976,-2.2636023177421403,1.2129072099811702,4.372475438891377,0.1337709796781776,0.4230932533905889,-0.2501770383021349,3.797708197230957,-0.5072687307940882,-0.2564261595355432,
1.3050649166107178,-0.554403816201446,0.3552567943759822,0.5084742753630103,-1.8477235690241551,-1.1907995248673549,1.3119990426448471,-2.17464667320992,1.290498478538093,4.284700530161584,0.133967996361038,0.417170998859184,-0.2405123452091113,3.797743006343506,-0.5072725454913538,-0.2556665579425257,
1.3071472644805908,-0.5544026453148815,0.3552600754250826,0.5084888789451192,-1.848236481254441,-1.1902652290772833,1.312326344514929,-2.4802707718825783,1.1047526371098602,4.450455591772538,0.1423391687842571,0.4283446580489218,-0.2484754217462785,3.797680063838623,-0.5072916189776819,-0.2549651304828089,
1.3092021942138672,-0.554407291047862,0.3552684766919809,0.5084611644245053,-1.8489303595933284,-1.18964890296369,1.3128034866536216,-2.0511934190583334,1.07993929517431,4.45801775717323,0.1422158338925318,0.4136441468686428,-0.24010495094514,3.797691984767578,-0.5072687307940882,-0.2541864554034632,
1.3112411499023438,-0.5544105930404938,0.3552437680413843,0.5084894301479366,-1.8494994748792055,-1.1890899172129832,1.3132141649403124,-2.459888888637601,0.907732467991838,4.737780660410008,0.144208115790836,0.4242019520346155,-0.2382480548261818,3.797691984767578,-0.5072653929339808,-0.2534216086017054,
1.313288688659668,-0.5544145450755704,0.3552588668460554,0.5084579660330081,-1.850162075642405,-1.1885092323291562,1.3136117001186784,-2.2949121044388776,1.342093447186688,4.422239372721811,0.1255250672415287,0.4189657710628147,-0.2329918627276853,3.797695799464844,-0.5072844664203089,-0.2526963392840784,
1.3153274059295654,-0.5544034186778005,0.3552721058554516,0.5084699928347322,-1.850793628883396,-1.187879042454002,1.3139833898200546,-2.6255549876609385,1.1316860736581882,4.646840403578182,0.1522402093496221,0.4291961170331503,-0.2372413038035037,3.797691984767578,-0.5073073546039026,-0.2519181410418909,
1.317357063293457,-0.5544047186036518,0.3552574322230446,0.5084862678752609,-1.851342530098237,-1.1873335648703722,1.3144141396017957,-2.318634987195722,1.0941442971996258,4.366868219817509,0.1286877974733917,0.4209240097959167,-0.2461797105429737,3.7976838785358886,-0.5072687307940882,-0.2511919180499475,
1.3193855285644531,-0.5544161718671894,0.3552373654914996,0.5084835501676833,-1.8520015859465373,-1.1867514134718562,1.3148670234026951,-2.6151507385986923,0.9156208080864664,4.602863018277752,0.1495305905648652,0.4264895154653437,-0.2240922866896141,3.797708197230957,-0.5072725454913538,-0.2504037062274378,
1.3214130401611328,-0.5544069648632173,0.3552688110995292,0.5084931798641302,-1.852615906191728,-1.1861260748710516,1.3152289628828984,-2.4313073617434138,1.046431888475333,4.585922259172141,0.1428912151452707,0.4202512906580127,-0.2408520408724948,3.797695799464844,-0.5072882811175745,-0.2496464888202112,
1.3234519958496094,-0.5544065700243377,0.3552628137966941,0.5084842760755597,-1.8532168589661904,-1.1855553541616748,1.315649964554809,-2.549023687759933,0.815892723486835,4.514657733924556,0.1412530507941312,0.4291987276676926,-0.2266871982921662,3.79767291128125,-0.5072725454913538,-0.2489097754107874,
1.325498342514038,-0.5544079955144237,0.355250903441692,0.5084738775817154,-1.8538642618007704,-1.184986338747087,1.3160528301771164,-2.775406812554783,1.1492292535393067,4.621504727412183,0.1374829948636519,0.4212713998040487,-0.2395587414514913,3.797708197230957,-0.5072916189776819,-0.2481759230243128,
1.3275303840637207,-0.554411798083551,0.3552544858192423,0.5084710907210775,-1.854480435759032,-1.1843818318448391,1.3164889544405023,-2.6282136695074163,1.052893174310522,4.436586245987565,0.143202356745313,0.4246040998605548,-0.2394109567703727,3.797664805049561,-0.5072763601886194,-0.2473896185504358,
1.329577922821045,-0.5544028362714022,0.3552557521908745,0.5084699970509219,-1.8551131204315028,-1.1838013073828533,1.3168852597048697,-2.7139056853843977,1.0903512451960158,4.526153985860185,0.1323148026041017,0.4286111266844319,-0.2383826100147293,3.79772345602002,-0.5072763601886194,-0.2466796080218714,
1.3316047191619873,-0.5544054016619651,0.3552581098802758,0.5084805102616163,-1.8556489739059363,-1.183265518313235,1.3172827442121924,-2.6882885192177,1.0198264792391296,4.490069598491869,0.1484709237601625,0.4253239481999072,-0.2307340767190334,3.797708197230957,-0.5072496573077601,-0.2459829489337366,
1.333629131317139,-0.5543993985295412,0.3552748279876082,0.5084859194888514,-1.8568643473229445,-1.1820965991796413,1.318017786028975,-2.8251722617802724,0.7981445763653507,4.500028435872986,0.1482722232592667,0.422964427549848,-0.2301384303554147,3.797708197230957,-0.5072916189776819,-0.2445133368121546,
1.3356554508209229,-0.5544093294022592,0.3552527486604651,0.5084938768815747,-1.8574333377483407,-1.1815529836165817,1.3184319370767803,-2.875860361176976,0.9101282730862018,4.644728657271354,0.1339124988888136,0.4260169191661245,-0.2460556631789387,3.797680063838623,-0.5072882811175745,-0.2437637487994592,
1.3376798629760742,-0.5544024660106275,0.3552684293160494,0.5084809587329461,-1.8580788159614732,-1.1809594132610337,1.31882946338771,-2.576574655055971,0.9461273678366549,4.274389264559631,0.1376657658934279,0.4304671425641348,-0.2386373202975085,3.797719641322754,-0.5072882811175745,-0.2430504004107874,
1.3397703170776367,-0.554411353231535,0.3552514032661457,0.508469850112928,-1.8586463584833717,-1.180432723219382,1.3192704140194682,-2.8311955144971246,1.275691243406841,4.46662574754399,0.1397453434891018,0.4318505048578038,-0.243635691339828,3.797695799464844,-0.5072534720050257,-0.2423418203936975,
1.3418054580688477,-0.5544008127385871,0.3552769646522994,0.5084866405606481,-1.859225057431735,-1.1798487718972424,1.3195843061857342,-2.7696519216585376,1.0198655738860252,4.593378947745087,0.1407987240393561,0.4215428099926003,-0.2402553246739391,3.797712011928223,-0.5072882811175745,-0.2416394392596643,
1.3438293933868408,-0.5544063170712195,0.3552726381428199,0.5084594214104855,-1.85990082961566,-1.1792558029828546,1.320028242334566,-2.9377088040243344,0.8528430048123342,4.7016708485307,0.1435685032363543,0.4250376150842544,-0.2442338245332515,3.79772345602002,-0.5072882811175745,-0.2408807913409631,
1.345853567123413,-0.5544067177055747,0.3552722375290313,0.508474356917536,-1.8604573753518303,-1.1786919089558403,1.3204119716609268,-2.700540316712096,1.0202900817347431,4.549711907939543,0.1433432725927345,0.4239048044698736,-0.2426373295104236,3.797699614162109,-0.5072844664203089,-0.2401478926288049,
1.347883701324463,-0.5544060387472396,0.3552628515249627,0.5084892978245914,-1.8610106150247707,-1.178135550997406,1.3208020795730702,-2.8530307547785183,1.2304900562208183,4.638093584661552,0.1439236840242818,0.424768641683613,-0.2433289397734863,3.797680063838623,-0.5072763601886194,-0.2394192854510706,
1.3499159812927246,-0.5544043819552391,0.3552737673293304,0.5084751180339778,-1.8616411496451664,-1.1775349431993496,1.3212356332267037,-2.8000818940963152,1.581627242759339,4.343068331665748,0.1367856329813028,0.4300892642099959,-0.2460443623185518,3.79767291128125,-0.5072534720050257,-0.2386744658099573,
1.3519587516784668,-0.5544144901995873,0.3552424841158306,0.5084978110266947,-1.862199489853384,-1.1770131792550576,1.3216036164399274,-2.661476724090799,1.18863388151629,4.396130766691662,0.1336621176900652,0.4298007210078181,-0.2548166767855599,3.7976838785358886,-0.5072844664203089,-0.2379444281207483,
1.3539988994598389,-0.5544099264295006,0.3552555535111484,0.5084724649559664,-1.862857535610096,-1.1764158790407004,1.3220216803064722,-2.6806722877483145,1.3226972260741765,4.253139979830041,0.1322142242824965,0.4277735770305582,-0.2515614585708061,3.797708197230957,-0.5072763601886194,-0.2372244040118616,
1.3560395240783691,-0.5544042005652553,0.3552552589117588,0.5084751364081075,-1.8634445424093824,-1.1758388707287912,1.3224184883227323,-2.739635596998593,1.116820632657517,4.483318555790651,0.1427216732971313,0.4259052118574439,-0.2557832828482018,3.7977043825336914,-0.5072653929339808,-0.2365005652057092,
1.3580787181854248,-0.554400196623903,0.3552743156881372,0.5084731349875653,-1.864032508678604,-1.1752634284285093,1.3227674580970885,-2.8120929995032418,1.2634943789148108,4.322617996935072,0.1409855639008601,0.426368733176992,-0.2574135009690758,3.797695799464844,-0.5072844664203089,-0.2357948462115686,
1.3601195812225342,-0.5544104415773334,0.3552452238050905,0.5084797610827869,-1.864565569500124,-1.1747653621747085,1.323188121161307,-2.7600999855428574,1.5181328737476474,4.511671363032133,0.1401464772972298,0.4291046907395442,-0.2533770004196303,3.797695799464844,-0.5072568098651331,-0.2351058165179651,
1.362163782119751,-0.5543999622736856,0.3552678374963308,0.508476233501029,-1.8652013744120828,-1.1741421082793566,1.3235872459710003,-2.6657266050786745,1.4574365756811956,4.279004730881735,0.1397874215397954,0.4214102257307791,-0.255674729671882,3.797712011928223,-0.5072496573077601,-0.2343648115741174,
1.3642034530639648,-0.5544028205955969,0.3552642781642442,0.5084687238867016,-1.8658349997887187,-1.1735667798876692,1.3239197041194073,-2.6995487474115616,1.377250130355289,4.299858358891639,0.1382496175773123,0.4318180435004903,-0.2613708910015515,3.797712011928223,-0.5073192755328577,-0.233624283467428,
1.3662433624267578,-0.5544148542206526,0.3552611740637086,0.5084767829335959,-1.866403341658885,-1.1730080436694656,1.324355572945543,-2.5828354004645337,1.7696662402622425,4.280212865095706,0.1305326299470528,0.4269320004772874,-0.258128298797101,3.797688646907471,-0.5072916189776819,-0.2328756491290491,
1.3682849407196045,-0.5544015322296776,0.3552772396698843,0.5084846836508659,-1.866962158036462,-1.1724497772496256,1.3246871204182549,-2.712472566645923,1.6756125971152178,4.535254327892415,0.1448808279485073,0.4256676346569192,-0.2611432383637892,3.797712011928223,-0.5073002020465296,-0.2322133223163049,
1.370375394821167,-0.5544104997539101,0.3552603958444396,0.5084794242822757,-1.8675940953967085,-1.1718706925933178,1.3251198320388489,-2.680464916288978,1.8133197668717944,4.353587182473909,0.1330135455795203,0.4234782148477737,-0.267833908580176,3.797712011928223,-0.507303539906637,-0.2314427534686487,
1.372415542602539,-0.5544023842067518,0.355255609826559,0.5084881603506379,-1.868184633295096,-1.171279656518338,1.325517226664192,-2.595594192788102,1.9243606438990568,4.232829424711108,0.1375370865546749,0.4302261107040135,-0.2541225469115219,3.797708197230957,-0.5072954336749476,-0.2307012716876428,
1.3744564056396484,-0.5544070111540589,0.3552653499560342,0.5084954228620251,-1.8687511311398397,-1.1707062152703358,1.3259232037021735,-2.472045976813132,1.894384195234713,4.318550815919048,0.1394487445351738,0.4280309930310291,-0.2642456055283899,3.797680063838623,-0.5072773138629358,-0.2299640814410608,
1.3764963150024414,-0.5544028330282347,0.35526060762155,0.5084714323796987,-1.8694373581370665,-1.1700956649519758,1.3263408352811752,-2.476142806780138,1.738215471450996,4.467844665031931,0.134821383175171,0.4260882769386603,-0.2686611389948632,3.797712011928223,-0.5072916189776819,-0.2292121092425745,
1.3785521984100342,-0.5544117439521129,0.3552532754696396,0.5084677677621455,-1.8700389284300063,-1.1695316695043012,1.3267772731949554,-2.4710710214452267,1.5967676812506673,4.332710221335961,0.1465062210298008,0.4273016968042572,-0.2685720760142395,3.797712011928223,-0.5072725454913538,-0.228471581135885,
1.3806064128875732,-0.5544121514380322,0.3552755276514164,0.5084792167802837,-1.8706412775390144,-1.1689200930235852,1.3271694475758524,-2.616680497189998,1.9673065819411064,4.359720348066395,0.1369388490296333,0.428509624957787,-0.2780084225614005,3.7977043825336914,-0.5072725454913538,-0.2277105490313928,
1.3826463222503662,-0.5543997342674387,0.3552726469264842,0.5084836685076142,-1.8712142629600608,-1.1683582242123964,1.327457133547399,-2.6013290182807958,1.6608854562363609,4.4398539706335205,0.1522769554411492,0.4244329848908854,-0.2675090063870989,3.797695799464844,-0.5073350111590784,-0.2270181814776819,
1.3846864700317385,-0.5544130364402873,0.3552503770618849,0.5084763317685285,-1.871764335492511,-1.167848166683214,1.3279332731878692,-2.512716812659938,1.4087829910262812,4.424407836520991,0.1432052381890477,0.4249703041642383,-0.2876705606236064,3.797691984767578,-0.5072687307940882,-0.2263243834124964,
1.3867263793945312,-0.5544099975630046,0.355251795427415,0.5084897427528648,-1.8723497225075665,-1.1672532248471288,1.3283090700498048,-2.476291729525314,1.119844813363083,4.4541656217239325,0.1635251977022272,0.425039812927631,-0.270655487880185,3.79767291128125,-0.5072806517230433,-0.2255685965167444,
1.388766527175903,-0.5544071118528191,0.3552644096948143,0.5084734590244628,-1.8729999062849416,-1.1666451009368282,1.3287273721895962,-2.6716508889244364,1.5387063248733133,4.590627339700832,0.1394845788438876,0.4213910815923755,-0.2873821710970288,3.797691984767578,-0.5072734991656702,-0.224830452595846,
1.3908061981201172,-0.5544108611167446,0.3552500676934333,0.5084960936677884,-1.8735587888458127,-1.166103892049769,1.329119491244312,-2.6462676679129715,1.5147442405531135,4.507068017534247,0.1712780614844526,0.4238238767988428,-0.2708261807259043,3.797726793880127,-0.5072687307940882,-0.2241185347186487,
1.3928704261779783,-0.5544070359351589,0.3552523233024778,0.5084795726460992,-1.874173773973001,-1.1655035997838552,1.3295201235428478,-2.791085627991144,1.3610136628704488,4.90894390564046,0.1624956235226717,0.4162511224568352,-0.2917329246784489,3.797684832210205,-0.5072687307940882,-0.223370377217428,
1.3949189186096191,-0.5544071422882948,0.3552629100442091,0.5084705067712663,-1.8748392979663837,-1.1648903755951971,1.3299238527834067,-2.473545777066488,1.1452237290323672,4.541060923749099,0.1670482112032596,0.4214238207395658,-0.2758039627042597,3.79772345602002,-0.5072844664203089,-0.2226174513446253,
1.3969647884368896,-0.5544075176724008,0.3552597294611785,0.5084887517172343,-1.8754127248802797,-1.164309279508415,1.3302679306211893,-2.8268927458003525,1.5163190576302332,4.6812427639214045,0.163710078114714,0.4261450951965563,-0.2874477340151533,3.797699614162109,-0.5073226133929651,-0.2218640486346643,
1.3990111351013184,-0.5544146394412206,0.3552525238446262,0.5084655675254549,-1.876035333480255,-1.1637534047513685,1.3307092158909684,-2.720379583657615,1.348796679330242,4.582588154833384,0.1584604275641057,0.4215422760497325,-0.2876715156928982,3.79771534978833,-0.5073002020465296,-0.2211540381060999,
1.4010567665100098,-0.554401180091255,0.3552714413284066,0.5084878435934229,-1.8765927944367904,-1.1631314984343053,1.3311047366394957,-3.000037442684266,1.417966664132272,4.582571550182055,0.1742596659343673,0.4327123940831724,-0.2885917617168484,3.7976838785358886,-0.5072687307940882,-0.2204020659076135,
1.4031028747558594,-0.5544113392331066,0.3552488988711434,0.5084626430659447,-1.8772669706433631,-1.162559878759483,1.3315669656555007,-2.6405647312045746,1.5564574600592835,4.437076206666431,0.1680211481488994,0.4244567257396053,-0.2888808261003268,3.797730608577393,-0.5072615782367151,-0.2196572462665003,
1.4051527976989746,-0.5544081391909635,0.3552527168768599,0.5084699542747051,-1.8778707759191404,-1.1619459165854673,1.3319248172108191,-3.001202508783207,1.2415824504302542,4.740827342580007,0.1700779161281812,0.4307935561503825,-0.282737066675552,3.797691984767578,-0.507296387349264,-0.2188814322101038,
1.4072446823120115,-0.5544067699523841,0.355249564809346,0.5085023900752126,-1.8784117978196408,-1.1613722122156889,1.332297424168252,-2.738110714212372,1.470484201411255,4.606789018981472,0.1637407322530929,0.4243430494792703,-0.2853863128214469,3.7976838785358886,-0.507296387349264,-0.2181399504290979,
1.4093198776245115,-0.5543967269279102,0.3552525150760615,0.5084834886489666,-1.8790773087925876,-1.1607264236374375,1.3327850458774884,-3.105959675273609,1.5969929026460774,4.84517687465582,0.1716127377088295,0.4295406905501634,-0.2844629579587248,3.797688646907471,-0.5072410742389124,-0.2173641363727014,
1.411372423171997,-0.5544062806699679,0.3552683446221718,0.5084839971554931,-1.8796962651216989,-1.1601431960806594,1.33313170195122,-2.8985982591149764,1.4345774556317914,4.600626152625599,0.1568382703367888,0.426470504659907,-0.2950998050447017,3.797695799464844,-0.5072916189776819,-0.2166231314288538,
1.4134254455566406,-0.5544074900343228,0.3552673654463217,0.5084946617945474,-1.8802330677791423,-1.1595996831942756,1.333490249610751,-2.9433292845823145,1.5377714045119808,4.648251724973311,0.1630728180306674,0.4353064295825419,-0.2860239726605014,3.797676725978516,-0.507296387349264,-0.2159255186664026,
1.415473222732544,-0.5544095253300132,0.3552513511592327,0.5084832995383808,-1.8808689786983293,-1.1590242541130855,1.333912082485874,-2.9162643654071903,1.297340171563251,4.632499656762207,0.1716483400523522,0.4338337858450791,-0.2942492028510531,3.797708197230957,-0.507296387349264,-0.2151926199542444,
1.4175207614898682,-0.5544005023506205,0.3552670318860402,0.508479667633474,-1.8814849689205293,-1.1584045623231438,1.3342799566938717,-3.044471769884272,1.2907594681303534,4.723848387755194,0.1671402325592739,0.4369252262048981,-0.291140632084001,3.797691984767578,-0.5073121229754847,-0.2144473234759729,
1.4195678234100342,-0.5543987745447608,0.3552720735929804,0.5084862216943006,-1.8826567063281163,-1.1572571618006493,1.3350597446084291,-3.032289886438532,1.6014911456929262,4.702384055243015,0.1822370162617211,0.4396100614452368,-0.28296588679182,3.797712011928223,-0.507303539906637,-0.2130144278155725,
1.4216127395629885,-0.5544109275309976,0.3552490721222221,0.5084944830205815,-1.8832322168607625,-1.1566969191083007,1.3355230530471556,-2.9338058761615446,1.6176332779801048,4.5398079489681,0.152745643653613,0.4410932960973503,-0.2872429651955218,3.797699614162109,-0.5072653929339808,-0.2122538725482385,
1.4236536026000977,-0.5544110372337054,0.3552492875208998,0.5084962515496853,-1.883790607923462,-1.1561437642604349,1.3358947496282174,-2.9279001674438376,1.2755356460743117,4.82731610235699,0.1635918249883692,0.4443570469024472,-0.2791235935551978,3.797688646907471,-0.5072653929339808,-0.2115557829486292,
1.425694704055786,-0.5544084289113282,0.3552545886200011,0.508487550868697,-1.8843842443145131,-1.155581781362429,1.336231266524297,-2.9745322993942205,1.428045822829327,4.878770997542217,0.1718309500173468,0.4411677358872991,-0.2897400474436092,3.797695799464844,-0.5073002020465296,-0.2108662764178674,
1.4277658462524414,-0.5544111149209426,0.3552522694838381,0.5084789662910776,-1.884997098586921,-1.1549882458680276,1.3366553560840038,-2.9364651441078595,1.7661076279009909,4.493472679709216,0.1614203979495471,0.4508398089403244,-0.27464411162149,3.797680063838623,-0.5072882811175745,-0.2101143042193811,
1.429807186126709,-0.5544042037794131,0.3552726807756187,0.508480656148347,-1.8856366084680103,-1.154357148948618,1.3370347252590815,-2.990377326756442,1.431792733457599,4.723144747341881,0.1586705747027825,0.4425237371202687,-0.2763963345173764,3.7977043825336914,-0.507303539906637,-0.2093623320208948,
1.4318475723266602,-0.554401205598199,0.3552726556407451,0.5084909082566962,-1.8861666570253208,-1.1537905339785293,1.337432761272552,-3.134869295416798,1.6462980817510464,4.729828604398214,0.1612543254852672,0.449032624439647,-0.2836781715450568,3.797660990352295,-0.5072725454913538,-0.2086451689349573,
1.4338886737823486,-0.5544035341468496,0.3552598014266574,0.508477758438683,-1.88679901376811,-1.1532125780414568,1.3378366633752217,-3.0468937391618764,1.5678803502002758,4.569972293264343,0.159858370291656,0.4532675825478098,-0.2755473953204365,3.797680063838623,-0.5072844664203089,-0.2079127470599573,
1.435929536819458,-0.5544020946017395,0.3552514769305551,0.508497340348327,-1.8873659348406,-1.1526296345904108,1.3382426357301205,-3.1234505654235605,1.481460173102708,4.714053064832859,0.1553440364420862,0.4522342740614809,-0.2805305694256028,3.797680063838623,-0.5072687307940882,-0.2071674505816858,
1.4379706382751465,-0.5544071877541941,0.3552620616865828,0.5084801794074584,-1.888011112011644,-1.1520437163593422,1.3386589822815922,-2.979662162375316,1.4645450615486804,4.812924132582471,0.1560088661429743,0.4466493733626446,-0.2783694558812633,3.79772345602002,-0.5072653929339808,-0.2064502874957483,
1.4400107860565186,-0.5544047021221687,0.3552573458898723,0.5084846413040234,-1.888570252895692,-1.1514873009387618,1.3390073749969609,-2.955705939605158,1.6304199114043232,4.5506021942215416,0.1507482794063122,0.4557522439125474,-0.2789785987214966,3.797712011928223,-0.5072844664203089,-0.2057493368731897,
1.442052125930786,-0.5544137452392939,0.3552506941259769,0.5084646053952935,-1.889215408501784,-1.1508961497550425,1.3394451769424434,-2.920298076442547,1.7526072648819493,4.630521920059388,0.14425287089707,0.4576081804293051,-0.2739758704109863,3.797712011928223,-0.5072806517230433,-0.2049925963031214,
1.4440913200378418,-0.5544042790925046,0.3552567957801997,0.5084907775590819,-1.88972037952258,-1.150342770226657,1.3398094379895475,-2.919527188935687,1.7429333526152189,4.626458537674851,0.157101575608462,0.4576889875436777,-0.2726811054200229,3.797712011928223,-0.5072534720050257,-0.2043150107013147,
1.4461755752563477,-0.5544074167279117,0.3552698608455887,0.5084659727705629,-1.890340013473042,-1.1497645929422018,1.3401631162978738,-2.922041102799059,1.715091242648185,4.481420055641276,0.1454610872216121,0.4602151416087609,-0.2713277137353634,3.797695799464844,-0.5072882811175745,-0.2036064306842249,
1.4482142925262451,-0.5544208823004189,0.3552593446936245,0.5084643875023754,-1.8909543637027568,-1.1491954688073125,1.3405841654391215,-2.888666646073195,1.475024302207745,4.502838397832445,0.156328416452387,0.457902774148675,-0.2674365529348609,3.797712011928223,-0.5072916189776819,-0.202857796345846,
1.4502532482147217,-0.5544004311650503,0.3552796204325526,0.5084659554370552,-1.89157055104256,-1.1485470979936043,1.3409270165835268,-2.855886824654068,1.7175115699720196,4.483795073336678,0.1452110691298505,0.4595983183467039,-0.2748225895622739,3.797695799464844,-0.5073154608355921,-0.2021096388446253,
1.4522933959960938,-0.5544029827934094,0.3552647044002761,0.5084924978329178,-1.8921062436203568,-1.147992384699512,1.3413191756731937,-3.0000002445253697,1.8992117588463944,4.518032205112707,0.141591609086356,0.4631676590227301,-0.2699187470860335,3.797695799464844,-0.507303539906637,-0.2013824621783655,
1.4543330669403076,-0.554403690247915,0.3552749370179603,0.5084993329604178,-1.8926805958775896,-1.1474120394721627,1.3417010537011815,-2.99755542147075,1.967034327981691,4.673329425804316,0.1424235260381317,0.4595366392730018,-0.2687929405973696,3.797695799464844,-0.5073002020465296,-0.200662914906637,
1.4563724994659424,-0.5544050421549933,0.355261869565512,0.5084893320568795,-1.893285849771213,-1.1468339801599203,1.3421117376678438,-2.9420596808367216,1.5890182803224149,4.584586558054806,0.1428340393624219,0.4638199079793031,-0.2779571466674139,3.797688646907471,-0.507296387349264,-0.1999290625201624,
1.4584128856658936,-0.5543961404330732,0.3552689182702018,0.5084797230738254,-1.893883298634999,-1.146238537194916,1.3424886240806029,-2.8018497754559872,1.7524913136817568,4.6444090384403465,0.1545367638113522,0.4592987694786521,-0.256488637269137,3.797680063838623,-0.507296387349264,-0.1992166678058069,
1.460479497909546,-0.5544068029945544,0.355261165689838,0.5084833166330084,-1.8944928085555224,-1.1456620598456415,1.3429441363093706,-2.9197476901494253,1.857570980436756,4.554158712223384,0.1450922006164511,0.4677728081569045,-0.2698041316647118,3.79771534978833,-0.5072653929339808,-0.1984718481646936,
1.462531805038452,-0.5543968581969247,0.355267528163286,0.5084836132409566,-1.8950765729872825,-1.145073129338113,1.343303980262373,-2.864630716893212,1.8968053635788724,4.638805672807652,0.1426226365368234,0.4669078759388213,-0.2610980868925442,3.797719164485596,-0.5072725454913538,-0.1977670828448694,
1.4645664691925049,-0.554409145187094,0.3552712544664753,0.5084784141082742,-1.8956716704099443,-1.144485791917013,1.3437053258603835,-2.8377495992473265,1.8353593882890595,4.56635666736991,0.14883261897238,0.4690967067301441,-0.272796726760433,3.797676725978516,-0.5072806517230433,-0.1970046202289026,
1.4666001796722412,-0.5544068738832564,0.3552557972545912,0.5084830758026235,-1.8962981823163996,-1.14388067984549,1.3441003673074146,-2.705102055627988,1.4722923905353325,4.831907118859631,0.1456915083433903,0.4568096502432798,-0.2782629190668179,3.797695799464844,-0.507298771535055,-0.1962416807757776,
1.4686343669891355,-0.554405280113049,0.3552740496421842,0.5084615690381394,-1.8969129445683464,-1.143292813433536,1.3444824579282089,-2.9348826177528062,1.4839592159373634,4.651654871471566,0.1491552947701581,0.4680003522315298,-0.2739988563085578,3.797699614162109,-0.5073002020465296,-0.1955435911761682,
1.470669507980347,-0.5544057039920027,0.3552722121429411,0.5084720715426073,-1.8974878624486669,-1.1427035305224107,1.3448812459767143,-2.951383490567767,1.7379813122398706,4.866502079818276,0.1548547478689016,0.4568504393159675,-0.2676263946327012,3.797688646907471,-0.5072916189776819,-0.1947997252093714,
1.472708225250244,-0.5544117741282971,0.3552608857554842,0.5084857519289269,-1.8980185091613784,-1.1421703243689407,1.3452470273993324,-3.2064198677050517,1.5802729613959043,4.932363182272327,0.1542914438792891,0.4664544710153278,-0.267195208016846,3.797680063838623,-0.507296387349264,-0.1941021124469202,
1.4747626781463623,-0.5544040907867129,0.3552761977189456,0.5084762509956957,-1.898649720248624,-1.1415465461513687,1.3456165524266857,-3.0490079420999923,1.4333568726917123,4.856792060318728,0.1515967930489171,0.4606642923770134,-0.2774079313270775,3.7976838785358886,-0.5073154608355921,-0.1933644453631799,
1.4768073558807373,-0.5543997732581776,0.3552671682763061,0.5084976356177867,-1.8991952049166216,-1.1409625162246135,1.3460505385017298,-3.0612585283742053,1.6351970651747598,4.739489876179785,0.1625423409293747,0.4703256423822005,-0.2714218586002907,3.797680063838623,-0.5072653929339808,-0.1926282087909143,
1.4788410663604736,-0.554413307430853,0.3552604925067802,0.5084807604995604,-1.8998545544601588,-1.140378644532677,1.3464491253561408,-2.963602918603089,1.5260049761862222,4.764604598153733,0.1546610733883472,0.4676198459671685,-0.2800008934012887,3.797712011928223,-0.5073002020465296,-0.1918800512896936,
1.4808754920959473,-0.5544051612310008,0.3552736494675945,0.5084941279118221,-1.9004063049833624,-1.139769913027517,1.3468102222376748,-3.062825362999853,1.1905463988212273,4.9493011758694845,0.1700257531715642,0.4711356893940316,-0.2713943267512433,3.797664805049561,-0.5073002020465296,-0.1911385695086878,
1.4829092025756836,-0.5544058097327971,0.3552585743435855,0.5084907617195407,-1.9010372382928955,-1.139169830459513,1.347254136473426,-3.0078643200183866,1.391965524548202,5.011520585245131,0.150339737179165,0.4672997824106277,-0.2860634526467443,3.797695799464844,-0.5072806517230433,-0.190385643635885,
1.484943151473999,-0.5544110511436964,0.355265641435069,0.5084769399770455,-1.9016827818580355,-1.1385658272730188,1.3476904219643109,-2.8763999981208457,1.2629542619932326,5.011820712791074,0.1605397462991731,0.4697999690789088,-0.2747176085910612,3.797730608577393,-0.5072653929339808,-0.189646069203512,
1.4869773387908936,-0.5544086229540969,0.3552639987959758,0.508476625805244,-1.9022423953072292,-1.1379919462870065,1.3480068531005471,-3.1754157602277138,1.3498182747910816,4.957196977986666,0.1597439658960607,0.4678268443580856,-0.28401660469407,3.797680063838623,-0.5073121229754847,-0.1889265219317835,
1.489011526107788,-0.5543998129602519,0.3552735629434614,0.5084877528819375,-1.9028618431390056,-1.1373423795852822,1.348457252195488,-3.044856103363724,1.4991803236972263,4.786264408012135,0.1698653413974847,0.4699968420491142,-0.2737468918690792,3.797695799464844,-0.5072687307940882,-0.1881488005267542,
1.4910454750061035,-0.5544002957391175,0.355273124645243,0.508470157578613,-1.9035043990614848,-1.136722653365476,1.3488433463739564,-3.177383615181566,1.3616698921832335,5.187432204801778,0.1572162091815374,0.4626369579059751,-0.276745597562113,3.79767291128125,-0.507296387349264,-0.1873830000506799,
1.4930791854858398,-0.5544042812488086,0.3552586453298412,0.5084728303216176,-1.904109199797947,-1.1361394810914012,1.3492595768729336,-3.0373247373206493,1.367589338881955,4.95459866037822,0.1638869247397299,0.4688525507162518,-0.2764913867609577,3.797691984767578,-0.5072916189776819,-0.1866396109210413,
1.4951138496398926,-0.5544101977995187,0.3552485174290877,0.5084943810618979,-1.9046484386017013,-1.1355894545554397,1.349664543706854,-3.213535583443897,1.4077031687727335,4.980391497276566,0.1614235772694963,0.4741230383624289,-0.2842628217575751,3.797708197230957,-0.5072687307940882,-0.1859272162066858,
1.497148036956787,-0.5544081241650106,0.3552589097154455,0.5084727096809561,-1.9052652827899417,-1.1349850954334548,1.3500617164663276,-3.088545523292216,1.4072505269424511,5.082376570260285,0.1597769382472922,0.4616544381680939,-0.2823800481972984,3.797688646907471,-0.5072653929339808,-0.1852014700519006,
1.4992220401763916,-0.5544126636692508,0.3552703952518541,0.5084833546931943,-1.9058782984107487,-1.1343669093337605,1.350421875064977,-3.123185849719375,1.3807275787443385,5.01611715772801,0.1598644194940955,0.472918956285925,-0.2900311644478655,3.797687693233154,-0.507303539906637,-0.1844309012042444,
1.5012784004211426,-0.5544109462692123,0.3552641098984041,0.508483509587565,-1.9064773994696584,-1.1337767494931794,1.350806388095532,-3.208942467578533,1.1769916805666665,5.171944627437945,0.1662687573138544,0.4621113667311365,-0.2893842357857514,3.797695799464844,-0.5073121229754847,-0.183699909840719,
1.5033390522003174,-0.5544075861785498,0.3552577901438777,0.508473636438507,-1.9070685081779009,-1.1332037473122945,1.3512464199514744,-3.40225276569934,1.655648227371478,5.064960642787478,0.1565559475552277,0.4686169575099462,-0.2866174898825729,3.79772345602002,-0.5072653929339808,-0.1830046812640589,
1.505382061004639,-0.554403195679298,0.3552591073250164,0.508493005240571,-1.9076145829333624,-1.132594409326086,1.3516156075689836,-3.3171031779233475,1.565780934969076,4.902085310147041,0.1649716506383794,0.4696882960814435,-0.284221221392307,3.797664805049561,-0.5072687307940882,-0.182239834462301,
1.507416009902954,-0.5544043433692779,0.3552630169215758,0.5084793672035733,-1.9082268136964275,-1.1320163409721862,1.3520032743814756,-3.410987046691311,1.6396482501664844,5.095788957139861,0.1728159114409924,0.4649905611070832,-0.2890588352570717,3.797691984767578,-0.5072725454913538,-0.1815398375140589,
1.509467363357544,-0.5544097249358104,0.3552479375188541,0.5084776661400178,-1.9088145046603855,-1.1314494693131616,1.3523902379057813,-3.3274999911183523,1.6960590487630065,5.060061276539497,0.1636137895910504,0.4634850904254197,-0.2856223022879413,3.797691984767578,-0.5072844664203089,-0.1808131376849573,
1.511591911315918,-0.5544049959725778,0.3552553888327255,0.5084835390897816,-1.90940391461322,-1.130846115429375,1.3527801281029326,-3.331037721518016,1.7393353861986034,4.849783270344481,0.1645697412961016,0.4741568942279224,-0.2864600311704945,3.7977043825336914,-0.5072763601886194,-0.1800859610186975,
1.5136651992797852,-0.5544104502430429,0.3552528216706567,0.5084975007068478,-1.9105099377237884,-1.1297141026236766,1.353524203859679,-3.20535338321626,1.6763952345989257,4.9959417856990544,0.1610405641966454,0.4709401669957491,-0.2956546194378562,3.797676725978516,-0.5072806517230433,-0.1786606947528284,
1.515730381011963,-0.5544037778697447,0.3552712732498397,0.5084917909348308,-1.9111361723427396,-1.1290788837600685,1.3539062842189358,-3.289516742723963,1.5683991555731682,4.879144210450332,0.1682387281480615,0.4656964750742477,-0.2942901666380496,3.797680063838623,-0.5072882811175745,-0.1779144446002405,
1.5177712440490725,-0.5544022435098106,0.3552680515262207,0.508470491082956,-1.9117858509654635,-1.1284622779982705,1.354286423469385,-3.4564806193385,1.7832566489643502,4.879976497633524,0.1696451766908872,0.4729682413589434,-0.298430814321788,3.797676725978516,-0.5073192755328577,-0.1771648565875452,
1.5198357105255127,-0.5543980667545076,0.3552683036705961,0.5084899773869425,-1.9123224846764,-1.1279013424387585,1.3546870935791713,-3.336470471912744,1.7048690126469304,4.9221488301230085,0.1613891063376671,0.4677326309842949,-0.2940196245267029,3.797712011928223,-0.5072806517230433,-0.1764810721026819,
1.5218815803527832,-0.5544088228602346,0.355256518239227,0.508496683336797,-1.9128833735055917,-1.1273419539547866,1.3550552658072998,-3.3174792074247463,1.7027180539261928,4.752891369419139,0.1753681097164074,0.4773094864096808,-0.3029179241677984,3.797687693233154,-0.507303539906637,-0.1757467428790491,
1.5239253044128418,-0.554407585048982,0.3552664209206646,0.5084838406036934,-1.913527081567908,-1.1267079393421895,1.355479997378934,-3.3355176870421808,1.891359048016524,4.674094456396301,0.1606474763399387,0.4698006637417661,-0.3070218511896867,3.797695799464844,-0.5072925726519983,-0.1749876181231897,
1.525963306427002,-0.5544101811471731,0.3552536480157536,0.5084710068009267,-1.914118568150564,-1.126136690213069,1.3559053295093104,-3.4768730862598582,1.5954159201036615,4.928425680155701,0.1599576931838968,0.4697809777801645,-0.2995943159544689,3.797695799464844,-0.5072687307940882,-0.1742733160602014,
1.5279982089996338,-0.5544035885163445,0.3552650155613378,0.5084906005251559,-1.9146376998979744,-1.125581528313504,1.3562014546993988,-3.471441790989708,2.228086207918275,4.731751141015807,0.1577356330794826,0.4753384776352907,-0.3049065448596313,3.797699614162109,-0.5073002020465296,-0.1736062208758753,
1.5300321578979492,-0.554395125177243,0.3552887629860276,0.5084561344313772,-1.9153015348985327,-1.1249314199540497,1.3566214407466717,-3.449138361687485,2.0538519657007157,4.788649715279612,0.1734573572192689,0.473481601006656,-0.2966102874830548,3.797695799464844,-0.5072844664203089,-0.1728676001178186,
1.5320663452148438,-0.5544103255009016,0.3552478637550854,0.5084956821117506,-1.9157680702045012,-1.1244487526437903,1.35703059547866,-3.4550900390543475,1.8533773212488407,4.675271449356628,0.1641076197138897,0.4775117497884636,-0.3078934402346662,3.797708197230957,-0.5072496573077601,-0.1721809546100061,
1.5341012477874756,-0.5544060129452185,0.35526169288561,0.5084653979161095,-1.9164329245741771,-1.1238169319595372,1.3574122319972244,-3.367297575416061,1.9763786759682969,4.684723271423501,0.1647768108304051,0.4762440606214719,-0.2984886604436026,3.79771534978833,-0.5072725454913538,-0.1714456717120569,
1.5361363887786863,-0.5544048841203323,0.3552718301596169,0.5084756469493819,-1.9170308065506665,-1.1232018341051038,1.3577538904426971,-3.231905734550665,2.0807127430242964,4.725419160942831,0.172605304093441,0.4823445449033414,-0.3066464178145502,3.79771534978833,-0.5073121229754847,-0.1706965605365198,
1.5381700992584229,-0.5544094142113549,0.3552679230312114,0.5084725382658533,-1.9175714899143816,-1.1226438493592064,1.3581588557927693,-3.190363226690322,2.3161279624883018,4.729713626255203,0.1559011404371576,0.4798603639649628,-0.3123621609193922,3.797680063838623,-0.5072844664203089,-0.1699917952166956,
1.5402042865753174,-0.5543956957201187,0.3552687162196533,0.5084726049960993,-1.91819752676588,-1.1220109324091292,1.3585487942220462,-3.2069386166501044,2.0783544191525127,5.034162959641511,0.1559630685799108,0.4772543329569429,-0.3052262942983172,3.797712011928223,-0.5072844664203089,-0.1692536512957971,
1.5422396659851074,-0.5544004149413758,0.3552588624541796,0.5084946744455546,-1.9187040828932336,-1.1214697412196108,1.3588850487670443,-3.1832018851622137,2.3386604284272696,4.832058074292052,0.1542002825701991,0.4816829839765192,-0.3152346400563632,3.7976838785358886,-0.507303539906637,-0.1685507933246057,
1.5442805290222168,-0.5544110080589187,0.3552541639240698,0.508470881430482,-1.9193377084113332,-1.1208809639132662,1.3593350694281632,-3.108451525813577,2.0766876292485805,4.925765130976356,0.1720128897865067,0.4832859748609183,-0.2981662120594349,3.797695799464844,-0.5072806517230433,-0.1678159872638147,
1.5463216304779053,-0.5544075152451196,0.3552752199863145,0.5084781620406996,-1.9199303717838647,-1.120250212573949,1.3596867224105624,-3.119333989581593,1.9540183001799103,4.881974520669334,0.163526019369566,0.4879751770995202,-0.3175999919237006,3.797676725978516,-0.5073044935809534,-0.167063061391012,
1.548363447189331,-0.5544093082735334,0.3552758067925095,0.5084573155270758,-1.9205341578130104,-1.119675047596619,1.3601087752629306,-2.998332926318483,1.87291094482962,4.8717671600399495,0.1626212530357927,0.4874429172776999,-0.3118540449222,3.797695799464844,-0.5072773138629358,-0.166370693837301,
1.5504095554351809,-0.5544039697955552,0.3552866377592852,0.5084554284837592,-1.9211455184583563,-1.119039847340517,1.3604779714739397,-3.075484752755554,2.111175042929956,4.908407653564282,0.1706469246321766,0.4923487063168246,-0.3067490817505475,3.797676725978516,-0.507296387349264,-0.1656120459185999,
1.552546501159668,-0.5544078861317236,0.3552595733834943,0.5084812238695929,-1.9216657005094528,-1.118495625261661,1.360885916389303,-3.063537761313325,2.2371115812871647,5.002508796427516,0.1598614452469371,0.4839409920170453,-0.3086813476190423,3.7976838785358886,-0.5072692076312464,-0.1648977438556116,
1.554609298706055,-0.5544064766298471,0.3552614130062105,0.5084911515557804,-1.922259795636604,-1.1178790061149186,1.3612796149865525,-3.2547264359121737,2.174715590323089,5.000517988356225,0.1663753803131889,0.49240357006712,-0.3034396853308195,3.797687693233154,-0.5072687307940882,-0.1641433874713342,
1.5566647052764893,-0.5544060513058857,0.3552503374052713,0.5084855079093766,-1.9228540360854465,-1.1172792721166769,1.3617162348839875,-3.2709287094347115,1.9884894927188903,4.988569596646616,0.1638848513419173,0.4850427219608092,-0.310018807298113,3.797680063838623,-0.5072372595416468,-0.1634014288531702,
1.558706760406494,-0.5544012529134128,0.3552716174584007,0.5084793183008262,-1.923456412520248,-1.1166681570473729,1.36205228394711,-3.511648388267812,2.0281980959317645,5.212708836634848,0.1650937238515047,0.4899562724395673,-0.3028705461924603,3.797684832210205,-0.5072687307940882,-0.1626899878131311,
1.5607774257659912,-0.5543974941966314,0.3552820893173519,0.5084802290316596,-1.9240283322262752,-1.1160883660798386,1.3623443304721532,-3.305546502942982,1.926448031166161,5.116822824108555,0.1735400057747405,0.4885026525820035,-0.304631737131412,3.7976838785358886,-0.5073278586017054,-0.1619985739337366,
1.5628173351287842,-0.5543971139602454,0.3552730507753079,0.5084896000495012,-1.9246059021442847,-1.115484653236796,1.3627847122806749,-3.2753831879063444,1.8751401880899616,5.059105741960548,0.1812488803830119,0.4943323832347842,-0.3040416371000008,3.7976838785358886,-0.5072882811175745,-0.1612480322467249,
1.5648572444915771,-0.554405766147329,0.3552750058990001,0.5085142593966284,-1.9251587917778377,-1.11489288479711,1.3631580600712134,-3.2235294451118555,1.8457858430599363,5.224984728656137,0.1771950270947324,0.4934499087604498,-0.297673209331752,3.797668142909668,-0.5073002020465296,-0.1604903380023401,
1.5668973922729492,-0.5544053942299817,0.3552640899683948,0.5084846468701603,-1.9258493355402784,-1.11425873810131,1.3636174011385864,-3.418551739009779,1.869745438472348,5.2362045409924205,0.1693434684047779,0.4903571293429463,-0.3041981224093338,3.797712011928223,-0.5072844664203089,-0.1597321669207971,
1.5689375400543213,-0.5544028480164913,0.3552711310430099,0.5084846342837803,-1.9264092799012855,-1.11366740379637,1.3639802145592828,-3.3116738282385514,1.720561397087791,5.217491289471601,0.1742221344406435,0.4954292600971506,-0.3095472919184281,3.7976838785358886,-0.5072882811175745,-0.1590169111834924,
1.570976495742798,-0.5544041117427578,0.355251252773031,0.5084857877958993,-1.926990058247222,-1.1130973141836935,1.364414779672872,-3.3324130765621325,1.9766757517787252,5.203923506030183,0.1631539103314185,0.4903742236041238,-0.3055010544289999,3.79771534978833,-0.5072534720050257,-0.1583054701434534,
1.5730164051055908,-0.5544113864823869,0.3552472245714108,0.5085165081147212,-1.927492313198921,-1.1125259766800204,1.3647772284398945,-3.3893323531388035,1.8003566322253235,5.260133736503302,0.1805116227787135,0.4906192254659925,-0.2948906072677033,3.797660990352295,-0.5072568098651331,-0.1575592199908655,
1.575057029724121,-0.5544070698640171,0.3552640099873281,0.5084930529876982,-1.9281770618255225,-1.1118704729810356,1.3651764167584817,-3.4007891410903817,1.9884194511573252,5.1775032395305605,0.1687268439633646,0.4947641610708316,-0.3052118786374568,3.797699614162109,-0.5072725454913538,-0.1568077246295374,
1.5771024227142334,-0.5544085015701397,0.3552698532169445,0.5084675804581645,-1.9288116559572028,-1.1112556425233815,1.3655728709589272,-3.3847813337871937,1.773386517253755,5.114582439122564,0.1793121255485763,0.4972240788611831,-0.2894263924578863,3.797691984767578,-0.5072806517230433,-0.1560733954059046,
1.57914137840271,-0.5544057405468692,0.3552698704534004,0.508490959796041,-1.9293916162427165,-1.1106339638793323,1.3659371606685815,-3.518978288201429,1.7760133388308152,5.293044970159829,0.1671826996727113,0.4947449964759203,-0.3101057650130953,3.797695799464844,-0.5073002020465296,-0.1553099791156214,
1.5811800956726074,-0.5544039862450707,0.3552561133872174,0.5084856970757676,-1.929984822909018,-1.1100351161336726,1.3663896275768783,-3.4045449401317933,1.6035260385142605,5.202182032090543,0.1797566468337659,0.4951724507697873,-0.2984391499416895,3.7977029520222167,-0.5072534720050257,-0.1545761267291467,
1.5832202434539795,-0.5544021711628266,0.355258377550705,0.5084944191158629,-1.9305709212659017,-1.1094027063041387,1.3668024471418605,-3.653070964768692,1.834435559042682,5.1974466031680215,0.1604893041452705,0.4957098777601197,-0.3071607944460456,3.797676725978516,-0.5072372595416468,-0.1538022200213831,
1.5852594375610352,-0.5544095573498684,0.355269508785569,0.5084681596094376,-1.9312115995360413,-1.1088082228957203,1.3671477448556353,-3.363058726010592,1.5587405599273978,5.377937661587989,0.1799038290929249,0.4927010222673609,-0.2956386725996643,3.797691984767578,-0.5072882811175745,-0.153090778981344,
1.5872983932495115,-0.554410558254358,0.355248179575776,0.5084879691990991,-1.9317389028024816,-1.108241588904184,1.3675495282431045,-3.503477738236588,2.064694848961832,5.14701624080918,0.1692314862833284,0.5067883556551247,-0.2982616992469458,3.797676725978516,-0.5072653929339808,-0.1523640791522424,
1.5893373489379885,-0.5544056708534616,0.3552557750897454,0.5085147280347072,-1.932308344687692,-1.1076209850066885,1.3679341829321732,-3.517177374791231,1.8913437123743029,5.032141978157959,0.1668587360025219,0.4975329052005637,-0.2911828892185519,3.797699614162109,-0.5072568098651331,-0.1516183058368128,
1.5913751125335691,-0.5544021374820112,0.3552793370624473,0.5084824514806435,-1.932905444057222,-1.1070258838466882,1.3682808775316988,-3.640709025783408,1.9529606107905613,5.059436965029039,0.1606495156520465,0.5040678203396312,-0.2950144129412292,3.79767291128125,-0.5072725454913538,-0.1509383360492151,
1.593409299850464,-0.5544052228221514,0.35525847875786,0.5084835940289278,-1.9334836137335447,-1.106463692136637,1.368658101398925,-3.604984565015682,1.717559161692512,5.1927675953192844,0.1701288446193724,0.4929212537165466,-0.2947515006018057,3.797695799464844,-0.5072844664203089,-0.1502321402179163,
1.5954442024230957,-0.554403802561366,0.3552553894543593,0.5085015182574398,-1.934022466960024,-1.1058847665272131,1.3690411479418303,-3.6698848038843535,1.805334850479056,5.234002693429128,0.16940286095846,0.5040920199927713,-0.2929107357185136,3.797699614162109,-0.5072687307940882,-0.149520222340719,
1.597503423690796,-0.5544128346283955,0.3552583625162545,0.5084575311808146,-1.9347304556372236,-1.105242737698933,1.3694785937067828,-3.524549081542564,1.7363632324074172,5.088983723410148,0.1645626237817075,0.5007471128027146,-0.2934460740417845,3.79771534978833,-0.5072806517230433,-0.1487515608416956,
1.5995433330535889,-0.5544070432707946,0.3552614440363619,0.5084658987470596,-1.935258556834937,-1.1046796201832096,1.3698220477176246,-3.655631094255511,2.1063152186375094,4.932776401490347,0.1637396517290171,0.5109496154374389,-0.2887345700226028,3.79771534978833,-0.5072806517230433,-0.1480796972857874,
1.601621389389038,-0.5544155956871627,0.3552545700441748,0.5084813015224676,-1.9357668520412337,-1.1041320328012294,1.3702225145086098,-3.503147992930499,1.8738978078716544,4.968201216128875,0.1695846581506905,0.5043591240918935,-0.291820952871049,3.797691984767578,-0.5072496573077601,-0.1473758856402796,
1.603691577911377,-0.554407910799095,0.3552647470300064,0.5084585485726303,-1.9370436932172648,-1.102849470978003,1.3710114904912911,-3.598193862722809,1.7806113161513824,5.117839083357557,0.1608115167552422,0.5059435651992129,-0.295748718019962,3.797708197230957,-0.5072687307940882,-0.1458647886859339,
1.605766534805298,-0.5544019363826878,0.3552713999882175,0.5084705221050643,-1.9375757568998877,-1.1022827712553749,1.371278369298496,-3.5371011836444426,1.6835529733240326,4.990113610923189,0.1636898632933644,0.513475479639178,-0.2938123594662132,3.797699614162109,-0.507331673298971,-0.14518911043276,
1.607823371887207,-0.5543977441002833,0.3552640436876702,0.5084873595298183,-1.938139712520894,-1.1016687928744275,1.3717538774282698,-3.470251326814218,2.025914806225029,5.207011001891748,0.1619547701173952,0.5031162324764719,-0.2928734806379447,3.79771534978833,-0.5072534720050257,-0.1444423834430139,
1.6098637580871582,-0.5544045428752927,0.3552558088559945,0.50847922060526,-1.938731175052953,-1.1010978432594716,1.37211572491936,-3.559290636601067,2.0775672141057737,5.173048553768868,0.1611757989218028,0.5034039465129877,-0.2876857112781232,3.797726793880127,-0.5072806517230433,-0.1437347571002405,
1.6119072437286377,-0.5544056778647313,0.3552594796215271,0.5084912889249353,-1.9392955813692028,-1.1004787846494346,1.3724953424542847,-3.3579182149000264,1.9193273995629156,5.141664046389371,0.149629150100392,0.509749306816829,-0.2935101094872354,3.797688646907471,-0.5072844664203089,-0.1429713408099573,
1.613961696624756,-0.5544049692219832,0.355261946815426,0.5084634504574485,-1.9398661003027784,-1.0999438890986348,1.3728551753482507,-3.571143734229874,2.1682467036342694,5.458954369649455,0.1622746192093955,0.5046988735423095,-0.2851081989812998,3.797719164485596,-0.5072806517230433,-0.142350975667135,
1.6160056591033936,-0.5544069459785865,0.3552636587363169,0.5084698943730729,-1.9404492175344807,-1.0993329837369743,1.3732357355971925,-3.3365538319088763,2.029427382946092,5.08569412135228,0.1626609000667355,0.5089640729008336,-0.2904749270545847,3.797712011928223,-0.5072882811175745,-0.1416042486773889,
1.6180822849273682,-0.5543979059731551,0.3552697261610998,0.5084911641453828,-1.9409482181308155,-1.0987407910966591,1.3735904718759118,-3.3481841765548515,1.7649199908725146,5.108976318426897,0.15878649278492,0.5112811338956021,-0.2901124373889018,3.797660990352295,-0.5072725454913538,-0.1408913771258753,
1.620126724243164,-0.554400039621792,0.3552838585642336,0.5084682484863108,-1.941614189748171,-1.098098563642261,1.3739558771168117,-3.248826797897882,1.7651019269962474,5.119687537375467,0.1659223288079376,0.501546526604364,-0.2942725127388019,3.797676725978516,-0.5073154608355921,-0.1401408354388635,
1.6221706867218018,-0.5544011580621431,0.3552788341105328,0.5084488663025112,-1.9422304883877648,-1.0975040297704457,1.3743820987027493,-3.495088963554891,2.2516307600631538,5.092901346464267,0.1570181165222297,0.5109531000664087,-0.2918479901589721,3.7977043825336914,-0.5072916189776819,-0.1394327322589319,
1.6242492198944092,-0.554400985823338,0.3552652257154756,0.508505085646698,-1.94272324595738,-1.0969241012228887,1.374707023500846,-3.353176110881944,2.1691950735214283,4.984362200079786,0.149665031398839,0.5074381765662981,-0.2968348966274044,3.797695799464844,-0.5073192755328577,-0.1386855284320276,
1.6262884140014648,-0.5544092370333434,0.355256400118478,0.5084800657966946,-1.94333302586633,-1.096332442204481,1.3751998464400257,-3.6209744104104753,2.219402633719537,5.0206599181324405,0.1489982046336331,0.517033852485353,-0.2939541989742207,3.797699614162109,-0.5072496573077601,-0.1379597822772424,
1.628323316574097,-0.554410619273619,0.3552596148768832,0.5084692307583516,-1.9439202281329893,-1.0957601111094477,1.375514127680408,-3.283286964141138,2.322054890807696,4.821417472424556,0.1545474915304285,0.5131571846551345,-0.2945865503361798,3.79771534978833,-0.5073002020465296,-0.1372788588153284,
1.6303582191467283,-0.554412938078638,0.3552558649608306,0.5084878340708229,-1.944426401631498,-1.0951896273423842,1.3759035080548925,-3.13677561256656,2.1351993353831684,4.638631048706442,0.143997967467867,0.5163224372002025,-0.2990071146409573,3.797680063838623,-0.5072725454913538,-0.1365636030780237,
1.6323935985565186,-0.5544039713488268,0.3552776210665628,0.5084793411735937,-1.945072311540249,-1.0945103244509573,1.376287630918114,-3.4064117325450924,2.418072348132756,4.933847696781655,0.159480621294109,0.5158594858329194,-0.2865572110108143,3.797680063838623,-0.5072844664203089,-0.1357911268817346,
1.6344573497772217,-0.5544068854660736,0.3552586039167147,0.508468519435897,-1.9456890790612904,-1.0939133800298275,1.3767316920750972,-3.3690822134973226,2.749250883862284,4.934538391480616,0.1507523011731568,0.5086671705877818,-0.2972476307414918,3.797712011928223,-0.5072568098651331,-0.1350601355182092,
1.636491298675537,-0.5544016032119795,0.3552654362698692,0.5084778893693761,-1.9462714660975224,-1.0932909137498243,1.3770375672632331,-3.354332497269101,2.183099191568385,5.004407387279677,0.1600340281928764,0.5154641483036906,-0.2957282243914996,3.797699614162109,-0.5073154608355921,-0.1343205610858362,
1.6385390758514404,-0.5544092753731041,0.3552615043973726,0.508457353209073,-1.946859360322444,-1.0927013284739773,1.3774941522621993,-3.486242499526905,2.3004634980767125,5.180892716742119,0.1604582764249497,0.5056256940211761,-0.3075344222938929,3.797680063838623,-0.5072653929339808,-0.1335971991168421,
1.640573501586914,-0.554411599311412,0.3552580383164829,0.5084671664002991,-1.9474513073351305,-1.0920796451287804,1.377884459608139,-3.366782743956808,2.564677289341193,4.823087669729204,0.1670879512057434,0.5112625329094803,-0.2954745699983142,3.797680063838623,-0.5072725454913538,-0.1328347365008753,
1.642621994018555,-0.5544082731178195,0.355254346377412,0.5084962439594387,-1.947994822282276,-1.0914804797484807,1.3782370552100347,-3.6710710333191656,2.379325322942848,5.369135544091463,0.1511833794476392,0.5058565425108511,-0.306612347238019,3.797691984767578,-0.5072844664203089,-0.1321037451373499,
1.6446576118469238,-0.5544152751520148,0.3552566893766251,0.5084713425990209,-1.9486121133721528,-1.0908842647338954,1.378652760388852,-3.4753370960245538,2.3649780164719267,5.109485992926976,0.176367004764713,0.5069167384093927,-0.300206426674429,3.797699614162109,-0.5072725454913538,-0.1313894430743616,
