Timestamp,Pose_X,Pose_Y,Pose_Z,Pose_Rx,Pose_Ry,Pose_Rz,Force_X,Force_Y,Force_Z,Torque_X,Torque_Y,Torque_Z,Y
0.007564067840576172,-0.42580458530074267,0.3847619986087822,-0.037438569239885366,-2.1435995291980725,-2.085962630916942,0.18596026578444286,0.03954992439481172,-0.02326222881001345,0.00222313620664472,-0.007036626963613472,-0.008062108070139105,-0.0013417757686176918,1
0.009621381759643555,-0.42580458530074267,0.3847619986087822,-0.037438569239885366,-2.1435995291980725,-2.085962630916942,0.18596026578444286,0.03954992439481172,-0.02326222881001345,0.00222313620664472,-0.007036626963613472,-0.008062108070139105,-0.0013417757686176918
0.011659860610961914,-0.42581726497984446,0.38476324701263154,-0.03743112518865227,-2.143574176807915,-2.0859456017694002,0.18597922847089932,0.18820795320458195,-0.0009690940737873115,0.08703871679347679,-0.0032703901063212307,-0.003484885809378312,0.0007555850016236173
0.013704538345336914,-0.42580783734286626,0.38475261963359036,-0.037433409390869005,-2.1435882960738177,-2.08596155238414,0.18596335521899318,0.1584763772527528,0.05562096132262228,0.12415328418582389,-0.003466081814155657,-0.0030895818684428347,-0.000331942339196763
0.01575183868408203,-0.42580161529358485,0.38476256260872577,-0.037444533830029963,-2.14361428498131,-2.0859386831140014,0.18596349422507172,-0.056923720388928414,-0.3400709864509479,0.1339869811474344,-0.0022249537244437463,-0.010126257086262443,0.002413172433028211
0.01782059669494629,-0.42580816432939894,0.3847750389663035,-0.03743839540628041,-2.1435845498097734,-2.085917505611253,0.18598843323034675,0.31079727977211546,-0.5378134146482525,0.3263427029215279,-0.010243346448817848,-0.011402816152935716,0.0015394484209237218
0.01987433433532715,-0.4258005424252307,0.38475968925069565,-0.03743883942581305,-2.1436181147541014,-2.0859418081297623,0.1859792014619532,0.3335436834834072,-0.31826643575516933,0.21357173268473795,-0.013910071027687732,-0.011310252090291618,0.0053200403868736874
0.021964550018310547,-0.42579640921335044,0.3847501863852046,-0.03746039071494642,-2.1435937513191687,-2.0859760309453415,0.18601905038434152,0.29072553738337675,0.11780292611587719,0.05261037767371991,-0.004076510621263028,0.003973272305952138,-0.0013074463703103808
0.02401566505432129,-0.42580862907547923,0.38475610819829054,-0.037453319692622944,-2.1435721218931496,-2.085944976095463,0.18600060726014894,0.40241991204701105,0.23921888476190523,0.20648749230483912,0.009483089734859902,0.00043741519521959876,-0.007593246515186029
0.026042699813842773,-0.4258056430058269,0.3847620852447655,-0.03745812556607231,-2.1435923868584092,-2.08594518628491,0.18597758915386964,0.5949901338828876,-0.12972582046481287,0.39786845865860865,0.00033686400260549685,-0.0044947229307567725,0.0016823869436890346
0.02806854248046875,-0.4257950773032892,0.3847413842463247,-0.037468808324733816,-2.143647232086239,-2.085948432606087,0.1859935429672969,0.45899298240786024,-0.5734451575357482,0.31787741014313464,-0.022248726679365484,0.005863866217122019,0.0018914037234576036
0.030093669891357422,-0.42581207162665424,0.38476420313349025,-0.0374565563150735,-2.1435556706102306,-2.0859325911937727,0.18598562152846274,0.2789476291883387,-0.5063086939213957,0.3005760956664314,-0.022664220763956158,0.0015269010268808385,0.004030378508972201
0.0321195125579834,-0.4257894669988878,0.38473469666054017,-0.03748164314555141,-2.1436219970178634,-2.0859737164998795,0.18595985954226368,0.21415732459929487,0.00932751299184199,0.3460091755247508,-0.011523762429341092,-0.01107621482666404,0.0024670457893759853
0.034143686294555664,-0.42580740163691316,0.38472852134288504,-0.03748663430553276,-2.1436082179329623,-2.0859705656935885,0.18600231527891398,0.1981654401819526,-0.11685819591257016,0.41514336849444655,0.005270610524381418,0.0009154751347449067,0.004249917064990892
0.036168575286865234,-0.4257986692863336,0.38476864163536567,-0.03747509250566777,-2.143580273118531,-2.085912343248603,0.18595735209976486,0.29085683044347277,-0.1215288762350954,0.3951340554901196,-0.002868037212752179,0.00863753308823608,0.0008746786159283009
0.038193464279174805,-0.42579059325790675,0.38476857249101265,-0.03748555455013236,-2.1436098763801423,-2.085890107175024,0.1859130758186023,0.33230956048786153,-0.25958881079904966,0.45144114950651737,-0.018944342470551497,0.00356133375273587,0.006561122874566213
0.04021859169006348,-0.42579237591764785,0.38475372552157144,-0.03749561695795667,-2.14358684310714,-2.0859258107000285,0.18594028962792444,0.2153434767979665,-0.525273663018026,0.4039183311303488,-0.016182578424455488,-0.010698458113372373,0.011181500245877572
0.04224348068237305,-0.42579485165301145,0.38474795334605244,-0.03750844147968746,-2.1436138869727284,-2.0859307090753205,0.18595730900669574,0.3648660989244282,-0.31849184200170144,0.31744589136097545,-0.005487164964766576,-0.003610731915749186,0.006660228889637961
0.04426860809326172,-0.4257920012639561,0.384744929356775,-0.03752999599327131,-2.1436393690120887,-2.08590954796211,0.1860195046609096,0.20378905302176697,-0.0019039633810951822,0.3780384402714347,0.0009020566406317716,-0.000718863343102367,0.0017889784920287295
0.04630088806152344,-0.4258072407499439,0.3847633067472541,-0.03751523606410706,-2.14356902484336,-2.0858844524354985,0.18596696662324674,0.14870113341900604,-0.01581936123118373,0.5467654880360577,0.00048671093507852026,0.002572134087075521,0.009274173371764541
0.048325538635253906,-0.4258011780799659,0.38475057849474953,-0.037531209365808726,-2.1435980346186363,-2.0858852287427507,0.18600603558557874,0.43820754841600973,-0.15964007984346051,0.5797508356311873,-0.003082418232410851,0.002173350250718637,0.009669176079500933
0.05034589767456055,-0.42579414700939316,0.38475179257548164,-0.037544123831108556,-2.1435916051086017,-2.085900836911017,0.1859483756435689,0.3594075433676933,-0.04129818227921756,0.5573697282945143,-0.00958362734367699,0.0021290438775655143,0.013490252768509263
0.05236649513244629,-0.4257999449493647,0.3847435072814122,-0.0375589202435124,-2.143647467886051,-2.0858873089511607,0.18601484095451776,0.5225507116226824,0.07070458958449458,0.4894606084386185,-0.0009780062922275677,0.002460641204829758,0.003876346422871449
0.05439138412475586,-0.425803732040283,0.38475373311261213,-0.03756874214120934,-2.14362063651648,-2.085875101271657,0.18602538836846527,0.36663553656484105,0.18328718815099032,0.5118654036309489,-0.001706561270814653,-0.006688420609062751,0.016170175107019596
0.05641651153564453,-0.425797451432328,0.3847607867458491,-0.037562064276456586,-2.143576256955994,-2.0858815767000105,0.185962139511724,0.22587307322653757,0.09302220987696178,0.5276970199871471,-0.0024930727008774236,0.0009126445061063726,0.013166348954896006
0.0584416389465332,-0.4257885379554185,0.3847450593251257,-0.037593102926301136,-2.1436637057665826,-2.085877163899466,0.18599271293712,0.084049536174215,-0.022055558832517974,0.5707234753412778,-0.004063479553462583,0.0027769992271678857,0.012610807365937325
0.0604703426361084,-0.42580012437865483,0.38476087503656237,-0.037584064079317636,-2.14357070581819,-2.085872088425807,0.1859697675347464,0.5330708958854355,-0.08636972786755061,0.5675594077621702,-0.0015545538083792739,0.001238794635106781,0.01222891391671319
0.06249570846557617,-0.4258034478774124,0.3847665475006796,-0.037602169606577585,-2.143617308743489,-2.0858481104585445,0.18596968178913545,0.3955054889464484,0.014142671551952427,0.5386379181471997,-0.006575386286326599,-0.0015541225412403466,0.018858114995462222
0.06452059745788574,-0.425800523325638,0.3847480029247094,-0.03762103158057395,-2.143617139079827,-2.085856453708977,0.1859746308101336,0.4170133177840332,-0.28906242670613835,0.44093844026679757,0.0034661681330472155,0.002638313704125825,0.01462045891331969
0.06654787063598633,-0.42580182059074245,0.3847519573973928,-0.0376421963613405,-2.1436065473631736,-2.0858710382647185,0.18598067852222866,0.3447951143951852,-0.057774860018635674,0.5991590332242906,-0.006229509834667307,-0.0036654316980120447,0.022840927250085706
0.0685725212097168,-0.42580323258605385,0.38477296305258796,-0.03762365532885706,-2.143548709279708,-2.0858326948887744,0.18588845675474128,0.44916192770144225,-0.4965791238405087,0.7547689102341189,0.0019338016922059455,-5.500998420696144e-05,0.0217269876291112
0.0706336498260498,-0.42578429618631136,0.3847564603301815,-0.037664714373139674,-2.143607667082788,-2.0858853510707274,0.18593215095920768,0.4064060489550687,-0.21855367689207753,0.55490865480523,-0.008310430589629717,0.006533447769907905,0.02502645746017513
0.07265853881835938,-0.42581487038284793,0.38475711051624617,-0.0376574311142594,-2.143571621043376,-2.0858657783069634,0.18597022321317527,0.7259015709257557,-0.6220792259326685,0.5500142903712952,-0.01573370844130188,0.00035681804817945545,0.023874882792167932
0.07468342781066895,-0.4258159416976846,0.38477192563709023,-0.037674408794253406,-2.1436155856038064,-2.0858278942906483,0.1859848007368578,0.5557592703048401,-0.3383108764766056,0.4681725692053493,-0.02919995992174609,-0.01851106163109785,0.028747535024037502
0.07670736312866211,-0.42580996092530654,0.38475672549489437,-0.037701124290626525,-2.143638071559827,-2.085844644252226,0.18597660496285076,0.39501721411857627,-0.7884179433793855,0.4227408012032422,-0.014178684272886426,-0.019176578431183207,0.03697311478364623
0.07873249053955078,-0.42581022810167857,0.38477124198926216,-0.037704919264501396,-2.1436218102705826,-2.0858302193300933,0.18591792786072625,0.15338978557662952,-0.5796117302314755,0.6134487549977843,-0.006271846434745447,-0.012119582821895247,0.035969296330285845
0.08075761795043945,-0.4258093880891538,0.38478633915968935,-0.037716802881506584,-2.1436232679463227,-2.0858113804825877,0.18592182554574968,0.3799616291465079,-0.11610242537973604,0.516865664738377,-0.0038419825022690396,0.007461426024980998,0.022141306658097527
0.08278250694274902,-0.4258243118093643,0.3847700428725024,-0.037732020799312954,-2.1436173820287596,-2.085815883509396,0.18599297943340767,0.2929093821354881,0.1427390080391939,0.6625163856984686,-0.0005935619527633286,0.008863484839169159,0.03062546102937492
0.0848076343536377,-0.4258193175178888,0.38476563443583206,-0.037767440160699634,-2.143649225582924,-2.085816802398283,0.18598196283468232,0.2997714371622847,-0.1098631429940437,0.6369217692472139,0.004500684598315108,0.006270559623199688,0.02613834638753739
0.08683252334594727,-0.4258327410699162,0.38479692533576154,-0.03774489863534092,-2.1435707973588576,-2.0857999572745456,0.18591730002678736,0.1703837480382146,-0.1521033187838755,0.40663789173660914,0.00428274514797266,0.001915154320202607,0.023839315653360095
0.08885741233825684,-0.42582626708581484,0.38477744480388615,-0.03777896147995394,-2.1436095144147504,-2.0858102517752317,0.18596660865387138,0.42535174869357995,-0.30700541612156684,0.4151933148351653,-0.0009315095660956587,0.0015222081684282116,0.02542134510295628
0.0908823013305664,-0.4258231109112571,0.38476942261200203,-0.037805808803284296,-2.1436543580771588,-2.0858005188233824,0.18598674300373297,0.35729948527783484,-0.437219242568814,0.4277422298420501,-0.004555144539093054,-0.003995334265650952,0.02153564170503458
0.09290742874145508,-0.4258431364159639,0.38480290409261025,-0.03779684135403674,-2.143606037672663,-2.085756544519609,0.1859281528234715,0.4160435993426242,0.05910122090516218,0.3018552699362844,-0.008252247347086138,0.004415211158682611,0.01838479717242143
0.09493255615234375,-0.42584518302997626,0.3847961694808082,-0.03781684208927327,-2.143587879549099,-2.085792859260867,0.1859391290123933,0.2557295301969718,-0.1846582572979373,0.35074329071311283,0.007805952076728748,-0.0035548772468389344,0.015704073774250704
0.09695744514465332,-0.4258209243879879,0.3847712204961262,-0.037876051482405915,-2.1437097700446226,-2.0857988133589314,0.18602389428599203,0.43355792964940976,-0.06654271357540016,0.4428289525934129,0.002410943473271996,-0.010701982159522153,0.016510191855632773
0.09898257255554199,-0.4258323123377852,0.38479621519665674,-0.03787915093868752,-2.143663133540777,-2.0857832115448462,0.185932749258148,0.02457633781866648,0.054648866409258444,0.45407788315208863,-0.006357830931528344,-0.01561966798223667,0.01361515128837915
0.10100650787353516,-0.4258368089813268,0.38478671338121495,-0.037894564787216534,-2.1436758652225483,-2.085807946420132,0.18596964521189127,0.05114697487443393,-0.13036599046945338,0.4129226852914025,-0.0066272675521695,0.0003619051590427105,0.019229104081158365
0.10303139686584473,-0.42584319532605625,0.38481041687823425,-0.037903666346524145,-2.1436528913419846,-2.0857779533467578,0.18596327096016613,0.13932466320840725,-0.22843040524567576,0.3059762364304731,-0.002393625364952321,-0.0025439144224985236,0.014698734767387851
0.1050565242767334,-0.42583756391163263,0.3847902161810987,-0.037932792206488875,-2.143654395573005,-2.085820506230562,0.18592548709737655,0.5193930708431663,-0.20540497735710214,0.2867328535597954,-0.000850841500002265,-0.0008447653828215335,0.020481542406702174
0.10708165168762207,-0.425828164015192,0.38479691488989465,-0.03796257713029222,-2.143722541110496,-2.0857859938074115,0.18595538916803683,0.3473223342129344,0.0824990641467772,0.18796258450956732,-0.0020313424870515118,-0.00011091032488925486,0.019620879858032868
0.10910654067993164,-0.42585071520638684,0.3848074650527626,-0.03797130488294015,-2.14366617107355,-2.085758854874153,0.18597244918754405,0.17627446543904585,-0.2938516802996387,0.3801500812059096,0.00630045228947192,-0.006912152197393349,0.015773552767370285
0.1111304759979248,-0.4258328542977435,0.3848083593915555,-0.03799213838384205,-2.1437499447167214,-2.08575020410925,0.18596662286535573,0.3626248631982785,-0.4680879607119049,0.37391653338197484,0.0010321578020052484,-0.005540318570433805,0.027476522874639392
0.11315536499023438,-0.42584741374975243,0.38480343679272777,-0.03801297114512503,-2.1436784639713915,-2.085781515477012,0.1859671861430993,0.29751411145491496,-0.5864713685495634,0.278214196533895,-0.002604835051105057,0.001304553746005246,0.01998740842882829
0.11518073081970215,-0.4258420796771182,0.3847916330901793,-0.038053181618606935,-2.143749089342558,-2.0857938928395914,0.1860024746221358,0.38688360028846047,-0.14648128247778208,0.16181726514642475,-0.012574051733347056,0.00660190453836135,0.01796045157468235
0.11720561981201172,-0.42585357796950607,0.38482069143937586,-0.03805741286472128,-2.1437255353506335,-2.085752838900645,0.1859585076491852,0.49128494664053063,-0.04340493019681558,0.17432761386612503,-0.007132452643488912,0.004129482031434435,0.014404176784412397
0.11923050880432129,-0.42585627826461037,0.3848083612917608,-0.03808491783619497,-2.143729009982241,-2.0857825648677437,0.185970990939002,0.3456299189215691,0.03125211126999838,0.28232298386838184,-0.005494482185167881,-0.002231287965997446,0.019643550239679737
0.12125563621520996,-0.42585663989065975,0.38480640534151345,-0.038105533215241016,-2.143739964206171,-2.085764999956325,0.1859770014285831,0.29765490291521207,-0.010857690378760911,0.2240300771256391,-0.009415493713633273,0.002461085708921119,0.01669243012636572
0.12328052520751953,-0.4258558788211976,0.3848126157196431,-0.038130492812820715,-2.1437578834307254,-2.085756495628875,0.18596985566649218,0.25641132518752885,-0.26847986353535963,0.2654367078394195,-0.005208289547463966,0.0030852414813523936,0.018888707437025854
0.1253054141998291,-0.42586502431480255,0.38482909468480936,-0.03812946445338511,-2.1437251742218004,-2.0856975455763322,0.18599558177329234,0.23938922714781644,-0.2695569759405454,0.21451960185764607,0.007667782828751711,-0.00013233408306872715,0.011278180522605024
0.12733030319213867,-0.42585196119242397,0.384807158996526,-0.03818483694052838,-2.143822488345684,-2.085748830234167,0.18603105229295785,0.23978849788455997,0.2643755308320786,0.13433171544608652,-0.0045720968248642874,-0.011114868381128294,0.014993055589126008
0.12935566902160645,-0.4258675660989723,0.38481849977034555,-0.03819443947700529,-2.1437750164968277,-2.085736535151972,0.18597472317303337,0.45334884171376055,-0.3194462964752844,0.2423962307984826,0.003694584936483736,-0.0015706107190059417,0.014551466240422441
0.13138055801391602,-0.4258663633791868,0.3847991541123889,-0.03822141226998299,-2.143798958353873,-2.0857692691099534,0.18602942529206587,-0.0763403186404634,-0.3751521883028367,0.27496895173867797,0.002864447604687974,-0.005083858003916967,0.020104779028396882
0.13342046737670898,-0.42586887777763394,0.38482683421894004,-0.03823971644054405,-2.1437953810815524,-2.0857208064464503,0.1860065221054815,0.1826658384977605,-0.19464702096884462,0.2767590535159323,0.0016266010008075423,-0.0058492372761058285,0.018341761955243764
0.13544559478759766,-0.42588211278779387,0.38480933108191717,-0.03826730635358394,-2.1438357086586213,-2.0857194096084304,0.18608529960552164,0.3203018278540236,-0.31749789930762823,0.23064806200285898,0.0019561609220623832,-0.013823264663718448,0.019953214793496075
0.13747048377990723,-0.4258727794863157,0.3848286422410789,-0.03829133470979329,-2.1438173027320446,-2.0857323358162145,0.18599590227373902,0.4050152546892966,-0.30853525532418996,0.22607708326126222,-0.0015951768067919096,-0.006459989511123783,0.013099764226668817
0.1394963264465332,-0.4258691280299435,0.3848195696873571,-0.038319334948796135,-2.1438223830798844,-2.085730712495486,0.1860042821224268,0.41722382489801824,-0.2743286978926797,0.2626737710618776,-0.005067372037901717,0.0008978822259110116,0.014402931800588542
0.1415233612060547,-0.42587557089163247,0.3848285062520816,-0.03834263345345304,-2.1437916899108855,-2.0857506567622535,0.18603948830310998,0.20910284302812882,0.11213245485776291,0.24399583539461378,-0.013355150022602286,-0.006808184503638212,0.019958977227999344
0.14354753494262695,-0.4258675273548061,0.38485068420896024,-0.03839025012046168,-2.1438488003844034,-2.085704686249389,0.1859689823842731,0.3329678043123407,-0.1356464977617655,0.3883746299195392,-0.006213676845535841,-0.0008684555541370982,0.020686419413334333
0.14557313919067383,-0.4258675273548061,0.38485068420896024,-0.03839025012046168,-2.1438488003844034,-2.085704686249389,0.1859689823842731,0.3329678043123407,-0.1356464977617655,0.3883746299195392,-0.006213676845535841,-0.0008684555541370982,0.020686419413334333
0.14760231971740723,-0.42588469213469987,0.38485287922208167,-0.03843740993296768,-2.143808573490321,-2.08571298524244,0.18599688679409956,0.18974905292325944,-0.2461017023579855,0.32054557250551774,0.0052292662397849885,-0.005226589270862413,0.018092838003892733
0.14963102340698242,-0.4259012680061524,0.3848349774865822,-0.03846270619951714,-2.143806432762147,-2.085741280068059,0.1859995886979591,0.2226622090468429,-0.29597637006961597,0.264489987434084,0.00422163885439229,-0.005460661623220881,0.018677538449363675
0.1516580581665039,-0.42589813210431093,0.384837858866799,-0.038489119737662836,-2.143852617419463,-2.0857255657046205,0.1860573967336232,0.07268641773128225,-0.11751562295948183,0.49213462447763795,-0.0003527173105223394,-0.005889779482523423,0.01719227803342892
0.1536850929260254,-0.42590428696924554,0.3848400068705664,-0.038522393846913,-2.1438397196206918,-2.0857301457795456,0.18603283052761796,0.3128413056737527,-0.10341987005719079,0.3134487595806573,-0.003969919076098928,0.004070263638915983,0.013077455404138816
0.15571212768554688,-0.42590515983381194,0.38485762028551485,-0.03854244102613036,-2.1438591835869576,-2.085680489844761,0.18604817626911446,0.21349371113412458,-0.2956759851040299,0.40773062041763464,0.0037515444296687002,0.00428301789987041,0.013072637750780531
0.15773892402648926,-0.42589098393607155,0.3848556347108838,-0.0385900047582394,-2.143906663747184,-2.0857212664935063,0.185992664147053,0.19573421573127003,-0.2626762428350366,0.49176830713874975,0.0038704171185738705,0.003931247876785365,0.01369873163301526
0.15976500511169434,-0.42590137516428606,0.3848418855132567,-0.03860261191549147,-2.143884698813119,-2.085749912111177,0.1860441648450103,0.12044893853253963,-0.1863040902620607,0.5951129543405838,0.00282040541364126,-1.519232881944376e-05,0.017261335812535653
0.16179442405700684,-0.4258958476250098,0.3848498414026434,-0.03863598669771309,-2.143925823998637,-2.0857094698923464,0.18599993324235897,0.16643825506812693,-0.38542925225072827,0.5064380958571424,0.00798223269949926,0.0040543927718180274,0.021416769631247303
0.1638195514678955,-0.4259077146830437,0.3848604744879255,-0.03864733191041628,-2.143889100164993,-2.0856898877837047,0.18603009294027156,0.20796629070626674,-0.2909950867376674,0.5417026594031722,0.007798257943700582,-0.004841835118971845,0.015904639132966386
0.16584467887878418,-0.4259141127591019,0.3848456058917061,-0.0386896203591125,-2.1439210130008797,-2.085714333152459,0.18606369911335294,0.42526897144656356,-0.08092078230845874,0.38755840202344216,0.007047859683256956,-0.005004861791674755,0.01079180587029485
0.16786861419677734,-0.4259132653856056,0.38485305982741896,-0.03872017058632454,-2.14392209964773,-2.0857433012952513,0.18602465234067733,0.40088864586698525,0.052468138666696584,0.41572805506658994,0.008453823889593036,0.0028137952779929854,0.012700599590813428
0.16989350318908691,-0.4258987418685324,0.3848677986811968,-0.03875302906986958,-2.1439845119332714,-2.0857095055951675,0.1860158883419143,0.0065421791861850626,-0.060332723976632946,0.5221544413424668,0.0031441756663356225,-0.0015513561890881,0.011945810585033844
0.17191743850708008,-0.42591169445305677,0.3848630582449401,-0.038769854020853395,-2.143982302224543,-2.085701135089098,0.1859999584468286,0.40193161895642826,-0.13200943368536114,0.632448184465512,-0.002010991801198847,0.0012240774608530116,0.012278136225360326
0.17394256591796875,-0.4259082647395864,0.38484818493645184,-0.03881161507146652,-2.144012597833145,-2.085710033423707,0.18602628728284581,0.3588289927937557,-0.1317777818441501,0.5382927674524036,0.0019288372168589632,0.002373950249715578,0.01590468840620722
0.17596745491027832,-0.42591729051054467,0.3848773814832844,-0.03882205469323877,-2.1439786888061216,-2.0856855507945573,0.18603516118231264,0.3752933521904498,-0.06620459736141927,0.5195277598181738,0.0009073728169973832,0.007523936081175597,0.013165619076534263
0.177992582321167,-0.42592058100531965,0.38484957728509817,-0.038864959028273444,-2.1440264876362467,-2.0857089907684454,0.18608252583777685,0.1699517160738838,-0.20747447777577074,0.4290778547613565,0.006331951471447219,-0.006277041850869735,0.011600687266128798
0.18001747131347656,-0.4259148249295994,0.38485384813723394,-0.038901667348008845,-2.1440257105596556,-2.085742431179715,0.18603195518210927,0.3485165192400714,-0.037544847321279134,0.5085224334906391,0.0034882528176572902,-0.010710518109733584,0.016244086437229497
0.18204212188720703,-0.4259223572881185,0.38484902696585105,-0.0389240684582261,-2.1440606670618134,-2.0856914491520007,0.18607939693456535,0.1936992763478552,0.022403396934385207,0.3668323744676055,0.0044924564957078165,-0.001889506059194805,0.011283020614568682
0.1840662956237793,-0.42592387648488994,0.38485477176181065,-0.03895400150126002,-2.1440433825088068,-2.0857417389866297,0.1860339273853881,0.20860105053690667,0.10808425769076184,0.3540297424303216,0.006704699972579045,0.004896623565695738,0.012986937455919162
0.18609023094177246,-0.425927055669758,0.3848664370688794,-0.038977923204926046,-2.14404239193594,-2.0857294985686528,0.18607772995267288,0.48568367852165245,-0.06254260499350534,0.3475647449134228,-0.009643930510750152,-0.009925335526295265,0.016906835094982347
0.18811416625976562,-0.4259294444457324,0.3848384557189331,-0.03900834380667767,-2.144090635572443,-2.0857295497662616,0.18609513514529621,0.3992942829685067,-0.2208862098299708,0.22148299634412044,-0.01615263238025145,-0.00274473701725129,0.018596410315629655
0.190138578414917,-0.42594101286048563,0.384861960564366,-0.03901952410276288,-2.1440797721305347,-2.085671900833721,0.18608666944101665,0.2873967235670592,-0.28774186857709877,0.053019553836627605,-0.0031894371979604304,0.010067063531631303,0.01604116232678018
0.19216251373291016,-0.42593793505464306,0.3848731681366722,-0.03905194582593011,-2.1440444149530182,-2.0857217071470293,0.18603265285237328,0.629910906980805,-0.21551021018769054,-0.040116973344493906,-0.00022093211123154965,-0.00986007845595936,0.015291596180870741
0.19418740272521973,-0.42594702021535863,0.3848563458300855,-0.03908271831168536,-2.144064025136979,-2.0857197246608368,0.18610357743067468,0.9160995072878053,-0.14900026424160964,0.059782361709456194,-0.008183044843245571,-0.013312293438364672,0.013657637919177715
0.1962263584136963,-0.4259466848581869,0.3848704425683952,-0.03909961383866423,-2.144066647616575,-2.0856964993308615,0.18603812580938955,0.23923785878407597,-0.36768400063967116,-0.0029530503469966177,-0.004885654455246043,-0.010279113189895233,0.018424712052113303
0.19825148582458496,-0.4259438932386622,0.38485159806865865,-0.03914740858149146,-2.1440960008107433,-2.08575638493655,0.18606760716740023,0.19387944276129934,-0.5007581739966431,-0.01736012446913828,-0.003233267108131167,-0.018809923499321327,0.023140456470584696
0.20027995109558105,-0.42596643541508483,0.3848739892942846,-0.03914149821151702,-2.1440287081956746,-2.085727470911389,0.1860388268866065,0.602477588751725,-0.15011855667621235,-0.0033415475518395743,-0.006472120538905025,-0.014677789185292769,0.02458348071562986
0.20230674743652344,-0.4259662682082351,0.38488411523400184,-0.03916521433752812,-2.1440101719265705,-2.0857008462908655,0.18605930001329882,0.6686471710808504,-0.05260187663479501,-0.06973712702765622,-0.0005913570567301807,-0.005873190609367322,0.013574644683979157
0.20433259010314941,-0.4259710466875631,0.3848642176564875,-0.039201700432904135,-2.144062542526069,-2.085704932358809,0.1860793694061484,0.29668294112457655,0.21698290870643952,0.020394980292951767,0.0007169552607311663,-0.004383758239478464,0.014998895354195425
0.2063584327697754,-0.42597734783016833,0.3848693227115401,-0.03922127323349414,-2.1440302751979097,-2.085723552459663,0.18604439328285843,0.487267560302504,0.1951060693220801,-0.09271844905555968,0.004228331255750092,-0.0005453474079698378,0.012605591928876772
0.20838260650634766,-0.425965880887126,0.3848537945191809,-0.03926233178948771,-2.144119016876751,-2.0857321658905894,0.18606619496006505,0.5595970197509625,0.12462658541409072,-0.10798056200815496,-0.0026715543660460884,-0.010200563356754368,0.012292414238923851
0.21040749549865723,-0.42599041709456814,0.38485889080793695,-0.039262584237187786,-2.143993768772603,-2.0857616793781495,0.18607786166244783,0.4854227690163421,-0.3439617023665114,-0.04277873713372041,-0.0041927477167350135,-0.009377931166720577,0.005736832523395823
0.2124314308166504,-0.42600101139305513,0.384859844957063,-0.039290877140793046,-2.1440207456020777,-2.0857480414312475,0.18607378046996845,0.2726990745060787,-0.21611730954883823,-0.15473961337794936,-0.0035081190675473736,-0.004839459952390831,0.010733743134224632
0.21447491645812988,-0.42600309957531274,0.3848735374606478,-0.03931860657791969,-2.1440028410049012,-2.0857276076883937,0.18604492847795295,0.32328387931258473,-0.261882246978439,-0.23298644625810366,0.0030083842134791482,-0.0064737354331117864,0.016652250985111014
0.21649956703186035,-0.4259925266344991,0.3848790647566764,-0.03935691251204168,-2.144116263510832,-2.0856821432277495,0.1860523448241892,0.32591406036986387,-0.43935245070766,0.04661837801817925,0.002879392637159483,-0.012774136738548474,0.015895665745490707
0.21852350234985352,-0.4260044437210565,0.3848580334353011,-0.039381434567366674,-2.1440378373332165,-2.0857765240142285,0.18605175197936932,0.19639977026991629,-0.2015483074190509,0.03537123603651723,-0.005369812647959783,0.0018626839278023941,0.01858743324490206
0.22054839134216309,-0.426010543845505,0.38483980614956753,-0.03940788158091227,-2.1440774685950617,-2.0857479153703284,0.18611640765285442,-0.031157007830898288,-0.4492400949391624,-0.058897619956018395,-0.004478642742373751,-0.0029413024908231927,0.014595194393246809
0.22257351875305176,-0.42600985984167106,0.38485759956889376,-0.03943070672242102,-2.1440728373572746,-2.0857458579537873,0.18609321813762134,0.4306999841397944,-0.45674746228496804,0.052982800333605834,-0.005326632311316061,-0.014784122379185298,0.012492932280955115
0.22459745407104492,-0.42603222860734363,0.384846098946432,-0.03945162955666481,-2.144035336222376,-2.085762933636876,0.18612232951300345,0.5839492702823413,-0.37995377717583345,-0.01054399182956646,-0.006351585754766811,-0.008219855352172055,0.009855366626718123
0.22662138938903809,-0.4260207252080748,0.3848533965976126,-0.03948204895346133,-2.14403666197539,-2.085749792630358,0.18607531620919762,-0.0052332119825962056,-0.14831526615779733,-0.08476319872334202,-0.004833022237935393,0.0015795968919587221,0.014823002616574654
0.22864651679992676,-0.4260337794777167,0.3848570964274111,-0.03950086128307359,-2.1440125600191444,-2.085738430253773,0.18602683897390063,0.3289352925164183,-0.06781101300245479,-0.1169182882590458,-0.0013770046258099098,0.0021080272471208157,0.010943557224982619
0.23067140579223633,-0.426042343293164,0.3848586969052391,-0.039524967153589746,-2.144008946201585,-2.085751637376024,0.18604241494765109,0.47683007187454013,-0.3174228027537248,-0.060256783447620796,-0.0031767069585027495,-0.011310013084438953,0.008924938903280508
0.2326953411102295,-0.4260563234972854,0.3848719094787329,-0.03953561050379442,-2.1439821839988595,-2.0857240353430964,0.18602214090360683,0.2757452714316916,-0.7250772606674524,-0.06341237118907693,-0.003666777234112389,-0.015151237684700397,0.01371126650523316
0.23471927642822266,-0.4260659317283328,0.38484918267630036,-0.039575753923431295,-2.143973227883913,-2.085769107639,0.1860496024211934,0.17351450338526692,-0.4225113533904769,-0.07872292869864803,-0.005949683526544075,-0.0045418731373689705,0.012892274228510983
0.23674440383911133,-0.42606302403020224,0.38486724757924373,-0.03958376621836637,-2.143968243120231,-2.0857299631507455,0.18606265476925712,-0.04631013366106,-0.24459012516127063,0.0087179458414635,0.006150357635291402,-0.009511669947405982,0.01464625662966044
0.2387685775756836,-0.4260782306760659,0.38488442428356606,-0.03958490988043964,-2.1439159268040147,-2.0857188950566865,0.1859979430308121,0.4263632830616111,-0.12529011663542208,0.268565837898989,0.008603814184741217,-0.002369455475147583,0.014062854990446388
0.24079251289367676,-0.4260662290464214,0.38486521202901225,-0.03963365312454095,-2.1439786053967387,-2.085731262228489,0.1860186882930676,0.09148640385499923,-0.13943750094838744,0.02632779804001306,0.005393898819977851,-0.001536534079784071,0.00899438505214682
0.24281740188598633,-0.4260931566610109,0.38485647844035553,-0.03966081251431258,-2.143925423407443,-2.0857998061732026,0.18601524151123994,-0.008010120717422551,-0.1327910547905899,-0.14881253996044227,-4.974685638280303e-05,0.000490615956009608,0.014205018216718558
0.2448434829711914,-0.4260962472634747,0.3848632793890842,-0.03967819933040986,-2.143948848727756,-2.0857165530336577,0.18603065261011897,0.13078146950439085,-0.33990397706163034,0.09194925223885053,0.002504800029654606,-0.008279136477662775,0.014920295524826105
0.24687957763671875,-0.42610290760620073,0.38487839443790606,-0.03968354098455118,-2.143923003350575,-2.0857052401071687,0.18601813188824065,0.3630882026977298,-0.24095403436964763,0.20269817080268202,0.004169754323948652,-0.002380027981005554,0.013290696466883144
0.24893951416015625,-0.4260965339951006,0.3848882190642024,-0.03970170607136947,-2.1439563152244077,-2.085668012993065,0.185993812645551,0.2541638687839948,0.0779667142480965,0.11402596870038378,-0.008217103665284567,-0.0017483031189649634,0.012827138780649311
0.2509646415710449,-0.42609988831089973,0.3848675635512003,-0.03974890890466112,-2.1439943391418836,-2.085675518463102,0.18603826557079625,0.25180900967523434,-0.21816435151634922,0.13404894543663076,-0.012030081560647816,-0.009457873187488714,0.008745718205546333
0.2529895305633545,-0.4261179765500662,0.3848735169275524,-0.0397647908548899,-2.1439069771415293,-2.085739496835465,0.18600510259982952,0.25776248023034876,-0.009582788939399019,0.011587488672551223,-0.00848572860485497,0.0015497924135211031,0.011990729326400306
0.25501441955566406,-0.42612274084891155,0.3848787033419401,-0.03978051592414719,-2.143883652399122,-2.0857302269972964,0.18599045296514474,0.3387045156854329,-0.14651953578043744,0.1449825746096483,0.008607610546385747,0.0027090947314135495,0.008970530526689894
0.2570812702178955,-0.42613604590039533,0.3849012877055178,-0.039800145835881096,-2.1439047991591855,-2.085667471278092,0.18601624665383992,0.20403902638574478,-0.10338144341092843,0.31950093779821376,0.002553684765103954,-0.0072166353771507055,0.013983072749676324
0.2591063976287842,-0.4261419755158081,0.38488595755527394,-0.039824824046915286,-2.143888777406525,-2.0857049239435517,0.1860016958882869,0.24461651212782265,-0.00637061138874442,0.1365416044233883,-0.010230253854384998,0.0004568169770977963,0.015113034715076861
0.26113128662109375,-0.4261304317810024,0.38486517382596214,-0.03985922890568974,-2.143908753212373,-2.0857356305633203,0.18599441413052317,0.2523183739207162,-0.6100557032569418,0.03671766443430392,-0.0006425919240843994,0.005682101619864298,0.013361769132641239
0.2631552219390869,-0.42616061664977306,0.38486066647795514,-0.039877700449544085,-2.1438789946731767,-2.085730600588462,0.18602641478944473,0.13283451810083655,-0.14312895975862566,0.14371934287455773,-0.0032193389802624515,-0.0019896501585143344,0.012488547517911336
0.2651803493499756,-0.4261659219068402,0.38486372081672526,-0.039896353316814764,-2.1438509612783343,-2.08574542424539,0.18602759802740584,0.196009739664543,-0.2423824999431911,0.32259945834045095,-0.004083321336104709,-0.010027670771509614,0.008947124906265794
0.26720452308654785,-0.4261705059245718,0.38489053554464764,-0.03991935734939539,-2.143862812872618,-2.085690138297692,0.1859750241535674,0.21287567665584178,-0.23484348876385155,0.36432272558719525,-0.0010273401189292886,-0.006294099757073675,0.017102622687575324
0.2692294120788574,-0.4261700486126406,0.38485628001513417,-0.03996099200559611,-2.1438933323367415,-2.085749818446391,0.18602567954924895,0.36370512851175835,-0.34028612748230747,0.25163336498114175,-0.0006856209188491221,4.935949645035512e-05,0.008675681888270162
0.2712554931640625,-0.42617467813325377,0.3848620926849557,-0.039989981419789766,-2.143889501147158,-2.0857687320165286,0.18600184148762255,0.25157756424296157,-0.19734973437878142,0.6004887468769147,-0.0013855176579473973,-0.007700100993225588,0.017671166842572146
0.27328062057495117,-0.42617901815091513,0.3848652253190887,-0.039991820180607485,-2.1438617641634345,-2.0857466598722083,0.1859643908878912,0.4568642450472486,-0.3055557553962599,0.6951761723870421,-0.0010339776203182357,0.0018469850357431936,0.014996004482005562
0.27530527114868164,-0.4261975732258549,0.3848560553332053,-0.04001672638205228,-2.143849102810227,-2.0857681786241087,0.18603547928141378,0.5099574353723881,-0.13348396200126128,0.6435690103770791,-0.006166175409132518,0.005890505431304988,0.009591599448526347
0.2773294448852539,-0.4262080814670686,0.3848753725541091,-0.04003286137455486,-2.143803250613262,-2.0857431559253836,0.18598390152728983,0.37804219569231845,-0.3877744916916164,0.7342871416755093,-0.0018098336240143704,-0.008087536842307242,0.016615119609694532
0.2793545722961426,-0.4262033224987803,0.38485061274362736,-0.04006397122930014,-2.1438579214321907,-2.085761957712095,0.1860115940061629,0.4674125965180382,-0.24640440803831615,0.7953634256088957,-0.005401967322739348,-0.010604189704273575,0.014318631888696552
0.28137946128845215,-0.4262073048539141,0.3848718915809234,-0.040086523385179484,-2.1438259189442332,-2.0857448425018434,0.18597635710133392,0.5486207434479164,-0.12566748307959777,0.8357687906616118,-0.005156539340803615,-0.00656992825187521,0.010911409743646155
0.2834043502807617,-0.4262165479007376,0.3848750938675058,-0.04010877122930212,-2.143851330431701,-2.0857058918405973,0.1859550405961311,0.4222165091594936,-0.012225222107207157,1.0300494565209655,-0.006480769719118154,-0.012441446079614279,0.009882963982113448
0.2854485511779785,-0.4262281413796746,0.38485203150771746,-0.04014281158434785,-2.1437990312991415,-2.085778498503884,0.18601544940141498,0.6988951353725662,-0.13962741568303627,1.1754782864735025,-0.004322606566160228,-0.008092669688487307,0.015348087236571665
0.2874734401702881,-0.42623015782135,0.3848606308130902,-0.04015068941297342,-2.1437852098774886,-2.085767860930575,0.18596021993110698,0.5839185644310827,-0.2676634966007592,1.1374340114082018,-0.001066483097786391,-0.0063780929784414955,0.009349191346441013
0.2895238399505615,-0.4262346362605734,0.3848711922052578,-0.040196501082421315,-2.1438281014970375,-2.0857281959926843,0.1859785575115885,0.7978724865074017,-0.08994631715297752,1.32064582593689,-0.005517381693188736,-0.002928844730779683,0.009615822067034246
0.2915472984313965,-0.4262361736401562,0.38485076937457846,-0.04023615248563381,-2.1438197745193026,-2.0858047977137804,0.18603452771565807,0.69922483261773,0.1275261426175138,1.4155020995401875,-0.0032019219194026867,-0.004157126117558784,0.0070172320745341
0.2935798168182373,-0.42625797123598186,0.3848674732345983,-0.040234528160148164,-2.143770731178794,-2.0857457429063757,0.1860052857006333,0.5956699919150092,0.21897853524833466,1.3838603895870676,-0.0037898388727189035,-0.004134468841579423,0.00490005213544127
0.29560422897338867,-0.4262717066673129,0.384856399828259,-0.040258040441513376,-2.1437901594853486,-2.08574833244535,0.18599552463912977,0.7556626919072436,-0.1051491897609162,1.4849601636036782,-0.0049358558745787404,-0.017479282780011707,0.00768434797504986
0.29762816429138184,-0.4262681799663509,0.38485323774521574,-0.04028474693617634,-2.1437801703734722,-2.085782109647034,0.18598325955670628,0.9052892734079131,-0.28185116859186354,1.6084415421202019,-0.012450774175407048,-0.026860436040539216,0.01464938159742537
0.2996525764465332,-0.4262792931137027,0.38484801210475716,-0.04031734475546009,-2.143784066353782,-2.0857938493872648,0.18602095971514232,0.9599606417390818,0.03278057314634745,1.658882288336041,-0.00868452039792935,-0.013919082793145049,0.010982566690283047
0.30167675018310547,-0.4262878711720384,0.38484604161496344,-0.04034375383515773,-2.1437572056949907,-2.0857841590994948,0.1860409879265329,0.8341004975800621,0.0781395085826267,1.850135983939623,0.0018963975445589899,-0.011860238488290669,0.009300522000698419
0.30370140075683594,-0.426279540031846,0.3848589966285414,-0.04036258006265453,-2.143792623764857,-2.0857851235480807,0.18595642116609182,0.8222499748030732,0.17034282630189262,1.988036561229732,0.004929844975577871,-0.01995026379073741,0.010735151868865941
0.3057253360748291,-0.4262805416455358,0.3848342533406959,-0.04039796374457855,-2.143833941391763,-2.085811226810709,0.18599511226828144,0.9605666895720699,-0.12825716854222713,2.0088782751710936,0.004261976212550199,-0.023797239551628407,0.013092078313237006
0.30774950981140137,-0.42629314851105365,0.3848416796799585,-0.040413487832432954,-2.143781311501813,-2.085817069992145,0.1860050772717334,1.1738491959289714,-0.03035044470364831,2.110715200858355,-0.002636873207333014,-0.021646407257462048,0.010070009843413988
0.30977344512939453,-0.4262961912725646,0.3848443341404064,-0.040439229636986956,-2.1437835456060017,-2.0858036339669077,0.18600921231421574,0.9587877839866308,-0.10392775883085903,2.2209078096390154,0.0023076250985704064,-0.025895651212229445,0.009799316741423812
0.3117973804473877,-0.42631239784917324,0.3848400434204163,-0.04045388499582303,-2.1437497037226234,-2.0858232392261193,0.1860129843709797,1.230652162175932,-0.1114572571858992,2.247755171243694,0.0038949774387172956,-0.02859151253702452,0.010450823874978268
0.31382155418395996,-0.4263106702785271,0.3848436735105273,-0.040487078088185385,-2.1437794932776866,-2.0858234849013835,0.185970627024264,1.3152447513520784,-0.036418425972303374,2.2092891726790755,0.006710690541185668,-0.038589400706319776,0.006463167642982435
0.31584644317626953,-0.4263166517919408,0.3848271286362506,-0.04052040977260438,-2.1437760276933497,-2.0858316858219035,0.1860110654318664,1.153837370076779,-0.048779507593468385,2.465515023060903,0.010335813902291335,-0.03137215106139953,0.00784557564287839
0.3178725242614746,-0.42632397854725046,0.3848377739278254,-0.04053375630769593,-2.1437668909466203,-2.0858305410514344,0.18597969040965354,1.2536604648997158,0.2477468090495487,2.343647109636992,0.003908428387520281,-0.023169185407910835,0.004304556744480049
0.31992363929748535,-0.4263148654458337,0.38481681524434325,-0.04057247196277547,-2.1437871536391255,-2.0858827821780026,0.18601445090789073,1.4260299911468408,0.08874684097460617,2.6832944729192625,-0.000806244329844052,-0.03108725711531232,0.0134758595895027
0.32195186614990234,-0.42631597602431376,0.3848333521657517,-0.0405864957363625,-2.143803643835019,-2.0858525049602323,0.18599253912821484,1.2596115489865523,-0.2448837101575706,2.5574659919123297,0.005140481769321184,-0.039439153131790035,0.009652680381256619
0.3239772319793701,-0.426350868927837,0.3848380204913451,-0.04059068222254006,-2.1437418395102075,-2.085813885914368,0.18598127261811995,1.4176047153777223,-0.07759992099580192,2.8639814468543086,0.006981973955198778,-0.034460571172033536,0.005146828864691896
0.3260014057159424,-0.4263485297587134,0.38483195545142124,-0.04062292123099301,-2.1437322482668084,-2.0858636359645937,0.185962831462677,1.333318069888173,-0.22611667471321995,2.9514995564177378,0.0184618837548689,-0.039487991114916035,0.005409575091214655
0.32802534103393555,-0.42635791879411467,0.3848315663801699,-0.040641714766942755,-2.143741232975821,-2.085830209695621,0.18597833131119007,1.0625799929476132,0.10523926014695009,2.9059734467567364,0.009530146260678564,-0.051127283153654425,0.00909358485724445
0.33005785942077637,-0.4263623540872099,0.38483762010942,-0.040659139318923065,-2.143707723944567,-2.085854251776698,0.18595570722594826,1.5625736086436042,-0.08178039902812004,3.0615202888424764,0.0053338363831087685,-0.04354094188444126,0.006635783934156636
0.33210015296936035,-0.42637603190483786,0.38482637616997956,-0.04068551913385854,-2.143678992144654,-2.085906524502491,0.18598899075280304,1.4646462093951778,0.04697584610523956,3.0287013001705487,0.004776202703832882,-0.04186304102877091,0.011978010066662867
0.3341255187988281,-0.4263783235049903,0.38481164424722947,-0.040718788311416954,-2.1437244032300127,-2.0858921808350748,0.18600520337122234,1.4287223394301911,-0.27376342814466964,3.20573682751173,0.014630832197884415,-0.047785322831573405,0.006288325282760315
0.3361504077911377,-0.4263645923425404,0.3848215209195263,-0.040734396537528916,-2.143745530066225,-2.0858795934296106,0.1860043774817445,1.4349861958198846,0.15391943559874066,3.251512549948062,0.008533271910093983,-0.05274310403657514,0.009312096940977021
0.33817458152770996,-0.42639893791266587,0.38483372412650496,-0.040746802154543765,-2.143723816699295,-2.0858425592759007,0.18602911572393677,1.664405204935691,0.3272682111065694,3.3523507000214092,0.010222875531531993,-0.03820967944279606,0.0032053864206326235
0.34019947052001953,-0.4263941460325236,0.3848281181655632,-0.04076886595109849,-2.143713954725244,-2.0858692641788403,0.18598083522278194,1.6036672758228852,0.16216032348677645,3.589091365566108,0.007374289993081937,-0.04330099091222012,0.003161412398149939
0.3422234058380127,-0.426403895256685,0.3848377333414861,-0.040794858740196616,-2.1437105512027657,-2.0858479475190843,0.1860044243862213,1.7835044341690571,-0.19193253084535417,3.6640681864628464,0.013765668282157044,-0.05071760576590597,0.006796103233685754
0.34424734115600586,-0.4264104436082471,0.38480049084323026,-0.040822450844036046,-2.143680473998868,-2.08594303772095,0.18604003351442638,1.5760170694333888,-0.13995308008906332,3.731484382550632,0.02287446731906899,-0.051608715879636995,0.009328921210337144
0.346271276473999,-0.4263956936965902,0.384807885318529,-0.04084847012082485,-2.143737209390213,-2.0859113264373144,0.1860058600588534,1.4779209916284222,0.10872071320641546,3.741419277045144,0.022041479488485866,-0.05050551723779106,0.0026494351615960017
0.3482966423034668,-0.42642163890630935,0.3848091425088318,-0.040859193406907635,-2.1437353228169207,-2.085876393830986,0.18602688329721498,1.7242835731875565,0.3676864019661296,3.7591072634643488,0.01674763569707557,-0.04619853062521054,0.004278890589399159
0.3503243923187256,-0.4264197578260139,0.3848058074290207,-0.040890402438616996,-2.1436890463170006,-2.085949797271495,0.18600705103150703,1.4862880598510502,0.1603764269342915,4.058131113412292,0.016690320341790195,-0.05500179428504055,0.008835307379142655
0.3523528575897217,-0.4264329714258636,0.38484200152755293,-0.040876744039982066,-2.143630092895686,-2.0858880476568467,0.1859442348180401,1.698986043172181,-0.32173857660506183,4.14014935588767,0.02245822258492973,-0.05514350792460813,0.008222767837988892
0.35437893867492676,-0.42644004006161496,0.3848447712541546,-0.040901396633698184,-2.1436367395857814,-2.0858740962810396,0.185968624387317,1.5031143491208603,-0.09636026031725145,3.9982182832696105,0.024828286787774302,-0.058774156580469875,0.009785381931176479
0.35640597343444824,-0.4264374949053031,0.3848199215617901,-0.040942199406378776,-2.1436657040917755,-2.085911882671046,0.18599879119181523,1.890851417714941,0.4182234465103787,3.875066572934436,0.019630731847404468,-0.05751262802205522,0.001440653699898247
0.3584325313568115,-0.42644303521303845,0.38478466081990587,-0.04096653757791435,-2.1436635117775773,-2.0859984735317654,0.18603340933995838,2.0487575049711007,0.3479830820546094,4.042365845263573,0.024127738631538977,-0.05948537861867927,0.0008841414877898048
0.36048245429992676,-0.42642832619794035,0.3848066035999179,-0.040993039849882146,-2.1437186314251906,-2.0859511566085867,0.1859872518876692,1.9106079042348967,-0.08652686523055822,4.265677264907385,0.03137151203318147,-0.05888685606938031,0.005135531958803767
0.3625204563140869,-0.4264517956340032,0.38479311180622255,-0.04101679458667165,-2.143665134096895,-2.0859991149344843,0.18600806036853137,1.5444265361523248,-0.15598846848704634,3.965219379635327,0.031213466730599194,-0.06512310304556976,0.008017839982152337
0.3645453453063965,-0.426437576075423,0.38481258467322643,-0.04103024227633373,-2.14370795431368,-2.085923342447347,0.18599105470075283,1.757549193550369,0.276192962342132,3.9512174627011087,0.01983497944342485,-0.06251028460048735,0.004549728813299339
0.36656975746154785,-0.42644479027731247,0.3848013333180744,-0.0410474202582784,-2.143693315435079,-2.085963331818215,0.18600627227439262,1.6032339312055095,0.11225735386654703,4.112175734166407,0.017911905752721058,-0.05635371503272467,0.004026901287344419
0.3685946464538574,-0.42644721394980567,0.3847981032013631,-0.04107951046264813,-2.143698092205465,-2.0859543648116072,0.18603622932414648,1.4249248296323955,-0.34550347950990423,4.400284054636814,0.014019059681138164,-0.05763638928314105,0.014131815483287364
0.370619535446167,-0.4264617666496122,0.3848306761575653,-0.04106646082860607,-2.1436664544965085,-2.0859061784376265,0.18595895117849806,1.610668489260095,-0.8425943875410138,4.46770191390812,0.003953693730091225,-0.0482167425287091,0.017426034412658706
0.37264347076416016,-0.42647060823728034,0.3848130217207358,-0.04109055171096768,-2.1436710169743747,-2.085946532905701,0.18600759525912125,1.397528364065276,-0.6715181341897458,4.479459548357244,0.012687946933653422,-0.04719122486891233,0.012754702394870903
0.3746674060821533,-0.42646586639293615,0.3848258802692306,-0.041115058451177106,-2.143691666508095,-2.0859198917812956,0.18600376824589632,1.5783209607904296,-0.06243269857218229,4.3594580884256064,0.019672687727099843,-0.058026225775519975,0.0065379360821899175
0.3766913414001465,-0.4264543411690716,0.3847934614174707,-0.04115321476563602,-2.1437102165106503,-2.0859842660908328,0.18598319917843215,2.1149985949400376,0.005491161234052064,4.506083701900994,0.026797175903309076,-0.06329232378016865,-0.00016870177674749038
0.37871623039245605,-0.4264608620432645,0.38483189835555665,-0.04115561426625078,-2.143732457622054,-2.0858851579824993,0.18601283240219624,1.94851576863282,0.028422576963122503,4.568387532659994,0.025681247793200454,-0.05927275788526846,0.005939234007466532
0.3807404041290283,-0.42646057156008427,0.3848270279619371,-0.04117262399691299,-2.1437348589749394,-2.0859016434577904,0.18599635095600303,1.575547866386123,-0.12041840320159299,4.717709747839023,0.018211971204716886,-0.061081652161835885,0.008826167638073541
0.3828151226043701,-0.4264574320435019,0.3848285842143463,-0.041189888996200935,-2.143735469780563,-2.08591556069665,0.18597032617627055,2.035502603502745,-0.39708223434785517,4.837930133057441,0.007519029474844514,-0.06170299790150404,0.009799975475411477
0.3848402500152588,-0.42646332889188043,0.38482338300619284,-0.04121313323601422,-2.1437460456761444,-2.085939230769781,0.18598893894371174,2.0357399122815116,-0.18589310615777155,4.825324550757846,0.006065597386300246,-0.0622038834923835,0.006563962873859701
0.38686442375183105,-0.426461844416112,0.3848254006888799,-0.04123380792740536,-2.1437207395754037,-2.085934911102071,0.1859859651323229,2.0756903961446795,0.07210851821117223,4.899704259002801,0.0026423415046517573,-0.050277836198309576,0.0025328034378578486
0.3888883590698242,-0.4264773236463539,0.3848513135135234,-0.04122588900490082,-2.1437035307929846,-2.0858635390971916,0.18594345748868188,1.7423933386095392,-0.4033904589626084,5.104429727453209,0.011324368913908391,-0.06016195648009796,0.014688209952618615
0.3909125328063965,-0.42646861984340567,0.38485553876690054,-0.04124354676521247,-2.143736240305755,-2.085865858256352,0.18594718562010906,1.6222741041577202,-0.4218508683848238,5.15856301235962,0.0026246144294210755,-0.06339804657518719,0.012684453321006322
0.39293742179870605,-0.4264931912768783,0.38481667090061855,-0.04128052627989873,-2.143705369476513,-2.0859408604243184,0.1860454485287862,1.7769817526399452,0.24968092163917172,5.168289897940054,-0.011494216943369955,-0.059299555790060625,0.005708539929863761
0.3949615955352783,-0.42648958907733303,0.3848318574248532,-0.04129042030051944,-2.1436921434509264,-2.085916695884021,0.185995773524452,2.0281557424147962,0.22988642284953303,5.202626713465749,-0.00969937608635133,-0.05260884991641882,0.00797784176669287
0.3969855308532715,-0.42649223215411813,0.3848139882847734,-0.041312860780587685,-2.1437259016213406,-2.0859219894538046,0.1860595506720224,1.9147345754785579,0.18311458802739888,5.27340672925735,-0.003357915129512169,-0.06280428611372676,0.011486589880257293
0.39901041984558105,-0.4264973626230971,0.38482980121860483,-0.041320739537163836,-2.143736883249832,-2.085900779298896,0.18603909426226156,1.927042140655315,0.03505527870048823,5.290298242465739,-0.007045057411746254,-0.06656238330467745,0.009830367808093455
0.40103650093078613,-0.42651650231455396,0.38483026014908045,-0.04132613658763473,-2.1436421296166492,-2.0859389127022396,0.18602825717714044,1.8284731500865683,-0.30001838392299424,5.37913591122087,-0.013355463532831529,-0.06663488034350985,0.014210627690958948
0.40306520462036133,-0.426479363412729,0.38482658151145666,-0.04136446900710314,-2.1437636771581827,-2.0859194162244927,0.18598746125139032,2.127241802179271,-0.17545081019116432,5.378893277176385,-0.022099579862566082,-0.05063358398738393,0.011119786863504157
0.4050939083099365,-0.42648935907877467,0.38483673286804404,-0.041379453582047254,-2.14380084001004,-2.0858482645626357,0.18601206068282902,1.9265117888771275,0.0930314596087603,5.478781482654185,-0.016130441069232674,-0.0516624578255128,0.005307381378989926
0.4071199893951416,-0.426475429281028,0.3848419341024744,-0.041394536767607515,-2.1437738316856465,-2.0858741878806626,0.18596376727620634,2.155804108801231,-0.20772707721864692,5.6930601429073535,-0.006491908817595187,-0.05275774257774768,0.0172242630218366
0.4091465473175049,-0.426504522240816,0.38484977267167475,-0.0413864593177696,-2.1437245548887383,-2.0858619522454265,0.18599110948205624,1.8423865362608949,-0.5529487981962256,5.587905330232987,0.002188184569783205,-0.05522540571235845,0.013809828105132711
0.41117167472839355,-0.4265036016736161,0.3848264431471163,-0.04141996216762364,-2.1437490463661266,-2.085904029790731,0.18601509276164277,2.0031292786758135,-0.10051792476975334,5.701195476788461,-0.006688179185335431,-0.0507560500514093,0.010416770713324702
0.41319751739501953,-0.42650422712132063,0.38486610181235953,-0.04141421225093808,-2.143725886373897,-2.085847995445674,0.18597527046146145,2.0588379387953095,-0.18110928691177267,5.528015932369829,-0.0005156683995238,-0.05472944756930085,0.006002608933511627
0.4152226448059082,-0.42649625805064656,0.38483874028496107,-0.04144173081648386,-2.143791527914002,-2.0858696575401745,0.18604111902516549,1.8166433421949755,0.1103967715032677,5.505230061449243,0.0017622226853376472,-0.05593056455793485,0.011788489761202366
0.4172482490539551,-0.4264982607066892,0.38483398162289945,-0.04145883767689232,-2.1437809207367633,-2.0859042851257836,0.18601397878680903,1.6804461269279987,0.07360119159198086,5.3015276890595455,0.002014032859465762,-0.06215459646022565,0.015716011020249263
0.41927218437194824,-0.4264910574168702,0.3848234174288906,-0.04148494025000096,-2.1438292672496875,-2.0858990627869196,0.1860122580399269,1.8726229042006395,0.19109221242110508,5.165026471475933,0.0012337837783441912,-0.05283781612400745,0.009167413296647504
0.4212965965270996,-0.42651318126674165,0.38484367648006945,-0.041475076036626646,-2.1437603564127055,-2.0858622253132997,0.18602737506855282,2.0481688757976357,0.1849203208428931,5.225425149915102,0.002453298784346112,-0.04271363323835381,0.005426011051220403
0.4233205318450928,-0.4265066043573609,0.3848369480266201,-0.04151207547387589,-2.1437785851616655,-2.0859111724309902,0.1860004272521713,1.744432333038271,-0.1262888218012629,5.299794642152533,0.00491008864536296,-0.053868030795044285,0.012613191721859917
0.42534446716308594,-0.42650597879113356,0.38482044465441667,-0.04152823447461035,-2.1437979426972538,-2.08593396675438,0.18604457852055753,1.8540472045618097,0.06718309796804861,5.280198729115842,0.00495987896312426,-0.04987275337207632,0.007249184654569489
0.4273684024810791,-0.4265018092492939,0.38482191132192856,-0.04154587450444722,-2.143829587772566,-2.0859214447155674,0.18603941358999113,1.9737006485019895,0.2912496194759583,5.327136121679704,0.01091097500209514,-0.049653992689687856,0.002962075581308675
0.42939257621765137,-0.4265221130051285,0.3848410659908982,-0.04154639302153326,-2.143729872845277,-2.0859192780769855,0.1860363071259519,1.7951860305688017,-0.10194189226120605,5.33353636605341,0.026674356783290103,-0.05474943883882545,0.00861492851446664
0.4314279556274414,-0.4265071882589401,0.3848249884571552,-0.04157526180987686,-2.1438122128967043,-2.085937033128952,0.18599927618384984,2.180893107487156,0.1585062993133164,5.20917217114249,0.020259606757874263,-0.04974821835196752,0.006718364801993527
0.4334886074066162,-0.42652301054120634,0.3848201598239168,-0.04158068172447027,-2.1438188933697577,-2.085909215852012,0.18609300008256374,1.953319776089287,0.14944358975868327,5.40187488799343,0.017504636282878083,-0.051270801940054726,0.009012200388120055
0.43552660942077637,-0.4265135637711955,0.38482354219992315,-0.04161578158027601,-2.1438324582639767,-2.085911525939299,0.1860548886757972,2.0272208645645717,0.05513283716473584,5.472817895265508,0.004943623904603157,-0.05462782206633538,0.008859936397283453
0.43755054473876953,-0.4265135637711955,0.38482354219992315,-0.04161578158027601,-2.1438324582639767,-2.085911525939299,0.1860548886757972,2.0272208645645717,0.05513283716473584,5.472817895265508,0.004943623904603157,-0.05462782206633538,0.008859936397283453
0.4395744800567627,-0.426520442627775,0.3848379730272237,-0.04163542290662714,-2.1438198713896917,-2.085901120931148,0.1860300335757046,2.0403503757647057,-0.027248168340711115,5.624299084299202,0.014519432765676864,-0.058608982259686956,0.014592304474718275
0.44159865379333496,-0.42651934754372167,0.384813059513913,-0.041655734779089654,-2.143838333504295,-2.085942079215147,0.18602298799261527,2.2162181912823407,-0.30595182980358643,5.661635991896886,0.020101825931746357,-0.05769561981537719,0.012198907640173989
0.44362401962280273,-0.4265090845014239,0.3848407466440782,-0.04166371262858151,-2.1438723467795446,-2.085875628349761,0.18604472341557368,2.597097711125895,0.2994887402226821,5.765764128546472,0.0003693956639727273,-0.050239297432512056,0.003905300696833665
0.4458484649658203,-0.42652365319960484,0.3848236846487511,-0.04168789823290214,-2.1437943635279666,-2.08596164283063,0.18601298389043858,2.1631063926063425,-0.3079252445734297,5.878857988826606,0.016874776234801964,-0.058478393698504647,0.012838680124079174
0.447873592376709,-0.42653059665099075,0.3848148152183412,-0.041694117305616896,-2.143830519084926,-2.085937575919775,0.18603364793669672,2.354684323400522,-0.19904956014234157,5.881633244016715,0.011339778951719694,-0.061392596568039796,0.010762182293810483
0.44989919662475586,-0.42654396645631243,0.38483128014589485,-0.041703036338392147,-2.1438087381653808,-2.0858670602486153,0.18606815633391735,2.3642190923250177,0.26355136607238655,5.934398395505868,0.0028305662572866083,-0.05563208049393366,0.005678194479582821
0.4519624710083008,-0.4265308717288877,0.38484833730250184,-0.04170628712699692,-2.143836254068492,-2.085856744452703,0.1860217683001092,2.351067809836226,-0.04181522975267839,6.0896687150104025,0.009374661501717431,-0.05277970472532569,0.008772032511089791
0.4540066719055176,-0.426533480261859,0.3848436149907946,-0.04171597723211776,-2.143843558518678,-2.0858622946127765,0.1860510155285078,1.793845428342622,-0.14661143578920338,6.044654668273046,0.0018224991685124505,-0.06488314232393158,0.01054054896927699
0.45603156089782715,-0.42653622996367047,0.3848460646037028,-0.04172297327772259,-2.143788556823259,-2.0859085004312132,0.18604993726449276,2.6023592959137645,0.349490601988023,5.899378223232759,-0.006037327594973319,-0.04871512383391051,0.00726422759760424
0.4580564498901367,-0.42652148508637805,0.3848445635524167,-0.0417414971409098,-2.143830243657893,-2.0858790537612952,0.18602448330105087,2.163693983064149,-0.002722957081294386,6.206012272465827,0.0026028582600520905,-0.06059745121825245,0.009276897187845388
0.4600815773010254,-0.4265289188524932,0.38484482625110567,-0.041750528628796524,-2.1438273158412615,-2.085876631901862,0.18600229798828719,2.0744991138038986,-0.14516645074187495,6.038868719690621,0.0061563788071972506,-0.06424164750935152,0.01315313506095824
0.46210646629333496,-0.4265319172736147,0.38483623836070824,-0.04177192050102757,-2.143837570406591,-2.0858943163056973,0.1860360687977799,2.265495167502686,0.36685595740786975,5.933510278917218,-0.008162632322392166,-0.057019556969794626,0.007131426083889384
0.4641304016113281,-0.4265422894591789,0.3848486621283214,-0.041771384619925106,-2.143834661237787,-2.085851626595348,0.1860483026753975,2.242244252474694,0.06069929582165827,5.9597108886094325,0.0005826508377456869,-0.056212207511982214,0.012039197693312216
0.4661552906036377,-0.42654869673868084,0.3848521662543789,-0.041766579427204936,-2.1438167518723428,-2.08583063950931,0.1860141956073611,2.1305341922014365,-0.1225719367838669,6.0394295903392665,0.004425508218971192,-0.06063061460343802,0.010793585385303643
0.46817922592163086,-0.42654050403367916,0.38483934647779494,-0.04179210922413104,-2.1438453104996835,-2.085850560633691,0.1860591092211898,2.1059046629335176,0.05229739518104727,6.065361148111434,-0.0025224382236810144,-0.06344864186597192,0.003939901692428211
0.4702033996582031,-0.4265451698024794,0.38483034856872694,-0.041807771055013765,-2.1438199243536826,-2.0858973957701403,0.1860420259626492,2.644968628278624,0.21889933155421906,6.0520854350671565,0.005994497226453521,-0.0504619154070664,0.008610449509698184
0.4722273349761963,-0.4265594054091799,0.38482609033528936,-0.04181880728470197,-2.1438143064149298,-2.085902286557172,0.18606403090300822,2.0329804851246855,-0.20647147524525822,6.1243631990483545,0.006755521020339142,-0.06746398316836912,0.012421443794094171
0.47425127029418945,-0.42654153439758824,0.3848326249177942,-0.04183535548860262,-2.1438897535715697,-2.0858559446873213,0.18605513812584787,2.568014561257116,0.5575945138200441,5.945488441111276,-0.006451323854284058,-0.05481507774965249,0.011949548141359425
0.4762752056121826,-0.426548452777513,0.38483292693420235,-0.04183611499038292,-2.1438240726797777,-2.0859012824811693,0.18605285772410757,2.2745571545413643,0.11531307311737601,6.171554678908677,0.013039298639242233,-0.05317982291677393,0.010096587493300196
0.4782993793487549,-0.42655828416627134,0.38483501260852576,-0.041834525645630255,-2.14382895699074,-2.085876864161757,0.18604345272611095,2.2975600046427926,0.0907290761398058,6.084893276260958,0.014048835114288765,-0.06421890618319978,0.009346163250264557
0.48032355308532715,-0.42656438080175896,0.3848387928324178,-0.041842879294199664,-2.1437794852566605,-2.085910892486938,0.18601983327767024,2.4451129260013165,0.3108333168250389,6.1708329468128715,0.009330157318163721,-0.059507163159994395,0.001353541037923912
0.4823484420776367,-0.42655319404651854,0.3848351611195527,-0.04186045668833313,-2.1437696922336604,-2.0859314909476363,0.1859784829492442,2.0940813053328764,-0.04276706021304852,6.33485835944887,0.016306800824295562,-0.06670660145638578,0.015888217973927116
0.484372615814209,-0.42656494149988733,0.3848483394258221,-0.041859664869776186,-2.1437773921780794,-2.0858878628635495,0.1860228916462893,2.220052992375757,0.3976531977155566,6.158038367190847,0.011782952464135237,-0.06867969306194707,0.008581499421721258
0.48639726638793945,-0.4265711055384856,0.38483947310073946,-0.041866411584188135,-2.143802046735848,-2.085865601602499,0.1860348306639607,2.506219631034117,0.3089655945692902,6.23648494096146,0.017737236678962487,-0.06307791368113853,0.005933548312410591
0.4884214401245117,-0.4265756981358541,0.38484867942705636,-0.041864403275227696,-2.1437820838298736,-2.085827444172945,0.18603551500761648,2.1661606221321215,-0.15154435729425214,6.254551807577663,0.02339726237100888,-0.07348943355588486,0.006242223435255789
0.4904453754425049,-0.42656377980401367,0.3848417989467733,-0.04188890803985798,-2.1438581131117305,-2.0858351370062573,0.18602700964172153,2.6147582244987513,0.1282411171196261,6.2073719593113985,0.017310777898417028,-0.06107253179227498,-0.0029352667497411517
0.4924943447113037,-0.42657174752492677,0.38483823105323745,-0.04190262378088774,-2.1438135705394665,-2.085879709096217,0.18602608899080106,2.274902261812527,-0.12567322639768022,6.307255701730233,0.03415648844322171,-0.06976761657609262,0.009693151108856188
0.49453210830688477,-0.42656345512287164,0.3848167054264681,-0.041921237865717886,-2.1438447081976517,-2.0859038787498503,0.18606284178851012,2.5182336124858486,-0.17202305749395624,6.33289258496805,0.033742047613530834,-0.06782517204340652,0.005667310972792024
0.49655628204345703,-0.42656595123802576,0.38484342206600974,-0.04191759689133065,-2.1438104274240692,-2.0858695758265933,0.18599117744795085,2.355146679799036,0.49323922404295595,6.320572576185483,0.022583108526948618,-0.07208552839266719,0.001390058639155721
0.4985802173614502,-0.4265782801616866,0.3848211439485844,-0.04193414142998694,-2.1438036951625055,-2.0859241644106383,0.18603392044485162,2.4205276097206196,-0.17944203034906853,6.331161640563423,0.02969207238135737,-0.070560167404071,0.006160610453207176
0.5006041526794434,-0.42657238469086,0.3848104412594221,-0.04195230849448234,-2.143856392975503,-2.085907696309214,0.1860829458093326,2.6925036782914953,0.45314646502399786,6.272030890215034,0.020571344488346292,-0.06598473764166216,0.0013296698980029041
0.5026285648345947,-0.42656807673176755,0.38483956107650386,-0.04195169297608034,-2.143830472633837,-2.08588581278006,0.18602304386361276,2.366462487926424,0.06567031129950446,6.452495623939793,0.028509614795476437,-0.07666668371277263,0.007641330471844067
0.5046525001525879,-0.42658401133368107,0.384830427563206,-0.041959300918734455,-2.143797389733643,-2.0859071051266906,0.1860394481311012,2.2835396521907203,0.24098899346523256,6.217063310504326,0.0292622637739941,-0.07307429398626959,0.005199471070445296
0.5066771507263184,-0.4265954577499916,0.3848284460007382,-0.041952715477699715,-2.1437822246421416,-2.085909530400822,0.1860501515640526,2.2932161900674366,0.2692591464291337,6.36328463615207,0.029983696669448744,-0.07019046483232999,0.007321687611536028
0.5087344646453857,-0.4265771694471773,0.38482410288413427,-0.04196552730401998,-2.1437923676389,-2.0859068098755307,0.1860021173959383,2.184031447148522,0.1289709560708972,6.383117584654516,0.031543160019524646,-0.07939252976115511,0.00621886463499759
0.5107595920562744,-0.42656998280901526,0.3848020560076953,-0.042006010101642566,-2.14386898558139,-2.0859517181622906,0.18604326011418693,2.403760494769192,0.27085277091637894,6.221890969738016,0.03576450406692801,-0.06664959479359246,0.00109351011916301
0.512784481048584,-0.42658925792341446,0.38480789496159074,-0.041996510582369195,-2.1438336885575358,-2.085899508072047,0.1860920277408008,2.153975652931759,0.043367605796245226,6.335004057664652,0.03726441255916169,-0.0810754743934701,0.006959768368150361
0.5148093700408936,-0.42657690017762695,0.3848317854441937,-0.04200064583866109,-2.143841865600665,-2.085889774786626,0.18604381865224776,2.571647171258854,0.4862413749759954,6.3134242311275335,0.026701691570747695,-0.07103206208849251,-0.0022930608026923965
0.5168344974517822,-0.4265795386924234,0.3847980497507785,-0.04202102314612305,-2.1438571436936025,-2.085937872169258,0.18605779174452444,2.1137092807368174,-0.046214363902478836,6.489684947761188,0.04009267725819317,-0.08182694514205682,0.007723112135239156
0.5188586711883545,-0.426611982743257,0.38480378335311083,-0.04200826289707435,-2.1437831832112866,-2.0859146136864313,0.1861189791033149,2.5662091231570554,0.09489376139625565,6.4279899121239925,0.029259883252629574,-0.08116809744732419,0.0026541438879184864
0.520883321762085,-0.42659276708270705,0.3848225452177806,-0.042013239111953954,-2.1437876174728103,-2.085919717996395,0.1860146306254213,2.582490288975001,0.30066299837026145,6.598727073388451,0.0338864738745875,-0.07464077145926942,0.008879593245817672
0.5229072570800781,-0.426595736350874,0.3848165199425436,-0.04203949875565938,-2.1438053640160213,-2.085949815376158,0.18604464041456445,2.3611568429641805,0.2980725123158611,6.2779666878803635,0.03688686459733351,-0.07344460527964984,0.005037925285828131
0.5249314308166504,-0.42659077464176254,0.3848076677049658,-0.04205231552692415,-2.143842127685514,-2.08592071197147,0.1860611641431644,2.6135060267411774,0.26128045024012136,6.377037429948773,0.03793989944535524,-0.07426391900714452,-0.0022656388117791868
0.5269553661346436,-0.4266105018481062,0.38481510933330354,-0.042050899980269785,-2.1437574351850373,-2.0859564351705764,0.1860505931700994,2.3467685639366618,0.17448648136773037,6.5286492142776575,0.03002322781095379,-0.09233829797442608,0.009735726789657523
0.5289793014526367,-0.42659808959632795,0.384805021495173,-0.042063637849094504,-2.1438221623102245,-2.0859559370599023,0.1860838074458273,2.5498458350891973,0.812584830448672,6.424617206007409,0.02069873500224898,-0.06916276977118847,0.002534713027499428
0.5310032367706299,-0.42660745676132755,0.3848238055871085,-0.04205934416455023,-2.143789850910453,-2.0858961220391556,0.18603865969615582,2.338028393518114,0.13899802884485796,6.584789337096833,0.047593095130196356,-0.07732513954499673,0.008344241429056619
0.5330274105072021,-0.4266107503247756,0.3848075299021965,-0.04207468419096899,-2.143787704331601,-2.0859460839408994,0.18605481169780463,2.766659442690205,0.5130203812541018,6.381530594902313,0.03670227754727935,-0.07477491274950764,-0.0018742632536394759
0.5350522994995117,-0.42663824719144805,0.38480938329087855,-0.04205918603674555,-2.14371256956649,-2.0859346505668688,0.1860737184411811,2.24828755115487,0.09045041304296833,6.6653394022686925,0.04701258877342241,-0.07950421761645393,0.003672787568437164
0.5370762348175049,-0.42660909146393083,0.38481073579639774,-0.04208894904560162,-2.1438209148867395,-2.085943099592662,0.1860707300305631,2.5167601123649432,0.5234840872319197,6.48929416511065,0.03342235078867501,-0.0812308261359675,-0.00230490631252531
0.539100170135498,-0.426616461421611,0.38481285358803446,-0.04208106685068641,-2.14376216577395,-2.085961199620886,0.18600863202090268,2.457026214964341,-0.18554913200237305,6.696489767975628,0.04359096262441803,-0.08449277932557255,0.0059625222114441725
0.5411436557769775,-0.42663005266217846,0.3848074827468483,-0.04209110400002408,-2.143768199919005,-2.085941733770205,0.1861045992686015,2.5483637677636484,0.4967797545146341,6.586215294645453,0.025622614494283914,-0.07638874479810816,0.006291391453845866
0.5431685447692871,-0.42661027325645196,0.38483319415938566,-0.04208926455908149,-2.1438007672295343,-2.0859105088391106,0.1859992128127207,2.3114434214968247,0.14038428425393712,6.562714227936923,0.0424670295846265,-0.07539726393046747,0.003237410457091269
0.5451936721801758,-0.42661207036869153,0.3848096728834573,-0.04211468924091566,-2.1437978769872092,-2.0859619930638136,0.18605076569790654,2.353842815035118,0.17189145197498212,6.501874538685245,0.03545841213841795,-0.08898954910576212,0.008432491012673722
0.5472183227539062,-0.42662834043182846,0.38481147643538954,-0.04211204711152364,-2.143755036935428,-2.085966770339273,0.1860539292067321,2.264075009066589,0.5916226553308891,6.279140995040183,0.025981529857401656,-0.08582762994193004,0.001032513080073601
0.5492432117462158,-0.4266148088634469,0.38480125145271915,-0.04213640225556314,-2.1437828860020365,-2.0859762895835696,0.18602992495754136,2.244130295018693,0.033742467056592354,6.489092631014978,0.037614724516083026,-0.08464190110637086,0.00894544628567411
0.5512714385986328,-0.4266221917573805,0.3848142160340485,-0.04213156565479467,-2.14378223996118,-2.0859628510135857,0.1860366191485678,2.4099807785996523,0.10044053203396947,6.556593456943064,0.03697702997105135,-0.08000930429788733,-0.003942500262724523
0.5533342361450195,-0.42662016694816407,0.38480425877438185,-0.042135349565767394,-2.143812216552008,-2.0859513045721454,0.18605102930692566,2.322365272573128,-0.0886316945102069,6.4323900727244405,0.039977196986989635,-0.08788316333811681,0.003935649356171108
0.5553622245788574,-0.4266236874808697,0.38480023872513786,-0.04214494305244573,-2.143770439267648,-2.0859974862556365,0.18600894462997578,2.3284818277759127,0.0840553507775463,6.433404678796222,0.031032967099480547,-0.08834789115705052,0.0015960677353680586
0.5573890209197998,-0.4266274816256352,0.3848359204547283,-0.04212625378235316,-2.143783651142519,-2.085907975288089,0.1860085593444185,2.463152600095102,0.29138526607056214,6.729952894616041,0.03264270424640675,-0.08153522081277444,0.0037580838561696063
0.5594148635864258,-0.42661063784205,0.3847998257120971,-0.04217698634146694,-2.1438167650391646,-2.0860050341201726,0.18605506627876242,2.3386987205159913,0.3052260129056552,6.644802604293,0.02925039986920955,-0.091893722726324,0.014790694463837527
0.5614409446716309,-0.42663053407628215,0.3848231506162992,-0.04215305186104981,-2.1437732360257735,-2.085956430973013,0.18605741793855846,2.613169219512967,0.6736442750094744,6.414867999456611,0.019578439577670304,-0.08732634362542796,0.0037759149558205113
0.5634667873382568,-0.4266458564635458,0.38482238505698324,-0.04215281642579399,-2.1437404974732672,-2.08594863134701,0.18602979511462478,2.4582246260360385,0.17571907726074076,6.67761119535645,0.0299324074540772,-0.0858522114960425,0.007607953953265166
0.5655040740966797,-0.4266339335017123,0.3848319382694467,-0.042169867581923454,-2.1437908777030885,-2.085892346168374,0.18600504328028525,2.7550872191942064,0.5710593665115746,6.527183168675812,0.026064912746986735,-0.07999228832423168,0.0064568293139632025
0.567530632019043,-0.4266443725011845,0.38482920344400273,-0.04216895268765203,-2.143740954328366,-2.0859132907075986,0.18602548637782318,2.675886756193747,-0.13910016990664634,6.393402487899644,0.03608220668142185,-0.08403675630338539,0.011573461367023507
0.5695555210113525,-0.42665296752504406,0.38479884313218005,-0.04217562703556449,-2.1437163170955644,-2.0859892515774585,0.18602766849539112,2.7789083934410233,0.5303506905254272,6.6909521351958245,0.022653219140333167,-0.07681955014650467,0.0025030455309551225
0.5716142654418945,-0.42665296752504406,0.38479884313218005,-0.04217562703556449,-2.1437163170955644,-2.0859892515774585,0.18602766849539112,2.7789083934410233,0.5303506905254272,6.6909521351958245,0.022653219140333167,-0.07681955014650467,0.0025030455309551225
0.5736420154571533,-0.4266416840659124,0.3848075345373773,-0.042207093442893945,-2.143772549080329,-2.0859659487318187,0.18605401394067153,2.9083176836522293,0.5095689215519883,6.555899248952159,0.02390350634218039,-0.0931668684344387,0.0033593833477880454
0.5756664276123047,-0.42664697656449435,0.3848053040323561,-0.04219955198589456,-2.1437542978976722,-2.085953761132486,0.18606463729534337,2.716610354355028,0.06258517544910507,6.537209040666209,0.03380272958672195,-0.08548321501668599,0.006488104801192907
0.5776901245117188,-0.42665908590807927,0.38481860087651615,-0.04219955298226907,-2.14375748514561,-2.0859336733335203,0.18603744957244298,2.590636027656432,-0.06318071868162807,6.7302520626912266,0.0284113434891552,-0.08881255939979807,0.0034391583591534824
0.579714298248291,-0.4266483405451345,0.3848109977326275,-0.04221267509557944,-2.1437496516365413,-2.085991192455596,0.18601973333491953,2.9451837992754237,0.5238421231378643,6.8380791884807826,0.024618322099941435,-0.07934607240195139,0.0012323104257016375
0.5817382335662842,-0.42664695785577694,0.38481678569013306,-0.04222364738591444,-2.143771043806604,-2.0859650918063872,0.18601945018038896,2.5915399142647306,-0.14237297382438613,6.837714981661142,0.03860469083896681,-0.09167166384453257,0.007005061613183563
0.5837621688842773,-0.4266537616036369,0.38482850972011595,-0.04221397836383972,-2.1437366375534435,-2.085932224198499,0.18599863107559103,2.811889760086557,0.28345567447884545,6.710989808889614,0.028201825716948636,-0.08368651344665629,-0.0007085311871014134
0.5857875347137451,-0.42666806030799204,0.38482452271139456,-0.04220882123468189,-2.143724659574425,-2.085925327984972,0.18602558284087267,2.6520017604889166,0.11589593119320984,6.714455848574378,0.03434269590389074,-0.08709684235066273,0.005826467908314823
0.5878124237060547,-0.42665344770397046,0.38481472253548077,-0.04224347474106746,-2.1437737719890624,-2.085962206489824,0.1860451203463423,2.68439061600423,0.12070226486717417,6.509118735760144,0.03494696059703217,-0.09020396518437039,0.0016945955145836866
0.5898363590240479,-0.4266579308113559,0.38479530100071313,-0.042247923348711414,-2.143791292273421,-2.0859706106466693,0.18609288152033804,2.7208783093877127,0.33401726158431955,6.712502365838319,0.03179951222424349,-0.08871425773267368,0.003329269470796303
0.591860294342041,-0.42666287903038413,0.38479970055797436,-0.04224270766613866,-2.143762827010851,-2.08596953935392,0.18608314688026967,2.4021665727766166,-0.049898384797431763,6.715149830767396,0.03536715989671456,-0.09404335137052634,0.010133294650387495
0.5938844680786133,-0.4266502940933926,0.3848031629773674,-0.04227158628847755,-2.143786812345426,-2.0859866864010432,0.18609271767626243,2.60386566272149,0.43908551841308935,6.62775560014176,0.027322507760917984,-0.08827783329382252,0.0012147820613157738
0.5959444046020508,-0.426676598331387,0.3847941685053347,-0.04225633024992753,-2.1437163259692973,-2.086019792778612,0.18605001646533584,2.8554702894416755,0.22382333405913296,6.731293603932096,0.0337554798721163,-0.08866058591543918,0.013201382792987621
0.597968339920044,-0.4266552957777139,0.38480727038196333,-0.04227203099454646,-2.143772967655648,-2.0859822805562844,0.18601198683404443,2.5053967253416927,-0.1997602344000855,6.6218358227429945,0.037044207250000884,-0.09243632504391103,0.004288738654626832
0.5999925136566162,-0.42668173445699636,0.38480987640253644,-0.04226228866208934,-2.14372066696672,-2.0859804193681004,0.1860225531841588,2.771084116765735,0.06724342191486145,6.692493009175815,0.03435660129870906,-0.07840359649282005,0.0028790593655808067
0.6020164489746094,-0.42666978284015894,0.3848111953243114,-0.042268666144012895,-2.143715921132834,-2.0859769029624076,0.18605869979650658,2.5258747519878852,-0.2171277576326402,6.748783948071896,0.04281740880068384,-0.09380873790673401,0.008235118254405871
0.604041337966919,-0.4266786783769042,0.3847915784326691,-0.042282969425144395,-2.1437344302937706,-2.0859994571614826,0.18607707089975623,3.006873029619622,0.5999672552238985,6.741103943130782,0.0202172897049912,-0.08630809428278985,0.0008043369081625834
0.606069803237915,-0.4266683889165452,0.3848270100365956,-0.0422846883876791,-2.143765978526852,-2.0859418710928006,0.1860175825854001,2.671206404777549,-0.3764414438384454,6.8400699436308114,0.03646722556980555,-0.0909141219720287,0.0038426207276573924
0.6080958843231201,-0.4266741817219114,0.3848059667782979,-0.042304453281815174,-2.143722443246087,-2.0860042013898137,0.1860240934763911,2.598287656816578,0.002522658948464304,6.61434634055404,0.03162785820003588,-0.09049724047912197,0.005949934425529564
0.6101229190826416,-0.42668718185063303,0.38480205909712745,-0.042289212995489406,-2.1437221512505085,-2.0859837667854917,0.1860801739093085,2.717711398975207,0.42692737345422205,6.700669900726721,0.03334251014132135,-0.08338029414766115,0.004684198342552237
0.612149715423584,-0.4266843643414403,0.38481740736158343,-0.04229108796915235,-2.143733848557776,-2.085956835885691,0.18603275282486362,2.581617853853307,-0.20568367682628283,6.762353591575699,0.03843558360992335,-0.09590799182381546,0.011164381821543955
0.6141746044158936,-0.4266823989415591,0.38482522153492377,-0.0423001016015529,-2.14369562216749,-2.0859836893528594,0.18599554447715924,2.786183824914543,0.1965976181892869,6.705465621441134,0.021397056642763628,-0.09204551648790305,0.008693051966532108
0.6161994934082031,-0.42666809790159166,0.38480496258838043,-0.04232884346919255,-2.1438256448844104,-2.085939188697257,0.18607104780522601,2.8209991474255576,0.039173524651796104,6.8545272221049895,0.02771763541872848,-0.08807135028190843,0.003454722124518454
0.6182243824005127,-0.4266702000381344,0.38479679541260164,-0.042329227249469276,-2.1437546878764207,-2.085999927248782,0.18604037934171952,2.3782984891840764,0.2764915590273159,6.822939689744406,0.024961970403681893,-0.09944439424064032,0.01136875900569189
0.6202495098114014,-0.4267092057752406,0.3848078727173783,-0.04231031355600745,-2.143636938458602,-2.086014058908054,0.1860588983159483,2.7118560164659717,0.5455377808716448,6.776470682011604,0.026718047870338785,-0.08611679317186842,-0.0015904701024513843
0.6222743988037109,-0.42667614265527876,0.38480360596882274,-0.042331587027056666,-2.143757139155516,-2.0859956443833623,0.18606986005035223,2.663074536122334,0.15014631966959163,7.013825195830329,0.02879396320988634,-0.09247083263970557,0.009531280284006531
0.6242983341217041,-0.42667056002008924,0.3847973266342176,-0.042339385259695994,-2.1437940065822256,-2.0859723962053494,0.18604731102191358,2.7190744287037307,0.15769222182094278,7.065005185399765,0.01726626780900721,-0.10041327110281377,0.00868074738815282
0.6263225078582764,-0.42670011511513184,0.38481655657577457,-0.042329357470052204,-2.143667967394223,-2.0859927095533464,0.18600815817329863,2.933334034586294,0.11903816370194925,7.0871473488472105,0.026405188515117806,-0.08645216270617434,0.004244376805576281
0.6283473968505859,-0.4266766179173636,0.3847965659537495,-0.042360853986439434,-2.143773458703995,-2.0860154702525593,0.18604861151797045,2.6013095124955092,0.016392887772102793,7.136482217822443,0.03236610484462235,-0.09591529217155523,0.006889130760771501
0.6303713321685791,-0.4266870909816009,0.3848051604301971,-0.042358135878164394,-2.143762248865408,-2.08595835154152,0.18604205699286488,2.831002341520967,0.2704716217731783,6.972613880039792,0.026642172280289714,-0.09604650412907839,0.0024850587803304488
0.6324028968811035,-0.4267172162256257,0.3847873653527565,-0.042356741155443495,-2.1436621035917884,-2.0860423953347627,0.18605769281287773,2.607830391881482,-0.17648138159603965,7.094622573424662,0.03615264342044838,-0.09758048004234432,0.011856860073674709
0.6344423294067383,-0.4266940687566222,0.3848061237462018,-0.04236427196506615,-2.143773053462591,-2.0859523610025215,0.18609887457100935,2.485089945650447,-0.1848771487822137,6.946278475899047,0.024516788777290837,-0.10009830448815833,0.008064493623218046
0.6364953517913818,-0.4267000515191066,0.3847990552876436,-0.04237150894394198,-2.143727504895504,-2.085976740697013,0.18609228794091415,3.0441841167185406,0.2250195143831319,7.020576568023671,0.01917744198837435,-0.08584862478909666,0.00022280731497518157
0.6385200023651123,-0.4267118449546632,0.3848160784754733,-0.042356543279192055,-2.1437126427380826,-2.0859495612461956,0.18604517705996554,2.3592392295795923,-0.25498440756530116,7.12948642389352,0.029599757739288704,-0.09379232232195826,0.01232850982300771
0.6405797004699707,-0.4267046408401822,0.38482379610350004,-0.042373109507600704,-2.143709707089737,-2.0859892406957425,0.18601025618791323,2.3414971143156817,0.06191390265265673,7.088591297532347,0.01848233338242534,-0.09707270998455308,0.008802337223552765
0.6426045894622803,-0.4266873896534621,0.3848147469200446,-0.04238629602246857,-2.1437615419638467,-2.0859643643977757,0.18604262262730284,2.6017446023520856,0.2025243651256375,7.0660104928554315,0.021714020044390808,-0.08994803946457225,0.007486491216078613
0.6446273326873779,-0.42670012166998406,0.384796947815876,-0.04238936461627879,-2.143716836768772,-2.08598919181067,0.186086954078031,2.3955810650627676,0.01515714786492306,7.011805952922898,0.03553485850682483,-0.09903756909762688,0.009434165385495531
0.6466450691223145,-0.4266976343565504,0.3848021623938565,-0.042395887496866985,-2.1437029865948665,-2.0860354829229406,0.1860456539656605,2.796377380917989,0.3819490401680254,6.850618916692017,0.028937513107831086,-0.09309222224040961,0.0017721702929857207
0.6486649513244629,-0.4266904425499422,0.38480615810822927,-0.042404493718706665,-2.143742411419764,-2.085979924775153,0.1860534247755419,2.4369080280630477,-0.042016319547942396,7.0889965617713475,0.033968487139485415,-0.09897361484129864,0.011397781515346333
0.6506822109222412,-0.4266944549307275,0.3848006357890091,-0.042412191526953996,-2.1437541091510486,-2.086003637342563,0.18605514793285513,2.603426164366721,0.03829481243215194,7.024313337936213,0.0226690629120969,-0.09240533451092382,0.008074703464315132
0.6527085304260254,-0.4266803318835973,0.38480516297264716,-0.04243392317736294,-2.143812810125607,-2.0859885865953047,0.1860691701902398,2.7602720455800123,0.08424102545074713,7.172237622213224,0.025537232429455957,-0.08664855090297602,0.00228721325026673
0.6547422409057617,-0.4266862601728455,0.3847882114075543,-0.0424300965694733,-2.143779275957042,-2.086028469343779,0.18608845405232033,2.556626304421668,-0.18390628527327899,7.057097296210424,0.037835177255685866,-0.09779202117622736,0.009964113114473977
0.6567606925964355,-0.42669405092875157,0.3847740279580755,-0.04244247284203806,-2.1437663436641223,-2.086047405601798,0.18608655047691133,3.035856135492124,0.3993771809743534,7.021760088356471,0.03031000503234011,-0.09003144428323735,-3.213075307006031e-05
0.6587810516357422,-0.42668342010595917,0.3847932538696257,-0.04244405316635594,-2.1438055564170484,-2.0860395430653305,0.1860401387330798,2.6319501093103685,-0.0928817467609683,7.208218876771788,0.03626196741781015,-0.09615777214944066,0.008715798137579781
0.6607987880706787,-0.42669339646375903,0.3848044458925655,-0.04244921941532834,-2.143771386855727,-2.0860000733573694,0.1860781744381104,2.8082090304858873,0.40806774271098095,7.059104271949335,0.022800453438528226,-0.08402153107409475,0.0036417371306404506
0.6628158092498779,-0.4266906477041718,0.38481271636511466,-0.04244984814457636,-2.143788323242597,-2.08602152765001,0.18606396438377706,2.7350979677001197,0.061903995686511226,7.1103270774922205,0.03965769104302838,-0.09074601895468778,0.013101040336129376
0.6648335456848145,-0.42669244972265397,0.38479246171115794,-0.04245840209651924,-2.1438004483680566,-2.0860025848832833,0.1860838451260124,2.6152550965666195,0.06798874307722019,7.052536701597927,0.03288410590003963,-0.10235638709288783,0.006218882723605824
0.6668500900268555,-0.42669518375015153,0.38480846619980497,-0.04244776602612721,-2.14378683070301,-2.0859959904613627,0.18605878325107444,2.78506471553371,0.33951621801403314,6.998843419799604,0.03174307526237992,-0.08771965583523984,0.002288099556145386
0.6688687801361084,-0.4267069614372732,0.3847903904309219,-0.042464402665878365,-2.143748097624516,-2.086044101806432,0.18611703845324507,2.5510568952385535,-0.1924030987397074,7.136456644525736,0.03640247712491748,-0.09293368969563948,0.011366009371149647
0.6708850860595703,-0.4267005390397511,0.3848044626858637,-0.04246064762651497,-2.1437496435836243,-2.086020758615559,0.186031903776201,2.963888868486201,0.0033387740031371738,7.040721412024992,0.024616245488200558,-0.08484830040359607,0.00468394701911162
0.6729042530059814,-0.42668416234398676,0.38481397814106283,-0.042461926254085014,-2.1438091627468356,-2.085987543008386,0.18601459782220783,2.4184842619437443,-0.405649408060606,7.266893948132754,0.03455240810788325,-0.09682199925421263,0.008745823047194439
0.6749284267425537,-0.4267228268103125,0.3847918558314049,-0.0424589450089434,-2.143681266825013,-2.0860484349045163,0.18604611077798716,2.7942219262594006,0.2331579762948439,7.012634459611076,0.024910681260709822,-0.09225783307457211,0.006243035600257683
0.6769523620605469,-0.426695781686777,0.384787083475776,-0.04248920127011355,-2.1437850639885134,-2.0860484931806664,0.1860765819916415,2.8430603194687665,0.36142748431107197,7.175226080959012,0.02303295264793912,-0.09893480201957267,0.00837496371001901
0.67897629737854,-0.4267073142212036,0.3847897065075303,-0.042477797965311065,-2.143746254187061,-2.0860550414388994,0.18607850679526575,2.6838710088675697,-0.3465320612734554,7.238723097980965,0.027219129350084477,-0.09754499967753788,0.01674441463500209
0.6810002326965332,-0.42670888505424936,0.3847916696299461,-0.042480651468717295,-2.143740151861631,-2.086040977368505,0.18604376467800046,3.002616212209217,0.1392787776750937,7.0851453387957095,0.016687081731021236,-0.08524344647632906,0.006813818404274545
0.6830241680145264,-0.42669290258486076,0.38481973374861683,-0.04247083911528446,-2.1438270938978987,-2.0859300262465634,0.18609958415496927,2.7537202214462635,0.09821818587625672,7.13202639078905,0.018446294574313134,-0.09014885571005772,0.008327740259444601
0.6850483417510986,-0.4266920720045925,0.38479438632628166,-0.04248342609510136,-2.143770306945498,-2.0860209538012557,0.18601570002846624,2.6340252463267,0.0866809431954326,7.166583321315169,0.021033169594664947,-0.09757207258113477,0.015140239621148171
0.6870722770690918,-0.4267086961689679,0.3847937945630253,-0.04249230577843152,-2.143780706674755,-2.0860094974662893,0.18609672087939938,2.9910480177770573,0.3877798962085708,7.1653396476763715,0.010646466177587396,-0.08811631541468153,0.0031755609058781837
0.6890974044799805,-0.42669695178684236,0.3848219162344756,-0.04248250971926071,-2.1437776794488195,-2.085947911467406,0.1860246713291449,2.8041129545324015,-0.10659258675258709,7.285430557379711,0.016506487766943998,-0.09078266297196355,0.013541017321192946
0.6911213397979736,-0.42671132646057774,0.38480884693888606,-0.042486052697466525,-2.143756800969376,-2.0859771767124435,0.18607241057216456,2.57355162251334,0.2020650876724246,7.140911444635881,0.009399953171164616,-0.09447885140503348,0.01115038187107311
0.6931455135345459,-0.4267227629104699,0.38480495502280093,-0.042491497660259975,-2.1437138053303757,-2.0860036925501526,0.18607385640075286,3.0405150230427984,0.6022799655126069,7.202037673949382,0.005902314416025235,-0.08859646830033453,0.005150721680766972
0.6951694488525391,-0.42669619301932094,0.3848167203878799,-0.042502273993266754,-2.1437689933314616,-2.086025467513094,0.18598582451105275,2.3742380097846354,-0.3295874745808668,7.219541384409333,0.02041881570675922,-0.10373176750178152,0.011957018904357986
0.6972084045410156,-0.42671301034030695,0.3848111316872335,-0.04249000163160585,-2.1437413500976654,-2.085979860988132,0.18610278425707633,2.6401535198670647,0.25377588477699753,7.129935187220038,0.008808820142346269,-0.09734000751379257,0.011431777723185103
0.6992323398590088,-0.426709374375489,0.3848030760783805,-0.04249410567303932,-2.143757608601441,-2.085978122388225,0.18607929902910955,3.0740094584698783,0.2646781747918479,7.204345532609388,0.0035292746626741523,-0.08638362952291266,0.009346922464062171
0.701256275177002,-0.4267189389824073,0.3848359406917826,-0.042476937163245965,-2.1437188349457936,-2.085947491989777,0.18601322961474498,2.5343191971394203,-0.31244428980976324,7.22992699836511,0.01567659932541168,-0.10139690336065892,0.015441449336183712
0.7032804489135742,-0.42670848224591,0.38482941275825217,-0.04250231697789231,-2.1437934764876325,-2.0859470494185715,0.18606158125336084,2.665919455763422,0.12020115323889391,7.108953713254298,0.005418873823663113,-0.09586325126029387,0.01291470124767388
0.7053043842315674,-0.42670916924534463,0.38481181903843786,-0.04250720939782829,-2.143760900044246,-2.0859937953368664,0.18604914231868122,2.8444480067749325,0.4143157217504966,7.114683452234403,0.004544841763568706,-0.09374542824312747,0.01039321042340956
0.7073285579681396,-0.4267102856362608,0.3848123276716342,-0.042508265430121095,-2.1437587729020624,-2.085992057531155,0.18604108551523013,2.5758179164451898,-0.2872404646029104,7.396461528551557,0.015962851475985168,-0.09943307065963417,0.010063895497537542
0.7093532085418701,-0.4267225175304903,0.3848084929939677,-0.042505235174001066,-2.143740618639682,-2.0859729791063466,0.18607504622231064,2.6377766012232327,0.15852390398082164,7.145793937828871,0.0041745799594544945,-0.09982645342350759,0.01224493287140662
0.7113776206970215,-0.4267105625752474,0.38481414533603936,-0.04250811246927921,-2.143759656603756,-2.0859729884817284,0.1860540628494053,2.702996043293531,0.07637449769585036,7.063295836497013,0.0033297213906810213,-0.09252383674141887,0.00601339838269229
0.7134015560150146,-0.42672665461416676,0.38480166275859895,-0.042512997122096524,-2.143740961714332,-2.085986917108202,0.18608622235893496,2.7687512850500062,-0.18646446655774346,7.128597447309299,0.01368229837973042,-0.09276931093900455,0.011221629780477077
0.7154445648193359,-0.42671624976877176,0.3848428077044629,-0.04249013180641631,-2.1437701339016937,-2.0858934205356516,0.1860392064186977,2.7084486550785716,0.1678682420565905,7.033684278317133,0.009180689528328042,-0.0946880975648251,0.014412489153366891
0.7174694538116455,-0.426718673394544,0.3848108559313097,-0.042518330594358666,-2.1437638575155074,-2.0859669492590904,0.1860570313042317,2.89273381596061,0.3584417271733179,7.003694063257839,0.0074543164008780164,-0.09122216044673585,0.006295021153342505
0.7195065021514893,-0.42670408393803083,0.3848258696805128,-0.04251576072012417,-2.143762857829654,-2.0859591899329075,0.18604242211845684,2.5311034538137367,-0.3323459655622004,7.309880943050976,0.01682523477876221,-0.09952990779320792,0.011901976274511056
0.7215304374694824,-0.42671783149764175,0.38482449168127403,-0.04250326222846759,-2.1437505849079814,-2.085937360589056,0.18604755783110496,2.3892334090768292,0.14637613930940196,7.169656904144016,0.0028085667468063956,-0.1080957885214603,0.014080129512134495
0.7235543727874756,-0.42672700428223487,0.3848076294259019,-0.042518751570594926,-2.1437202747578095,-2.0860163788067245,0.18605735465092124,2.6043171181172884,0.2166284611914767,7.275020638153694,0.012524262362096973,-0.09756838896345388,0.010213105587907407
0.7255783081054688,-0.42672700428223487,0.3848076294259019,-0.042518751570594926,-2.1437202747578095,-2.0860163788067245,0.18605735465092124,2.6043171181172884,0.2166284611914767,7.275020638153694,0.012524262362096973,-0.09756838896345388,0.010213105587907407
0.727602481842041,-0.42671860314384247,0.38481339407945847,-0.04252799402432339,-2.143746363356528,-2.0859895447742542,0.18603876645287415,2.39371784040622,0.07555889028582644,7.170879091834041,0.013287073566443933,-0.10447403091540672,0.009800496380496916
0.7296459674835205,-0.4267278615974815,0.384824518549118,-0.04251623652866551,-2.143710613776079,-2.085972162995908,0.18604565939426354,2.6845676492967785,-0.12497287327035878,7.299043728104405,0.008368360531111632,-0.10162586820344101,0.00861449574927841
0.7316703796386719,-0.42671082030768376,0.38482532488268945,-0.04253131762211301,-2.143746609927582,-2.085968890816747,0.18601884201429456,2.5972369341393526,0.0316739587832775,7.058161920087303,0.008146059703716697,-0.10318801377759595,0.015345200002178821
0.7336945533752441,-0.4267236143559086,0.38482145029388976,-0.042526948779461476,-2.143731714014371,-2.085965775387669,0.18603964646746873,2.9598633720199548,0.5768913832145581,7.197797432668322,0.002159274455720569,-0.09579311239875717,0.007371580805773246
0.7357323169708252,-0.42672556559342256,0.3848184461749037,-0.042527214903050004,-2.143762874836921,-2.085939250965223,0.18605043680102193,2.7512880470664696,0.024091753737965405,7.332301035920504,0.018327912761082272,-0.09810506415393985,0.011362562757882576
0.7377562522888184,-0.4267094906066824,0.3848141242597489,-0.04253490303635629,-2.143755230207151,-2.0859831776389015,0.18604991504590165,2.6575459390549785,-0.2856869218101717,7.2636697890048225,0.015898079798852282,-0.10099142497086654,0.013891450229388574
0.7397804260253906,-0.42671107293777694,0.38481264307718915,-0.04254021938607963,-2.143779875584445,-2.0859651184316936,0.18603191981213654,2.6921034408706928,-0.2959410872627347,7.1784481333434655,0.010123597041083978,-0.10317704290633024,0.010510206903772908
0.7418043613433838,-0.42673381944670036,0.384812298771575,-0.042527500705929894,-2.14369813618775,-2.086006784199107,0.18606629748499656,2.8359455103831133,-0.10666378356917705,7.192091443415834,0.008339067025010548,-0.09832654017242877,0.007923019524281488
0.743828296661377,-0.4267347675547037,0.3848221608890684,-0.04252840882322556,-2.1436975944593186,-2.0859770837964917,0.1860813153445897,2.762760048389883,-0.08148791850022567,7.081571379913655,0.014971331143169233,-0.10193970975038173,0.009114354928043692
0.7458524703979492,-0.4267161250746231,0.3848328894118168,-0.04253060506819531,-2.1437578929704357,-2.08594755934238,0.18598826636397406,2.6338864773811856,0.28479247832218546,7.235672359263319,0.004976982564303843,-0.10438521751004882,0.010955100020705492
0.7478764057159424,-0.4267441174000695,0.38481001241557783,-0.042520266256740685,-2.1436550875280505,-2.0860019749850975,0.18601746381318982,2.869960943235499,-0.03773481155187808,7.289952385581971,0.013086909143121082,-0.0950845031372184,0.008714236206291252
0.749901533126831,-0.426728757316198,0.38481026471092405,-0.04254011413886466,-2.1437418194294984,-2.0859749274651302,0.1860548687323443,2.620500161282414,-0.4792497874784202,7.336161283915848,0.016249970096317377,-0.1014994487419841,0.01709354602447755
0.7519257068634033,-0.4267024616787593,0.38479133668634063,-0.04256721611908118,-2.143814839007158,-2.0859989668207968,0.18605977529957182,2.6680660873357738,-0.01994460431354722,7.1546069131426435,0.0055410337554988795,-0.10632946537196265,0.01398855000296762
0.753960371017456,-0.4267245094809509,0.3848088754840529,-0.042550148643941965,-2.14371203787554,-2.0860100153739363,0.18605855337689448,2.861505547708723,0.431544841114416,7.265782588607287,0.0021228929905370538,-0.10024307272070411,0.008382700710090958
0.7560074329376221,-0.4267347163162537,0.3848093284440123,-0.042536606806483274,-2.143759192918584,-2.0859089028251123,0.18607414089632124,2.887619557828917,-0.02982072375328046,7.209806491946976,0.009543806083721296,-0.09731204038334086,0.012111184552013146
0.7580361366271973,-0.42672205797478996,0.3848225667489228,-0.042543586333743694,-2.1437577743994285,-2.085921385807813,0.18603720057630152,2.7353048277839616,0.013181892252590532,7.121997406526437,0.008459045593355915,-0.10311500701144673,0.010907577050402035
0.7600798606872559,-0.42673081295446935,0.3848102813954845,-0.04254580649580733,-2.143718778703364,-2.085978327725167,0.18602494501362082,2.9284601657247364,0.6593871202866546,7.230726418264087,-0.0025431707268928983,-0.0967108168904187,0.004859797902211216
0.7621068954467773,-0.4267233787632623,0.3848098545708618,-0.04256086715910118,-2.143755248581097,-2.085984548689032,0.1860377186090782,2.735177637747898,-0.179429587986933,7.122802770017567,0.015281983856662953,-0.100875250282789,0.00901176731666714
0.7641327381134033,-0.42673135126562395,0.38480762618009023,-0.04254534445122521,-2.1436958843701093,-2.0859925683075216,0.18607316736187055,2.4826427348789673,-0.1508344995650788,7.147409899391678,0.011226929951315532,-0.11024097048126859,0.00911956629164117
0.7661576271057129,-0.4267420624041973,0.38481673863310156,-0.04254370339738661,-2.143690717873239,-2.085960544072235,0.18608869179636356,2.84825817828502,0.45935118798607655,7.1661210684158645,0.0018989394714703108,-0.1021443250298081,0.010248901513413889
0.7681834697723389,-0.42673700468597997,0.3848208461051472,-0.042534878240254564,-2.1436187206208603,-2.0859895031391686,0.1859925562042279,2.7671553631273547,-0.09563002143201772,7.254759930831183,0.010559598893576735,-0.10156414317236073,0.013568516548278987
0.7702085971832275,-0.4267243952768372,0.3848088278534509,-0.04255182791858078,-2.1437200942289443,-2.0859867715120015,0.18604403263003907,2.594763483588752,-0.13107205679673342,7.24759929132925,0.011934415560212026,-0.1025960215449447,0.017653748440701868
0.7722334861755371,-0.4267327868456371,0.38480064725101565,-0.042560751415685966,-2.1437297658497587,-2.085972740019761,0.1860534154442386,2.588944639779907,0.4006593821124832,6.896833794005077,0.0036193352062090095,-0.1009212511740046,0.005454336404851493
0.7742586135864258,-0.4267343982310545,0.384788703923301,-0.04256537352950118,-2.1437220816664464,-2.0859896883356237,0.18610464954249303,2.8494505067003297,0.17796467849039643,7.2059553823137135,0.010366849374989096,-0.09746715557179134,0.010019014163193882
0.7762835025787354,-0.4267303687923093,0.3848093023575328,-0.04255177924778539,-2.143703301579909,-2.085973039390057,0.18601841239239453,2.362215039391944,-0.29145883318112276,7.251702236878109,0.013104335552938225,-0.11124448836738855,0.012212329692455436
0.7783083915710449,-0.4267257223886459,0.3848322969814656,-0.042546534524712076,-2.1437538351260783,-2.0859126238965646,0.18604441347172393,2.4566651289931496,-0.11297611429286035,7.247165476035381,0.005697848161271011,-0.10824577471935506,0.011189653831734236
0.7803335189819336,-0.4267403139861921,0.3848378976407485,-0.042532613457349044,-2.1436731839753485,-2.0859425270974055,0.18597964820065277,2.7267821621191546,-0.017463103206647124,7.251796899885762,0.007329434566887377,-0.0956163519907897,0.011005449097761277
0.7823584079742432,-0.4267265863821042,0.3848294920481208,-0.04254849099144131,-2.1437280928011226,-2.0859216150371855,0.18603851665290108,2.7011133694039478,-0.2028804072804888,7.456048991626047,0.01129684096736995,-0.09961020489721077,0.017197251741921986
0.7843835353851318,-0.42672413306093515,0.3848237187776944,-0.042563709192869226,-2.143789516431292,-2.0859008791087494,0.18604963650995754,2.610221134700471,0.08030986103351706,7.3570287020515295,0.005729151649974484,-0.10199919857054503,0.013658819852790969
0.7864086627960205,-0.42675362234762304,0.38484075707547843,-0.042545667876980026,-2.1436685575825307,-2.085905962051667,0.1860554562096719,2.77451487825551,0.6207116530536474,7.210484831802837,0.000693090570992632,-0.09668785865634898,0.006789754172441994
0.7884335517883301,-0.42673749512269943,0.38481464432933654,-0.0425618142149321,-2.1437434489520886,-2.085930933392994,0.18604071992396493,2.6302891194139324,-0.06264949436499213,7.349190974473563,0.008569655896151326,-0.10407121246790901,0.014875513806435243
0.7904589176177979,-0.4267312286146011,0.3848014777982404,-0.042575194971886055,-2.1437655781131326,-2.0859575389058413,0.18606183682644617,2.756334989073003,0.021176944565777706,7.209148221266231,0.0035675831437288136,-0.10185416657304204,0.013013655808617863
0.7924845218658447,-0.4267296187080227,0.3848133183290388,-0.042563510678206934,-2.1437600279779936,-2.085944318530833,0.18605944180754855,3.0172596967557657,0.2833203684174245,7.329435467932425,0.0010185370564434228,-0.09552881501259035,0.007261679892758092
0.7945096492767334,-0.42674171146775486,0.3848127841062037,-0.042559490397982264,-2.1436907365375064,-2.085964635615475,0.18606656657935502,2.7551950038752473,-0.13283474658129593,7.5382542665962875,0.011265713903592071,-0.10444734592410683,0.011777669595743194
0.796534538269043,-0.4267309402184141,0.3848008647072013,-0.042586267720480936,-2.1438019958830172,-2.0859340052707025,0.1860688249626594,2.46475687359287,-0.09803196445138694,7.476750407947864,0.009223234101637917,-0.11031162698162109,0.014681019677554207
0.7985596656799316,-0.4267277036851855,0.38480634953065884,-0.04258567887392181,-2.143735638421274,-2.0859909178098084,0.18604069232360004,2.845953089503521,0.12202882590423378,7.355011840390855,0.0034271017655776066,-0.09732604127070417,0.011229060017337623
0.8005845546722412,-0.42674072123845574,0.38480068340263507,-0.04258431152344322,-2.143749461304178,-2.085981093964211,0.18606524391308768,2.893157301624873,0.14344384338335864,7.462921046176231,0.005181684090432263,-0.09304853717818772,0.013930661702718193
0.8026094436645508,-0.42671748862804587,0.38480749020568583,-0.042588880274687824,-2.1437651497954437,-2.085971517189516,0.18601463824577624,2.82477288925849,-0.6472169917016829,7.50899803385836,0.020302535876977817,-0.0968961416799201,0.010104615476209222
0.8046345710754395,-0.42673784507675583,0.38482032455066095,-0.04257537503590483,-2.143728457804045,-2.0859482722479976,0.18601669202299076,2.9753827130923973,0.2985798239525245,7.262667585957922,0.0003185837733637486,-0.09778675167417299,0.010432515753519266
0.8066599369049072,-0.42673046153095645,0.3848222918307841,-0.04258336471991833,-2.1437695474096947,-2.0859191997817614,0.1860555990068519,3.0441402110462126,0.19523442951838682,7.471167571218095,0.0030087022014224068,-0.09086942270038922,0.007839812972584344
0.8086872100830078,-0.426734984308248,0.3848153671779936,-0.042584230106626375,-2.1437449335192293,-2.085944012674474,0.18608428605457858,2.8025173162513717,-0.26684706940722114,7.402696186148761,0.011063446708030255,-0.09807096325734359,0.013420193858928646
0.8107151985168457,-0.42674310153073775,0.38480188419856337,-0.04259208211560678,-2.1437199625173684,-2.0860008175098237,0.18610269473296193,2.9142457756284355,-0.19442077432374766,7.427576824591702,0.009159893492101936,-0.09490203897300656,0.008374357877428093
0.812744140625,-0.42671364522489236,0.3847993153127633,-0.04261265220469815,-2.1438085192694447,-2.0859775238061293,0.186078561706978,3.0392039106005946,0.12310691344774238,7.43902444886108,0.007667328049540951,-0.09308394246258661,0.00978948845704504
0.8147695064544678,-0.4267251076535328,0.3848114277742467,-0.04260241474087101,-2.143761389771711,-2.085974789245309,0.18606223504795402,2.760997734811195,-0.42029351274867033,7.501905816553591,0.013558971101189239,-0.10146268772419736,0.015569293118919442
0.8167948722839355,-0.4267423220034624,0.384824627284856,-0.04259090579349062,-2.1437156457092406,-2.085955655440013,0.18604353291705586,2.968457054026681,0.3643089319603454,7.393160534442364,-0.002326119571504831,-0.09736797574754107,0.010651057382285183
0.8188204765319824,-0.4267418281989055,0.3848342484463629,-0.042581297097631365,-2.1437200800711427,-2.0859438473833727,0.18604571415373417,3.018005094422012,-0.1420211214061245,7.454159616775627,0.014644441389343194,-0.08856324295675581,0.006689338482644254
0.8208444118499756,-0.42673292392757595,0.3848255002850136,-0.04259382852711291,-2.1437532832951582,-2.0859261100785798,0.18603433958367455,2.545908839256421,-0.4846905086079328,7.485165753100537,0.0200418241183537,-0.10149231799774706,0.014296335081480697
0.8228833675384521,-0.426741015256519,0.38478814472606193,-0.042602295117226185,-2.1437325757863137,-2.0860000436874957,0.18610892638217208,2.8222163566724308,0.12860819221495232,7.4255249044930185,0.005020670316857141,-0.09786642863757772,0.010460103567170975
0.8249073028564453,-0.42673385072180914,0.38481008850060344,-0.042608408566852995,-2.1437525811751073,-2.085976116513113,0.18601601611846247,3.0707825614149353,0.07745554082142986,7.404410157146529,0.012305975171427104,-0.09120452276604207,0.007770621575514711
0.826932430267334,-0.42673565695093474,0.38481357531036414,-0.042598871861632026,-2.1437312315473425,-2.085980253889398,0.18604344221859542,2.712536492399502,-0.09401243160023548,7.468492187771509,0.012320529946113256,-0.10143720880261015,0.013066166723650444
0.8289563655853271,-0.42672908917083985,0.3847991920949868,-0.042609502585079784,-2.143767476650362,-2.0859588602499137,0.18606931157381432,2.974249707765027,0.15553898752483428,7.367773963384496,0.005859978443817472,-0.09679529609049234,0.008215728894310582
0.8309805393218994,-0.4267371173656316,0.38481372162487393,-0.04260654606971326,-2.143752085445884,-2.0859335332617217,0.18609839653511911,3.035353745399899,0.027759669629359468,7.583531824473106,0.014648146870318507,-0.08947569377896532,0.00898465420195168
0.8330044746398926,-0.4267403111907746,0.3847995214141222,-0.042615253154314414,-2.14378206830725,-2.085955099958786,0.18607089918186326,2.4730314878800295,-0.06660546583736653,7.463594109982145,0.014096408149975294,-0.10716097110736532,0.01858700860801402
0.8350284099578857,-0.4267345785744833,0.38481576711156446,-0.0426106404274654,-2.143758426602489,-2.0859647097408165,0.1860485996097826,2.951470693866307,0.1586073005173038,7.3841565273801955,0.00954298456442729,-0.09117233829052368,0.009254818601378676
0.837052583694458,-0.4267382384997053,0.3848202042353523,-0.042599209992108006,-2.143717638289256,-2.0859699311958635,0.18602996201095298,2.853418200669195,0.06533911232841202,7.546653167720595,0.014362839966008052,-0.09617164620986482,0.009756869356271573
0.8390774726867676,-0.42672916927961957,0.38480154223523716,-0.0426231101890468,-2.1438036830126266,-2.085957851831296,0.1860759817274998,2.5584277573013825,-0.19510616537602588,7.354123505836973,0.013793763677440948,-0.10147387106022764,0.016863300882724582
0.8411026000976562,-0.426739972942904,0.38480474819927124,-0.04261876607731663,-2.1437226213418508,-2.0860044986858957,0.18605629760121986,2.8913889925400937,0.17988430700064,7.412544986186932,0.0060579872336892415,-0.09683144458004224,0.006269528288304938
0.8431289196014404,-0.4267380662488169,0.3848111400332262,-0.042618832309673615,-2.1437616682939336,-2.085948302220621,0.18611724334751584,2.9953910265488677,0.1689798140794807,7.554332031873334,0.00910251006793861,-0.09295711609176938,0.010051208617506722
0.8451573848724365,-0.4267337672766526,0.3848157968034275,-0.04261035919750161,-2.143749051721543,-2.0859288876162783,0.18604232015664326,2.7709028078861646,-0.4401037939830593,7.465279486699667,0.02196575394411466,-0.100544491288163,0.01442819155532787
0.8471837043762207,-0.4267377053189445,0.384823161822975,-0.0426121884433458,-2.143743295013287,-2.0859242936525573,0.1860269205634885,2.7172101267548117,0.4241984830236638,7.314373986022104,0.0005050949652214854,-0.10079073011808125,0.012123822613309338
0.8492097854614258,-0.4267328064503018,0.38479419090926487,-0.04263099484327612,-2.143741730125883,-2.08604544276661,0.18601525759302462,2.7773318283135318,-0.15256006790494459,7.613322463033413,0.013692070430517962,-0.09490635747076279,0.0078055793942950515
0.8512344360351562,-0.42673527698648306,0.3848054040481701,-0.0426387754771376,-2.143754944402413,-2.0860212050335742,0.18604824160953695,2.698117173115045,-0.17362080942674513,7.511994324395166,0.013334075716992544,-0.10060597593381551,0.011764978726108558
0.8532695770263672,-0.4267403695064805,0.38483118497186297,-0.042624928843644855,-2.1437367109127488,-2.0859570937604337,0.18605626609606765,2.969524316561425,0.1807668446820329,7.419607984411468,0.005650119838187175,-0.0937014147373874,0.0053740840468712745
0.8553285598754883,-0.42674885623594533,0.38481490552537495,-0.04262274695588181,-2.1437372263637537,-2.0859293804681114,0.18610131090458126,2.866340263085314,-0.18962872679955614,7.515419010840132,0.01496645019561756,-0.09572560561831861,0.00808862826818451
0.8573563098907471,-0.4267287972731716,0.38480902991889426,-0.042642829567883095,-2.143809980592769,-2.0859543111049654,0.1860871444082801,2.765237877205624,0.16873262276435855,7.5676725956217625,0.007053116038740023,-0.09703877945560559,0.012536479985453514
0.8593850135803223,-0.42672573098648336,0.3848182697147073,-0.04263886923332885,-2.1437943893024016,-2.08593342851189,0.18600409463894388,2.991629922893506,0.1651316532704629,7.417493432983137,0.0056342218215951895,-0.09554404748161824,0.007439354575809997
0.8614120483398438,-0.4267224993025964,0.38478501390432734,-0.04266138247143439,-2.1438024925735726,-2.0859989622332207,0.1860539997696179,2.695194910601988,-0.08008213275940926,7.620037669725584,0.013683488534418822,-0.09966140189696555,0.010809586617933277
0.8634421825408936,-0.4267425668770253,0.3847997850244115,-0.042636984475980244,-2.1437239866722924,-2.085999638840209,0.18608107899087264,2.6357261567045702,-0.17799920843471506,7.534288889371632,0.011050123644806141,-0.10459522365263323,0.010719593898851253
0.8654675483703613,-0.42673797768133476,0.38482755261485757,-0.04262876961250642,-2.143763628132934,-2.085897579983102,0.18602695898372248,2.838596909233204,0.16808169293144457,7.521618889260646,0.004876145444580369,-0.09326910153525243,0.00692915953885287
0.8675065040588379,-0.42672969343579503,0.3847997986841854,-0.0426484598020081,-2.143757357906318,-2.08599420089336,0.18607602427776374,2.6053242968235786,-0.26619167453574755,7.601714304087333,0.014884261764632367,-0.10178199436385976,0.012914696020723091
0.869537353515625,-0.4267519732124664,0.3848302523003536,-0.04262755130682541,-2.1437179755238533,-2.085917434539462,0.18608424807918778,2.807892808179698,0.06261324770051374,7.400164097615076,0.010390596484750419,-0.09701880593805298,0.00840570020008551
0.8715622425079346,-0.4267422022558002,0.3847906067109795,-0.04265394594515384,-2.1437495026808344,-2.085995977402024,0.18607885517201775,2.712424963407035,0.08065935999642643,7.568365309552879,0.01444967380222779,-0.10024292355564962,0.008040557633234231
0.8735861778259277,-0.4267504801411118,0.38481615962019733,-0.04264728724611552,-2.1437384900901773,-2.085960645942185,0.18604592394154562,2.852069450572232,-0.33904024258002147,7.361955338824942,0.021059970965798175,-0.09716139757875887,0.010271931815098216
0.8756105899810791,-0.4267561620596366,0.3848079829924224,-0.042638646441938155,-2.1437188468798847,-2.0859602640328037,0.18607725507839842,3.0471577750242917,0.09767350951760576,7.513924819718333,0.012718398692875249,-0.09045656977932022,0.004887501509397664
0.8776347637176514,-0.4267299118645975,0.3848022138456773,-0.04266026825349928,-2.1438055317155085,-2.0859441464494575,0.18607425869819644,2.745361266729407,-0.3069203413373651,7.655868541170415,0.02005336550594785,-0.09739688132692839,0.01412875547577011
0.8796594142913818,-0.42672826276846687,0.38479479133162764,-0.042664309239207054,-2.1437928534808997,-2.0860012244325947,0.18607329696794192,2.928101249695941,0.3276760449396081,7.477693014055371,0.00755129499900408,-0.09606223094274335,0.005728457330962984
0.8816835880279541,-0.4267197162142633,0.38481055013599796,-0.0426648347584003,-2.143824554679294,-2.0859716563991446,0.18603761884360784,2.7520160217027616,0.03864321598609627,7.5499506845751,0.018653519068412734,-0.09659742601824013,0.010482937297283043
0.8837084770202637,-0.4267465984932127,0.3848220188122211,-0.04263519243093744,-2.1437222382384276,-2.085954560302645,0.18604841484726894,2.5561779307730905,-0.016175966718364743,7.660299191824351,0.020155764964500323,-0.1018999131789302,0.01647765006760086
0.8857929706573486,-0.4267490825657385,0.3848118680977552,-0.04263814290716375,-2.143708805722149,-2.0859873558073754,0.1860368226802994,2.9449236649120833,0.32639101770598644,7.508244155296436,0.011140431566351413,-0.0944340300283089,0.008462345808058137
0.8878185749053955,-0.42673586010908976,0.3848084871348584,-0.042657470256191654,-2.1437741815564317,-2.0859719888050123,0.18608164228348004,2.730823759599797,-0.24738892907116916,7.661372979068125,0.0249672024112456,-0.09895264556615009,0.011659227064605877
0.8898437023162842,-0.4267456156699821,0.3847999479044026,-0.0426527794479965,-2.143787837496375,-2.0859660814343983,0.1860660653308341,2.630918023350768,-0.21764235541267213,7.561934981726083,0.025141149463624765,-0.10000071629203162,0.006704130789956369
0.8918695449829102,-0.42673240881507823,0.38480299829203257,-0.04266197776362146,-2.143737592463153,-2.0860233219219957,0.18600174000150607,2.7445400374722575,0.04073744309412758,7.689076772110691,0.023558556137816794,-0.096225789833252,0.006337676504952512
0.8938934803009033,-0.4267429385187159,0.3848062789922777,-0.04265620167162815,-2.1437368050610917,-2.0859797846408705,0.18608570090850038,2.6491434302572836,-0.2548295213605563,7.822003804142708,0.028905394401687004,-0.10114140703240618,0.011440166372820224
0.8959183692932129,-0.42672925889937746,0.38480081759355717,-0.04266188738585297,-2.143761032111021,-2.0859902233152474,0.18604719078388526,3.1936867855420665,0.3257541474751337,7.608647347128308,0.01885904203363052,-0.08748297797965317,0.0035040373842053843
0.8979434967041016,-0.4267390132248988,0.3848114013679587,-0.04265443475728778,-2.1437734232214507,-2.0859425356992465,0.1860456327233905,2.6378182412844335,0.12649852683146381,7.756319873733858,0.023895094840531927,-0.10006665895472379,0.011123203879273996
0.8999674320220947,-0.42672394426694926,0.38478955732142667,-0.04267687610814086,-2.143805741273889,-2.0859951354644872,0.18610476207820809,2.724797981883926,0.354075761788747,7.593322008368286,0.01761154974119338,-0.10118884369427689,0.009171926868128531
0.9019913673400879,-0.4267400303073703,0.384810468398823,-0.042674671275168885,-2.1437484115655576,-2.085988646292493,0.18609104487011532,2.79760557629008,0.10019157806996581,7.739640093198395,0.027494293161040823,-0.09326537830284662,0.011727584515021441
0.9040155410766602,-0.4267354230902426,0.38480748426513756,-0.04267813912560814,-2.143774168029833,-2.085986303753001,0.18601761100252337,2.676708281320917,-0.14677175886518368,7.545692406263597,0.024762529035398946,-0.10182536245403312,0.009921538699616386
0.9060394763946533,-0.4267344757450462,0.3848104270417107,-0.042663431622326636,-2.1437550330945685,-2.085985445397178,0.18603162113186802,2.932516735303948,0.3858982558155497,7.480741524488157,0.018706338917750902,-0.0913571663454975,0.005583328094206235
0.9080634117126465,-0.42677075125907127,0.3848063741859772,-0.04265954625868351,-2.1437083764783695,-2.085961281500563,0.18611358963097785,2.59630302390398,0.008661024009153695,7.689643653105139,0.02332435540899505,-0.10353996115795287,0.013694730891254961
0.9100875854492188,-0.42674098542346883,0.3847977037507686,-0.04267662795395741,-2.1437331022373343,-2.0860266329314925,0.18603314390514863,2.872069655172754,0.44585250655218134,7.656830998917655,0.012545641055816402,-0.09839233328035958,0.010680857440752542
0.9121115207672119,-0.4267444111034949,0.38481552715507866,-0.04266651239014288,-2.1437200893400337,-2.0860119259249985,0.18604597326714833,2.7112467923065937,-0.03206741935186527,7.710006016465961,0.025132616000244665,-0.09914107929908243,0.010162204168732328
0.9141354560852051,-0.4267528183615141,0.3848041896672726,-0.04267250744805973,-2.1437394616656213,-2.0860050699169475,0.18609092378388703,2.7040945546281647,0.03564361239853958,7.602135380571755,0.01746711938423036,-0.10002149320077396,0.006766527517724995
0.9161593914031982,-0.4267412659303854,0.38479081639256973,-0.04268685885394358,-2.1437450028544385,-2.086022031884024,0.186078923281393,3.0113396229739613,0.3238936404634757,7.6193905579906644,0.018176918681847065,-0.0904211261194231,0.004098906289970658
0.9181833267211914,-0.42672930840370765,0.38481285884949035,-0.042681969957354154,-2.1437734994538236,-2.085964369156563,0.18606695039407883,2.5474000894645332,-0.20585125675671959,7.719906347263593,0.027057577480956416,-0.10019231122071587,0.008642669846395815
0.9202075004577637,-0.4267540390080642,0.38480397805376715,-0.04267465471379864,-2.1437075016751024,-2.0860168672488513,0.1860996204718555,3.237373413177311,0.24596359509008672,7.6672648573545255,0.01748505947607819,-0.08475128766942282,0.0028836165674041275
0.9222314357757568,-0.4267406425661145,0.38480944629054376,-0.042674316176003896,-2.143794476119755,-2.085966058492191,0.18607243767486636,2.711262013169009,-0.2390448766114558,7.844940935109793,0.031034845897270177,-0.0968012979835805,0.011275024470665496
0.92425537109375,-0.42672771040686464,0.3847944539419215,-0.04269866014527793,-2.1437869347409513,-2.0860046497676854,0.1860794064443039,3.018774734154734,0.24597505524790386,7.565768567630645,0.016094064342359573,-0.0920762781458373,0.006099653782909057
0.9262795448303223,-0.42675042132949076,0.3848008182869968,-0.0426739040361864,-2.143759985194905,-2.085991323765214,0.18605890865738056,2.948429742428483,-0.04955072315074707,7.990141110161367,0.02189418654455238,-0.09224175238281637,0.011041067766658755
0.9283034801483154,-0.4267465525619174,0.38480452929271225,-0.04268986501161881,-2.143809564317407,-2.0859461014401828,0.18613382627371408,2.521212710209985,-0.15639100256065602,7.756139791008258,0.02129769917951221,-0.10346436742318664,0.012894113696095619
0.9303274154663086,-0.42675387430597544,0.38479603981030164,-0.04268848953093057,-2.1437445984583707,-2.0860150240389017,0.18607958511609865,3.125597969971057,0.5486028914154284,7.841754575790523,0.009145377230622571,-0.092212272735795,0.003473273329440786
0.9323513507843018,-0.4267339195162334,0.384806477915604,-0.042685094930454526,-2.1437687309984916,-2.085996613891325,0.1860581831269944,2.7660047751506074,-0.2580277559843213,7.7425647790806025,0.028873795547414677,-0.09638225168686505,0.010692701940464835
0.9343752861022949,-0.42674282641542066,0.3848253631044021,-0.04267786271373028,-2.143796403972535,-2.0859252959866814,0.18609483857690434,3.0225079460972646,0.3691365889605164,7.812281106480018,0.01533895122020799,-0.09011483404395267,0.00710160377697488
0.9363994598388672,-0.42672520119454765,0.38478088003201283,-0.04271330586991573,-2.143841482853855,-2.086015982095757,0.18607343046814245,2.9531637170545264,-0.02171561299920438,8.032243485987197,0.025739046206978738,-0.08879974867318102,0.004856662906834792
0.9384233951568604,-0.42672927973705876,0.38477492122259394,-0.04270118792793329,-2.1438055229001685,-2.086024834081453,0.18605426845818146,2.864664558757813,-0.38678092090120153,7.918049126767517,0.026716010224839007,-0.09602620962991011,0.011185912752334791
0.9404473304748535,-0.42675442911300654,0.38481575333716095,-0.04267810081874296,-2.143769235025526,-2.0859531792337713,0.1860745340223323,3.0981929638281196,0.5167737243809606,7.867614383678815,0.014998052983096904,-0.08537466049568013,0.009050618147271048
0.9424865245819092,-0.4267344628524422,0.38480727527265496,-0.04269702484619478,-2.1437755483565906,-2.085994907926302,0.18606047350531218,2.468799187546749,-0.2579406129019616,7.954425550234864,0.02751359360555201,-0.10202263387189132,0.010463079327372409
0.9445145130157471,-0.4267325812106883,0.3848151680554695,-0.04270055168930986,-2.143797187496068,-2.085988214062046,0.18603607765297642,3.1997456435275,0.3879207323556069,7.884744583810966,0.015155232244815962,-0.08684198558314306,0.009672390925470923
0.9465386867523193,-0.4267450409558265,0.3848037507509559,-0.04269802806403561,-2.1438248348570794,-2.0859542636366992,0.1860828176944892,2.688815751858757,-0.3037481289433015,7.924694505186466,0.025325748888483407,-0.0959797352247692,0.016750772526778004
0.9485974311828613,-0.4267555351143182,0.384810600239266,-0.04269207360222457,-2.1437518813671783,-2.085985287314795,0.18610676558700626,2.8918074347194143,0.11673811368766493,7.764003461764656,0.01794895106386961,-0.09276130200494345,0.012523281153300488
0.9506216049194336,-0.4267378018239905,0.384805087873581,-0.0426956866321378,-2.143787861231001,-2.0859956570210336,0.18604270195153683,2.852279386055301,-0.04884842018138261,7.843869301630634,0.028298972148904034,-0.09356123385073141,0.01235301597000964
0.9526453018188477,-0.42674077314317066,0.38479595476438455,-0.04271181509991037,-2.1438123822657658,-2.0859955873948786,0.18610101259679276,2.696665861533889,-0.04118080285141554,7.808999997030425,0.02599441557102076,-0.10276626627921204,0.01143490098576808
0.954669713973999,-0.42673050443268423,0.3847993014443697,-0.042711865562016005,-2.143819895801505,-2.0860005301723117,0.1860901497680622,3.1066000320768423,0.4036942846248825,7.847573855034537,0.020941208534673607,-0.09002624763870952,0.005397184378681314
0.9566943645477295,-0.426728021725804,0.3848155506153871,-0.042709025609161594,-2.143844920827167,-2.085960388738357,0.18606727988812816,2.818483408469037,-0.3222912538050984,7.98894497012369,0.03255474789381486,-0.0967486429351161,0.014146533959822682
0.9587202072143555,-0.426746502862583,0.3848039924146625,-0.04269170970337141,-2.143751240086672,-2.0859907280472223,0.1860724120576926,3.237118471427501,0.15471945507395402,8.03535461915557,0.020294092021954514,-0.08486689505687998,0.007074203363119105
0.9607465267181396,-0.42673673555966823,0.3847897477078915,-0.042708475529030315,-2.143793995216108,-2.086016257541092,0.18607627004177968,2.868382479419088,-0.029335107283011808,8.071968238743075,0.025933309836877794,-0.0911984664241317,0.010570780645264231
0.9627716541290283,-0.42673281859160106,0.38477781183493404,-0.04272594443074032,-2.1438029736785085,-2.0860459561034723,0.18611194750621418,3.0099383496692385,0.2867689273250869,7.844150770700868,0.020044900210974142,-0.09259510722249395,0.01124537166282159
0.964796781539917,-0.42673764773788053,0.38481413484745264,-0.042699166488910006,-2.1437599983245863,-2.085984363940483,0.18605782141741758,2.782266822600243,0.08593162449512987,8.04704905334539,0.02858277188022591,-0.09557877682357463,0.009098451890030328
0.9668245315551758,-0.426744878748004,0.3847905583549072,-0.042729469139807214,-2.143805434802809,-2.0859918400127455,0.1861649418279277,2.9720364135998767,0.2368338808402201,7.9395666180425595,0.021219940811106616,-0.09305550645898862,0.00854047605966636
0.9688584804534912,-0.4267528995889427,0.3848109483021099,-0.04270179815178954,-2.143768874920556,-2.0859918661942993,0.18607970321240588,2.9217062318640927,0.024040331449428715,7.9611026630572885,0.02895698920380837,-0.08942650417814882,0.008672618304649913
0.9708833694458008,-0.4267317069945353,0.38479201919261447,-0.04272200888003844,-2.143826660796781,-2.0860051019398154,0.18606562198671722,2.7549718616049,0.052424903261488465,8.039305530565398,0.023720414521202916,-0.09932050667430861,0.012767917423244183
0.9729084968566895,-0.4267332076691007,0.3848079601553174,-0.04271354862014129,-2.143791494752886,-2.0859977479704535,0.186014804041886,2.964846838366607,0.34304320169910496,7.889826716394528,0.02413905159076271,-0.08827476328657038,0.008661815158828691
0.9749326705932617,-0.42674714246087725,0.3847746483237357,-0.0427206740304292,-2.143770418288235,-2.08605699357486,0.1861020273059893,2.7713820848711794,-0.0894979994831029,7.8829386312560015,0.027032310856944283,-0.09719734978810554,0.005793227452457946
0.9769566059112549,-0.42674432791929007,0.38478293493637344,-0.04270971923544875,-2.143790921593456,-2.0860218281429366,0.18609767442209274,3.107388298897209,0.2866825486665694,7.830051064784645,0.019781614430045117,-0.08775476594962896,0.003491997223273536
0.9789814949035645,-0.42674849976367235,0.3848101111823866,-0.042704096281714427,-2.1437485443793483,-2.085995742795242,0.1860655071558411,2.59033904470975,0.1747354676619881,7.919707542177173,0.02176441725919699,-0.09839759557786279,0.012384499321644642
0.981006383895874,-0.4267397117854609,0.3847793758901411,-0.04273934774461147,-2.143820245958579,-2.0860377186170656,0.18610004690308518,3.171437179949521,0.5452866109118143,7.860529489023173,0.015659412210557905,-0.08899005454899642,0.0023360514896218956
0.9830303192138672,-0.42675552206392386,0.38478130187042614,-0.042715069802887556,-2.1437218494508716,-2.086056194108787,0.18609658785728056,2.7288802588086467,-0.14709920109746222,7.984851840306753,0.033597677435966374,-0.09798883757773176,0.014454479984994512
0.9850542545318604,-0.4267353190604231,0.3848246951556191,-0.042716884884544476,-2.143789481412951,-2.0859890838580943,0.18600973261970782,3.0630567837187277,0.15081773028314527,7.88257507967806,0.02180412383822494,-0.09126735473972102,0.00669261841940479
0.9870784282684326,-0.4267581003850499,0.3848109994198301,-0.04270680122025175,-2.1437648181915283,-2.085982354514274,0.18608807897463436,2.9585148252549778,-0.10828644582254801,7.9853801295433735,0.02745604736587539,-0.09124485959273244,0.012729345453789842
0.9891023635864258,-0.4267540292276999,0.3847968400317771,-0.04271215686010196,-2.1437356887470935,-2.0860359364489613,0.18604683525018284,3.131980267801791,0.116455965216676,8.033919130468147,0.024131280864810426,-0.08948052809164402,0.007617704279571556
0.991126298904419,-0.4267568731128403,0.3847906275066677,-0.042715205809275264,-2.143727583026463,-2.086046710838981,0.1860771571575003,3.0294877183561457,0.19642822774139043,7.9822409060259085,0.027320709312599434,-0.09096921190224146,0.0115180949857886
0.9931514263153076,-0.42674452645513405,0.3848009646523272,-0.04272068163002779,-2.143807599235573,-2.085998754052711,0.18608279332292244,2.952820112736533,-0.10781345631329965,7.9341014409441275,0.031050152393349864,-0.09614356457137498,0.00654035075737475
0.9951756000518799,-0.4267405679737664,0.3848052664672617,-0.04270961508115312,-2.1438245609666353,-2.0859470235173316,0.18610890867845606,3.0148806294159662,0.1596132850753521,7.9047354335694795,0.02229699350334115,-0.08828311337729286,0.0026657851255882546
0.9972002506256104,-0.4267435108888744,0.3848078407958032,-0.04271339021971923,-2.143794243055346,-2.0859881983654733,0.18606240317440412,2.566316180241697,0.08340355049865011,8.005663738090572,0.018414736768086762,-0.09981474424891236,0.013203609583106951
0.9992244243621826,-0.42673859943944953,0.38480122215167856,-0.042720049070093885,-2.143815729904366,-2.085990428331003,0.1860761196763884,2.892698692972025,0.1303097181661711,7.899426743499941,0.01851126016310993,-0.09260115395860107,0.0019193069482325584
1.0012493133544922,-0.42674482346378567,0.38484013183344506,-0.04269379596830053,-2.14375441430694,-2.08592809651124,0.18603886850798265,2.6066110307073025,-0.1500508123780785,7.880983236839254,0.029010154226205755,-0.10063699099957403,0.008291503906407776
1.0032732486724854,-0.4267553099129178,0.3848122959664211,-0.04270575122169035,-2.143728382486058,-2.086019621999033,0.18610173595481305,3.083866327336744,0.23073557336523873,7.785223439790231,0.020981514151754435,-0.08861001205422346,0.00045205775578026786
1.0052986145019531,-0.42676141596919454,0.3848034145963393,-0.04270680206325411,-2.1437308835250417,-2.086021689963024,0.18610134282390856,2.779608966833044,-0.0774138953819497,7.963320579453948,0.028407677709689577,-0.09169504329223813,0.009622571479086201
1.0073225498199463,-0.42672565205045354,0.3847716245425008,-0.04275173483815636,-2.143848090662131,-2.086064042778273,0.18612643031330875,2.6803203924684755,0.3442223463162637,7.907811747398974,0.012036779829577111,-0.09939627100015175,0.008790549399651055
1.0093598365783691,-0.42674812312265714,0.38479409592911085,-0.042717584785728624,-2.1437692361550846,-2.0860203246072393,0.18607701351688452,2.9396187499923228,0.25517396998134845,8.018258683909758,0.021979271747989238,-0.09393212516126861,0.010353605571759354
1.01143479347229,-0.426756345528889,0.38479048630599905,-0.04272276752954288,-2.1437756604736453,-2.086003018917469,0.18608990825016405,2.6771428735576204,-0.011222162128853408,7.906375836442676,0.025087277620392544,-0.10119999519041521,0.010966567264695453
1.0134589672088623,-0.4267442518242438,0.38480079363735453,-0.04271580676039244,-2.1437846996812997,-2.086015749664056,0.18604482355871976,3.117977907023699,0.04280664460036801,7.9115733254648015,0.026750338397837522,-0.08850254749263252,0.006977115059955282
1.0154783725738525,-0.42673779932376504,0.3848169355575444,-0.04270684579063233,-2.14378144563171,-2.08599235846325,0.18602726618191537,2.8490711429611264,-0.31474736048946583,8.010484195368218,0.02807995237352986,-0.09489081612001529,0.011316853947201798
1.0175244808197021,-0.42675944221813183,0.38480118830910054,-0.0427099486293884,-2.143767483211345,-2.0859749389511375,0.1860892130019627,2.762270255276807,-0.39321430668981894,8.032979057765179,0.033066668797445825,-0.09660127740206621,0.012562537612252248
1.0195677280426025,-0.4267468329203222,0.38480031424345207,-0.04271868477499982,-2.1437335245123963,-2.086022220560972,0.1860523066448692,2.8173762370353437,0.06030629547872407,7.783241618104792,0.02184722155257266,-0.09876619656511533,0.010401275217936837
1.021592617034912,-0.426730599124504,0.3847976181207477,-0.04272409098284269,-2.143813597573861,-2.085984521467245,0.18601474614333183,3.02948305144049,0.18145401149388765,7.916756831090684,0.022087288377011727,-0.08944538141259269,0.007243256557038227
1.0236177444458008,-0.4267474589529715,0.3847750369097578,-0.04272815026671253,-2.143784791384566,-2.086033623507555,0.18610127229343074,2.5954111264637394,-0.053853834874289214,7.956785632264722,0.02415478971621344,-0.10173343405063617,0.012024903720528293
1.0256423950195312,-0.4267482120538709,0.3848046254540091,-0.04271103963644177,-2.14378100985989,-2.085992436274759,0.18608982208266314,2.917309730522174,0.3440512610450427,7.88077010086501,0.020111189565210675,-0.09306726791407574,0.0030122728393636514
1.0276672840118408,-0.42672505674772254,0.38479223906432436,-0.04273523115059416,-2.1438149231820955,-2.0860180534944073,0.18605270785886519,2.6544309482095647,-0.06172114499390306,7.957422238844922,0.026368369004240545,-0.10077713366195172,0.007816997295651218
1.029691219329834,-0.42674647446961494,0.38481073748935346,-0.04269867604438221,-2.1437464739097973,-2.0859805629124426,0.18604940408769305,2.8889212138206695,0.28101356712339853,7.8140874901916035,0.020074122643258023,-0.09596262692696779,0.0030819934419214464
1.0317153930664062,-0.4267413643597015,0.3848058814826563,-0.04271059110838052,-2.143749315478817,-2.085995713647799,0.18604336741172442,2.758051440630119,-0.10584286659470231,8.0471062548507,0.026191059936393916,-0.09578448815448702,0.011255564901525439
1.0337393283843994,-0.42674705553101716,0.38480873530911663,-0.042711358246158654,-2.1437852272992446,-2.0859822241434838,0.18611614807314786,2.8668811042894498,0.09496648173718739,7.879673966886211,0.021376369830872703,-0.09884033073218867,0.009780667625121732
1.0357632637023926,-0.4267463878192874,0.38479324575952106,-0.04271157658064634,-2.1437597355193883,-2.0860050248867648,0.1860635859860751,3.04563399305387,0.2709232279097716,7.846340927820744,0.022047087716701465,-0.08855389902867508,0.006529444730656898
1.0377871990203857,-0.42674344386458596,0.3848075636414857,-0.04271520963864625,-2.143789128239486,-2.085968867772086,0.18603296623098542,2.81421579125177,-0.05757237720101363,7.823196570370824,0.02178002255436556,-0.09762502790210775,0.005574231885109089
1.039811372756958,-0.42674883496963867,0.3848008382857108,-0.04271948675456272,-2.14373992681665,-2.0860460481208105,0.18604902554214953,3.2779653886577904,0.38830651162109414,7.854775468764695,0.022059432932286523,-0.0867509418820079,0.0048913610120422946
1.0418353080749512,-0.4267446745843945,0.3848216078176352,-0.042699444381031154,-2.1437750152953976,-2.085952097455453,0.18606754035345852,2.778014224931182,0.06321252762257851,7.938074919244409,0.026122796986784963,-0.0991366231855625,0.015179247150347474
1.0438592433929443,-0.4267470470531233,0.38479783982658605,-0.04271472826095907,-2.143814735621428,-2.085968326339565,0.1861190937042179,3.2155774362827634,0.31195382781963854,7.701398305598845,0.015694601737948632,-0.08689968722407979,0.003514801217510328
1.0458831787109375,-0.4267495681440629,0.3848039877071182,-0.04270807830734774,-2.1437417277332567,-2.085977651394878,0.18609053832218717,2.853678446433614,-0.12147972951973175,8.060898989816547,0.03302263507181194,-0.09352848198682345,0.008088091626913926
1.0479073524475098,-0.4267440912157038,0.38481084558454165,-0.042711530413709536,-2.1437969932700454,-2.0859833174396814,0.18606740297576208,2.8104640481989236,0.10591233650645179,7.926211955806295,0.02238082384332798,-0.10086004112478102,0.0036732988968174694
1.049931287765503,-0.4267398661371038,0.38478416231723156,-0.04272859780290891,-2.1438213592882573,-2.086015388295908,0.18605946739255672,2.721693871106524,0.06826444987740804,7.993788205056242,0.02954794232607493,-0.09883227039591772,0.008768742399002261
1.051955223083496,-0.42673975077112025,0.38479710518733545,-0.04272602683159185,-2.143805437681057,-2.086024322839009,0.1860539307428555,2.497302620949268,-0.1532381158791765,7.779773118018453,0.02483387635482182,-0.10451200294123537,0.013786901082390012
1.0539793968200684,-0.42673420330036915,0.384793455695934,-0.04273264277707761,-2.1438357284137335,-2.085995927216001,0.18608496408264708,3.117477242857864,0.21345935535695543,7.8456002255109745,0.022660514525426126,-0.08865200354482938,0.0041757935608524146
1.0560033321380615,-0.4267533583898285,0.3847963593070781,-0.04270711667521948,-2.143739779285853,-2.0860280144219274,0.18609794761216297,2.7118201868246867,-0.14433553639388025,7.900591463913986,0.030433684686224465,-0.09712539928812018,0.011710401331741936
1.0580272674560547,-0.42673907066898575,0.3847992786204827,-0.0427175616753695,-2.1438273911875867,-2.0859764951136635,0.1860841104913862,2.8583192732053178,0.4694796926509675,7.813759609063996,0.01186381026465489,-0.09479185584362684,0.007218958816114885
1.0600521564483643,-0.426758134215374,0.3848087911107324,-0.04270656230050951,-2.1437419832546145,-2.0860003271411727,0.1860801273617324,2.8508434725143172,-0.24826688160693944,7.904355287699133,0.029183654444030364,-0.09587887356978872,0.006994844645266847
1.0620770454406738,-0.4267391424869543,0.3848096686120262,-0.04272166200069685,-2.143814833841049,-2.0859753918257113,0.18609421426633607,2.732346727669527,0.03453566286677068,7.730584179220835,0.025089985226214726,-0.09710525964949691,0.009188613016739178
1.0640995502471924,-0.4267433960728734,0.3848024910883829,-0.04271710207218554,-2.1437813159472205,-2.0859854928167403,0.18608167401598755,3.050379810604581,0.2072055072573527,7.709380306694777,0.025052222145761378,-0.08817081482998021,0.008432285520517972
1.066124439239502,-0.42675080044171365,0.38477500659934516,-0.04272965972163803,-2.143769531141314,-2.086056759852254,0.1861085448487539,2.7814160361301155,-0.2964976607157318,7.798913191457597,0.02924815049989325,-0.09739911368586684,0.008082275371501114
1.0681498050689697,-0.4267438466303722,0.3848061983923306,-0.04271247560200506,-2.143772808595588,-2.0860066183600225,0.18606569953135038,2.7397483235155846,0.32594023674519434,7.923302221359202,0.01754886482907314,-0.09757380089149334,0.005980978312551822
1.0701756477355957,-0.4267386376617549,0.3848131791123112,-0.042709493873369864,-2.1437801098546725,-2.0859763742352646,0.18601652000201607,2.6738391423921435,-0.24606690765938505,8.007513971881467,0.03329506234966009,-0.09768435523342532,0.015002142348329478
1.0722014904022217,-0.42674250470370584,0.3848046567977471,-0.04271550423980766,-2.1437823162160137,-2.0860072192254138,0.1860228748954236,2.955714074623658,0.2779396399458716,7.776351208507875,0.01998275877976233,-0.09395717944606942,0.0070352821078034705
1.0742418766021729,-0.4267415761900787,0.38481602406464815,-0.04271982861792545,-2.1437531552622713,-2.0860204530996365,0.18601406988177185,2.7615414070392266,0.2468280338618078,7.886722138543437,0.022642606106588102,-0.09380319235454632,0.008813970310958113
1.0762686729431152,-0.4267238099702748,0.3847925553349289,-0.0427368254361955,-2.1438331198057408,-2.0860092815332982,0.18607424458205696,2.744814351035801,-0.22350642280175506,7.759742251319647,0.024671270329601633,-0.09961459877314935,0.009273358214707816
1.0782935619354248,-0.42673755682449316,0.38478705820036946,-0.04273064350947789,-2.1438043347995834,-2.0860308418563354,0.18606142764912642,3.0004838006717174,0.1860884223083204,7.653834084054352,0.018813689067452313,-0.0891758960829953,0.007015462242127159
1.0803196430206299,-0.42672974100503336,0.38481092513442866,-0.04271687448799624,-2.1437963537986886,-2.0860041777802727,0.1860580845516879,2.753845662841951,-0.28519929373619374,7.681994963400923,0.03139006904560708,-0.09584741495883825,0.01491430351931697
1.0823445320129395,-0.4267357662047262,0.3847998822167346,-0.042719666165640574,-2.1438054857238726,-2.0859897384145105,0.1860718186539559,3.0614387992786876,0.29769197844607376,7.8126033435220235,0.017264082685951775,-0.09170143996229944,0.001628333897406983
1.0843696594238281,-0.4267455840303097,0.38479840569639795,-0.04271605681061541,-2.1438029699765604,-2.0860002383217293,0.186070759124816,2.7240600313122503,-0.1998532155595638,7.936002099454614,0.02899391521543734,-0.09634308022094627,0.010697454913736755
1.0863945484161377,-0.4267568263658639,0.38478910995746457,-0.04272294392701481,-2.143766299221235,-2.0860120708013556,0.1861284895352859,2.8096644423490296,0.275022114883718,7.714784986784618,0.015971030215251064,-0.09221871203018431,0.00574485432251805
1.0884194374084473,-0.42675456859071575,0.3847982722871108,-0.04271859736691677,-2.143777124653925,-2.0859890885616013,0.18609062660949785,2.7292116014377488,-0.05692119788558239,7.732383366985289,0.027107311896757344,-0.09454603944145719,0.009480299648086464
1.090444564819336,-0.4267477863838682,0.38479759860608154,-0.04272190053553629,-2.143819117119252,-2.0859642463506574,0.18610222303579077,2.549358534698017,-0.23263736560810008,7.802210821950514,0.025649375312446543,-0.10315175707703698,0.008653492497881525
1.0924735069274902,-0.42674308290356666,0.3848019680909477,-0.04272352978511407,-2.1437987567270658,-2.085991605326852,0.18608950144517636,3.019459588686742,0.20519012067296188,7.864652584327612,0.018719107954228154,-0.08783586241746066,0.0044294146962156715
1.0944974422454834,-0.426752771916668,0.3847961176848041,-0.042714183690775315,-2.143780571964669,-2.0860055080118443,0.18606019321730297,2.621958732098153,-0.2065382735568953,7.908878915251368,0.027863164656357114,-0.09898483406955284,0.01105344804853188
1.0965213775634766,-0.426742332061063,0.3847936357768032,-0.04271967064094884,-2.1437927768963467,-2.08599820142853,0.186043928933949,2.9324407284737317,0.29839463869952565,7.8310039594874175,0.013739496107535889,-0.09174881060355447,0.008773890921557049
1.0985453128814697,-0.4267288444180506,0.3847968305302981,-0.04273358048305306,-2.1437940626963052,-2.0860157996226185,0.18605005924494483,2.777581569465238,0.09046085144811011,7.8935719877226305,0.02338781109250654,-0.09326217332622015,0.013220260076892903
1.100569486618042,-0.4267473782950499,0.3848164135244509,-0.04271549732206037,-2.143765783607166,-2.0859882065110704,0.1860578584558801,2.8089605461871234,0.38250181543372846,7.831013747417353,0.012259111219188632,-0.09582946977931468,0.00887038361900042
1.1025934219360352,-0.4267556950887231,0.38479442789257495,-0.04271305370808187,-2.143727905210526,-2.08603173418888,0.18606671148661785,2.8283498632805566,0.12540997507408824,7.840307706173304,0.02298928284875114,-0.09012443217486141,0.004919260930377254
1.1046173572540283,-0.4267373449639521,0.38480484472727117,-0.042724742009475514,-2.1438307404629127,-2.0859724961197537,0.18607023537575207,2.546409036345673,-0.24763774329725083,7.871717275493664,0.026726535177996214,-0.1019834511033432,0.009137000544381674
1.1066415309906006,-0.42675236399389277,0.3848018384163228,-0.04271025922475785,-2.1437248668933417,-2.086050231834524,0.1860347058540452,2.8190986518250543,0.6379829911335344,7.823095073307383,0.011895802244781766,-0.09276546843141086,0.01265878510362643
1.1086654663085938,-0.42674213383129567,0.38479406673875305,-0.04272849133474649,-2.1437858064084097,-2.086003593545747,0.18607148327211476,2.783802530130834,-0.11688414675012149,7.896300140937437,0.027065490880081887,-0.09614016985490706,0.010084706185938017
1.110689401626587,-0.4267316115265277,0.3847889615408399,-0.04273404959650612,-2.1438300640464023,-2.0860145493896223,0.18608785904686848,3.1629341312063044,0.5213705286409286,7.560053481458648,0.013123410045028702,-0.08567777198768843,0.005578130376205337
1.11271333694458,-0.4267395744470403,0.38480083121098674,-0.042718219426478465,-2.1437891488373584,-2.0859838984935504,0.18607045044328174,2.717846551317244,0.09920201554448704,7.940980212479351,0.023122004480538638,-0.09647499027260159,0.007299129492020483
1.1147375106811523,-0.4267521515259365,0.384792182064265,-0.04272317133929224,-2.143757214733216,-2.086039703151382,0.18607937543692224,2.981631263942945,0.09988792490245393,7.66395304946553,0.0200417612041575,-0.09170881632292177,0.008479351817668627
1.1167614459991455,-0.42675403489078156,0.38477096598178,-0.042723339145052774,-2.1438135471190205,-2.0859992705001176,0.18614467827782039,2.8376259709914335,0.32334152365739577,7.887565806450662,0.021031516523298332,-0.09280668491889464,0.010328397784281443
1.1187853813171387,-0.42674198558304616,0.3847958988487986,-0.042727841154809765,-2.1438061562005246,-2.0860045886398106,0.18610693234536138,2.8809019461407894,0.08439189315451096,7.715606924890171,0.021306518415670727,-0.09418803649901764,0.008815029609275882
1.1208093166351318,-0.4267390787219836,0.3848257422786214,-0.04271315768886891,-2.143804190569769,-2.0859597555051126,0.18604224344319076,3.147439776983218,0.1857550386592759,7.820945606076134,0.02124005889950115,-0.08553466887647962,7.340786586187194e-05
1.1228363513946533,-0.42674979654183415,0.3847942066491565,-0.04271849680229381,-2.143761658594788,-2.086021368041631,0.18609290167790407,2.5383996528065014,-0.23964924231459384,7.867768117434605,0.03002196139910941,-0.10186051183398313,0.011717642360161196
1.1248602867126465,-0.4267315710132822,0.3848117742269355,-0.04271760862390164,-2.143814870530613,-2.085980491627193,0.18603391926248,2.987552536876006,0.3499612923446821,7.781408077119674,0.014904751526443237,-0.09064534792763569,0.004617880202069842
1.1268844604492188,-0.4267385951329811,0.3847866045588434,-0.04273069483519876,-2.1438076899592766,-2.086020370264784,0.18606596579796908,2.887540957915965,-0.051659262623764524,7.8507837012640165,0.02917045710171736,-0.08876598644312567,0.009998449833908855
1.128908395767212,-0.4267388985995002,0.38479365071250216,-0.04272660542634843,-2.143819104578385,-2.0860118710123956,0.18606084564788353,2.93021318322113,0.19404650708165672,7.725560493101516,0.02271571198105626,-0.09135969693791386,0.008853497839282444
1.130932331085205,-0.4267414499991814,0.38481541062775904,-0.042708140222559754,-2.1438038594345863,-2.085963878164927,0.1860397333730251,2.7546796656083297,0.005809734280103479,7.92533600213838,0.027654776619392425,-0.09486221557507193,0.009379348157736979
1.1329565048217773,-0.42673864973347153,0.3848073791820991,-0.042717944405485486,-2.143844578937771,-2.085940315268845,0.18609002764877505,2.6473616297360447,-0.2784032472518734,7.840574413066276,0.028711173006355742,-0.10152002929837477,0.012177796559090001
1.1349811553955078,-0.42674075249526155,0.38482493638256765,-0.042708458913496006,-2.1437661198581996,-2.085971704044819,0.18603250690438236,2.924102160125037,0.34835911634869227,7.837022307126439,0.018077815739616365,-0.08927383936923851,0.005064963203923103
1.1370463371276855,-0.42674275077952906,0.3847910469616618,-0.04271191758271922,-2.1438023689992094,-2.0860087379704546,0.1861129440470904,2.5564239696521396,-0.17423904688580294,7.945018110767997,0.02835805051216348,-0.10098381438820786,0.01377867144303752
1.1390712261199951,-0.42674303018891413,0.3847985701568679,-0.04272314018242665,-2.1437771592141948,-2.0860254798136046,0.1860556218045596,2.9229895636539007,0.431292730289279,7.640110756130385,0.018065861315333987,-0.09179639549436894,0.0025483853268573322
1.141096591949463,-0.4267444754077816,0.38479822596756297,-0.042718627646682716,-2.1437300408411737,-2.086039055501095,0.1860608140433425,2.6760017347633362,-0.03761302129689602,7.767242185361907,0.02759560251963889,-0.09531328222725893,0.007182242311325484
1.1431214809417725,-0.4267616848764127,0.3848021407390464,-0.04271422085014684,-2.143713433675609,-2.0860493013416255,0.18607366089938954,2.714594769915613,0.21083734272935387,7.670215312382958,0.01884793766736645,-0.0975117866377617,0.010822765639652399
1.145146369934082,-0.4267303054494221,0.3847936310923915,-0.04273276242982277,-2.143819686355256,-2.0860199367739707,0.18605597354726797,2.762392433448947,0.030135301832131256,7.799813845672383,0.023035826112662406,-0.09317569087804513,0.011454808579972768
1.1471714973449707,-0.42673450486307246,0.3848052596573266,-0.042731037220489265,-2.143831625992854,-2.0860147062808037,0.1860579259670434,2.734485917711326,-0.4518053262779215,7.746032183547067,0.030891642362127845,-0.09518594703763496,0.006252137845843706
1.1491963863372803,-0.4267499907039405,0.3847933007312722,-0.04272338424337632,-2.143750562834226,-2.0860278721028553,0.1860497631293964,2.998269306637543,0.22820052493403323,7.605524017468847,0.023079734423312383,-0.08670075254491168,0.0034617488385363434
1.1512205600738525,-0.42674305121811207,0.38480479941806867,-0.042707330892326145,-2.143780478973984,-2.0859841479529697,0.18606248031709796,2.598388577451276,-0.20894483666906377,7.804396953603543,0.030483441240429048,-0.10175707336456881,0.013003761567464335
1.153245210647583,-0.42674712994984554,0.38481184964352305,-0.04271071223103318,-2.143778611258603,-2.0859766812170197,0.18605993466345247,2.851601796030365,0.4130775957766054,7.736416854185173,0.019019541856486907,-0.09248944980451408,0.005206163058186437
1.1552855968475342,-0.4267516996602055,0.3848066729905556,-0.04271615613833721,-2.143741331559794,-2.0860185395350324,0.18605995832625716,2.6688982914779245,-0.3801662858997754,8.044913739058362,0.03234524260632939,-0.09589937791710719,0.007727304262687074
1.1573102474212646,-0.42674971220442554,0.384805289734034,-0.042709969839816175,-2.1437974190692803,-2.0859746874671283,0.18608555594202952,3.01894773759566,0.2939151341421229,7.964890804339498,0.017847942365833598,-0.0884251015627037,0.005556231459509352
1.159334421157837,-0.4267576846575529,0.3847941090283354,-0.04271077465925763,-2.143775040230767,-2.086008124176305,0.18607831274414074,2.8922024602828547,0.3301464578395431,7.8229676001171224,0.02395387615525161,-0.08957486076450162,0.012607527713488848
1.1613609790802002,-0.4267527653753927,0.3847955522244656,-0.042706797236080035,-2.143740700231601,-2.086020730143929,0.18606219679851738,2.877906219656763,0.10759628158295018,7.805569071236271,0.02227133182624408,-0.09342969479614356,0.00937228630960005
1.1633899211883545,-0.42672514361177427,0.3848016761264791,-0.04273176275972507,-2.143826016900285,-2.086010550927483,0.18602949110544764,2.8014735457086197,0.3831040809134618,7.841304140115121,0.015205210876493333,-0.09305311944650546,0.009092581980485945
1.1654243469238281,-0.42675350197879436,0.3848129490131823,-0.042700377798292,-2.143755015725675,-2.0859785170505503,0.18605913871993063,2.6275418513649984,0.06998730016321336,7.830311963661477,0.022129121158477462,-0.0989851869811022,0.013992545591924576
1.1674413681030273,-0.4267363146490151,0.3848040903089485,-0.04272573411821595,-2.143803928763083,-2.086001031052518,0.18604531193525675,2.9428938543287693,0.27721277948493517,7.75941938224011,0.02133457514786783,-0.09089189832712875,0.004983141125227862
1.1694591045379639,-0.4267468244084605,0.38477719821031964,-0.04272639715607901,-2.143751386036404,-2.086055532046459,0.1860768753654513,2.679862882023377,-0.0009808136017978863,7.746024683718188,0.030212198587930932,-0.09368713998051499,0.011469205061983899
1.171478033065796,-0.4267463914225118,0.38481971220310335,-0.04270813013866026,-2.1437650509357296,-2.0859718686413675,0.18602888862567118,3.014636137982149,0.19109962098570565,7.7500321524657645,0.023064077026887158,-0.09017790687146676,0.0009417165121709233
1.173496961593628,-0.4267507144910709,0.3847867723800681,-0.04272867393014232,-2.1437619889861246,-2.08602959987256,0.18611969949214652,2.828062236998905,0.194675253102289,7.842886385870571,0.018214068068358864,-0.09493669432454921,0.004702346401120914
1.1755139827728271,-0.42674040070343067,0.38480925399013,-0.04271546156225556,-2.1438032068604724,-2.0859644744483554,0.18604061886362463,2.9014290241391376,0.07789523801493947,8.009691658440076,0.029049695526989067,-0.09070836539441028,0.009542207372082735
1.177534580230713,-0.42673834288434537,0.3847842682673434,-0.04273133297015805,-2.143780279461632,-2.086062391713472,0.18603906622700037,2.7770927119018194,0.14974478404682004,7.90679053563725,0.024217582690290312,-0.09810504346013477,0.009935213306728741
1.1795592308044434,-0.42676114391930914,0.38479534789539854,-0.04271065163115484,-2.1437659955703667,-2.0860017857781172,0.1860863689240441,3.0138198353084444,0.18434011496779357,7.814142655651832,0.029339617927028747,-0.08608624243292166,0.004693055203482977
1.1815834045410156,-0.42675239354271316,0.3848098887741612,-0.04270906277092107,-2.14376534852339,-2.085980887890901,0.18608658501008837,2.607449820108736,-0.18371726793981707,7.547924910699887,0.031221401521786946,-0.0979286864525183,0.011714367152741222
1.1836073398590088,-0.42675781238545346,0.38479979763533273,-0.042717446240415874,-2.1437437737896614,-2.0860224883942826,0.1860988494545748,2.9202384407472954,0.3873298828529973,7.688841374620478,0.0202761954398541,-0.08810053849382428,0.004957018267076196
1.1856412887573242,-0.42675781238545346,0.38479979763533273,-0.042717446240415874,-2.1437437737896614,-2.0860224883942826,0.1860988494545748,2.9202384407472954,0.3873298828529973,7.688841374620478,0.0202761954398541,-0.08810053849382428,0.004957018267076196
1.1876792907714844,-0.4267426841759885,0.38479296761253334,-0.04272693782424833,-2.143813521434747,-2.086003988276153,0.18611000120561655,3.0062229777505927,0.05468343494153394,7.571359769861,0.027868178843333247,-0.08957100668634674,0.0058762663583295585
1.1897034645080566,-0.42674353600707526,0.3847736632988603,-0.042734541636782725,-2.1437644758448324,-2.0860652590830777,0.1860781655989184,2.6048096979914166,-0.11490236125490266,7.559055337384149,0.0340839339414266,-0.0950386581153431,0.010365264160821739
1.1917273998260498,-0.4267683009762403,0.3847863387167025,-0.04270378592456045,-2.1437130239697826,-2.086028616353005,0.18608875167794306,2.995133601978062,0.2620927508920027,7.659847736685364,0.025735154928157294,-0.08799650852922833,0.004540348962151587
1.193751335144043,-0.42673664866902955,0.3847915291869381,-0.04273142025370685,-2.1437994945384844,-2.0860199870648075,0.18605099735960806,2.8374639527153986,0.11049699597107421,7.860517773105399,0.030239933195999765,-0.09126832283859593,0.009169381608514219
1.1957755088806152,-0.42673798862045526,0.3848024298461387,-0.042710278933558055,-2.143800610813198,-2.085985790784947,0.18606332224479896,2.827697271196335,-0.009712120537996694,7.751115964601884,0.027795585293983117,-0.09059263344267102,0.005312068502425899
1.1978003978729248,-0.4267559708461627,0.38481544064482803,-0.04270435801805092,-2.143729256604225,-2.0859875744611593,0.1860236723178782,2.7269991062338415,0.1516531219753441,7.82720027225502,0.028373658801892607,-0.09408996804331946,0.004506579258169898
1.1998403072357178,-0.4267715702264319,0.38480086758897564,-0.04269836918438841,-2.1437150144550303,-2.085986220136759,0.18605408381590527,2.7725105774377394,-0.20804179129577577,7.836347043559546,0.03152385504299824,-0.09372533567167336,0.008401572676707702
1.201864242553711,-0.4267323266134939,0.3848082253193134,-0.04273127812787464,-2.1438323948514153,-2.0859786886112492,0.18603007451108872,3.1429641593886952,0.23493052475471282,7.660287607448084,0.028715818266068352,-0.08200488657901203,-0.00048170311963371525
1.2038893699645996,-0.42674732999576465,0.38481634199184445,-0.042709146179135044,-2.1437872982669774,-2.0859523404421183,0.18605597110952113,2.6211154610861755,0.13103891458698932,7.817773132142446,0.029362800376421833,-0.09614983214748374,0.007614423670566721
1.2059133052825928,-0.4267404548599372,0.38480245790709455,-0.04271470182942719,-2.143739578034244,-2.086039612163289,0.18605666409432348,3.1018590823908054,0.4106657602430382,7.744748686409188,0.021707439292217547,-0.08412523087545998,-0.000655083539757159
1.2079384326934814,-0.42673861379860306,0.384792954236178,-0.04271986039442077,-2.143807830053677,-2.0860189011462715,0.18608206177762013,2.7361079613450734,-0.16749918316775933,7.875929669859461,0.02975256052853335,-0.09508242458453332,0.004957244427859754
1.2099623680114746,-0.42674043589775895,0.38479969276894577,-0.04271690973555356,-2.1438023529519827,-2.0859939652544734,0.18608513801851229,2.8925582300873196,0.4527747576829457,7.7213797656672,0.02160244927649497,-0.09017671937089566,0.004298673394924291
1.2119865417480469,-0.42673392611411526,0.3847945304639774,-0.04272971059789049,-2.143833516861643,-2.0860110337404576,0.18609342359888,2.6230864577596624,-0.044078754046806584,7.784044831948665,0.03027495726543035,-0.09488992718240431,0.007318207889211953
1.2140114307403564,-0.4267396721976878,0.3847585448662511,-0.04273681973673071,-2.1438199137930782,-2.086079014782446,0.18611394681634216,2.981183094536937,0.3380886890281467,7.5605850893850945,0.022878603870039215,-0.08852585247000976,-0.00034652201980708147
1.2160406112670898,-0.4267387751745479,0.38479852216974947,-0.04271278223323388,-2.1437643261080828,-2.086042837742634,0.1859915160194036,2.8148509265662476,-0.11018300789045242,7.843957624737652,0.033848975359233244,-0.09033133017796259,0.007057835230332902
1.2180662155151367,-0.42674906442800503,0.38479110511655473,-0.04272225696924353,-2.143800413541753,-2.086023014307242,0.18610155505022294,3.07673775530484,0.1280595026229306,7.844773335954764,0.025754720563462532,-0.0862232470050572,-0.0012309569890869192
1.2200865745544434,-0.4267497120751686,0.38480105531430636,-0.04272502028293787,-2.1437867578126863,-2.0860185531949096,0.18608213347517083,2.827658460597248,0.08920344419913226,7.956583880361732,0.03254584271464126,-0.0921694039344905,0.006382228676138729
1.2221062183380127,-0.42676448684886975,0.384799692779032,-0.04270803548198468,-2.1437423522000447,-2.085997973772704,0.18607014385165266,2.6983013383047565,0.060617651590095245,7.898615221044934,0.028936093563914373,-0.09718654325386422,0.0073046735489491425
1.224123239517212,-0.4267558471520866,0.384805575688201,-0.04271433343123407,-2.14376442337569,-2.0859957818664374,0.1860741034339367,2.894833817354951,0.19874267441762772,7.928408541534019,0.025699052553091312,-0.08570434449441856,0.006091902189642946
1.2261407375335693,-0.42673457087483146,0.3847920474543567,-0.04272831602695845,-2.1438266067043683,-2.086025847730005,0.1861181511449367,2.5885877224699883,-0.25033480095142263,7.824040294713874,0.03160435481162162,-0.09834566533094002,0.005696436867394415
1.2281606197357178,-0.42674264173727444,0.3848057910720526,-0.04271982679950445,-2.143811936642527,-2.0859862739839197,0.18605626164478536,2.9564555798993264,0.5716601720894556,7.885160442754282,0.0190827747399659,-0.08745266585247725,0.005860648734350868
1.2301855087280273,-0.426741184787128,0.3847976358692749,-0.04271903198985583,-2.1437866490761217,-2.0860173623838922,0.18605068764192947,2.556281653158854,0.045338153209330656,7.934496938447664,0.028374339043382893,-0.09694534047356215,0.009226339447681434
1.232210636138916,-0.426727697918277,0.3847853060745027,-0.04273358781652911,-2.1438334314768843,-2.086037815689342,0.18605324703666712,3.004687289520267,0.36939224677748395,7.7519464435489205,0.0243392541750934,-0.08307288206701727,-0.005755914273543789
1.23423433303833,-0.42674218165901173,0.3848011307599783,-0.04270854714402153,-2.1438054946618847,-2.0859801999589505,0.18607628987972344,2.5099663427876053,-0.2997800206942292,7.855732110289968,0.035057136954467466,-0.09656606344635557,0.008542502499495199
1.2362585067749023,-0.4267467441375961,0.3848062533664328,-0.04271103963644177,-2.1437683184811207,-2.0860039682037574,0.1860876860685358,2.941001585534484,0.5119901747399894,7.816573040456108,0.019172319321391382,-0.08877463419289981,-0.0008586763587549919
1.238283395767212,-0.42673119102654783,0.3847750058507133,-0.04272955259249106,-2.1438596130836034,-2.086007805083432,0.18613269647622,2.7479436933151122,0.16999590060372602,7.97295646397847,0.026493558581090804,-0.08991738863044263,0.008646650695240926
1.240307331085205,-0.42672995224526167,0.38481404722072554,-0.04272205489362063,-2.143813955562664,-2.0859943461608803,0.18605425368508943,2.8041686722552037,0.3943025266796183,7.8044713910276915,0.02074814623756749,-0.09026794431879255,0.0002822855160695319
1.2423315048217773,-0.426735487135608,0.3847893056811181,-0.042733535147095464,-2.1438235456214727,-2.0860169630927157,0.18609288543128574,2.7049339769978245,-0.037660451216755375,7.972233042976107,0.036955108630588186,-0.09252760715633385,0.005812522837392307
1.2443554401397705,-0.4267559792008282,0.3848010664554106,-0.042701032311463716,-2.1437655383857197,-2.0860099565528483,0.18609135646144576,2.9946811302541754,0.4998665169584912,7.658036264129069,0.018429875215978612,-0.08635267001225821,-0.002593944380487403
1.2463793754577637,-0.42674100233031187,0.3847930970104958,-0.04272763402189339,-2.143816683374673,-2.086010153931685,0.18606025736477666,2.571158304567261,0.14746327076301485,7.97555910099881,0.02719540424386919,-0.09662162818266197,0.0076700474710038845
1.2484033107757568,-0.4267519385011546,0.3847868899320977,-0.042716846553099735,-2.1437766006779455,-2.0860202752900263,0.18612806763964582,2.7983030171707197,0.17134690338197858,7.937372100442107,0.02255693073793099,-0.0922720397614132,0.00582409588197098
1.250427484512329,-0.42673202693181483,0.384779521070293,-0.04273008387466659,-2.143829222296637,-2.086043078324959,0.18606799702309856,2.6091741604366634,0.16220627284658787,7.9505376441773965,0.029106932515682072,-0.09207937591260569,0.011182078548760455
1.2524561882019043,-0.42674444073635753,0.3847980849103574,-0.04272295207916452,-2.143774719580072,-2.0860450296736763,0.18610153525360518,2.7337495603882997,0.16726769516226633,7.8360882622067605,0.027937351891382547,-0.09301100287358177,0.0047289907226819175
1.2544806003570557,-0.42672952363734334,0.38479935306893975,-0.04272954034732904,-2.1438144616905235,-2.086036448187791,0.1860393242098337,2.72156138935359,0.09363559969823859,7.964964607582523,0.02805332553748649,-0.09082173911377331,0.004325868957377767
1.2565186023712158,-0.4267279354944816,0.38478955873995874,-0.042727374744653934,-2.1438396524584653,-2.0859981456114998,0.18606790258503172,2.536849931151525,0.05352589544333808,7.952458325645135,0.02623198498457801,-0.0978530283997634,0.008562882476789102
1.2585577964782715,-0.4267425550717881,0.3848140616323785,-0.04270942143323753,-2.143826849873555,-2.0859482376487906,0.1860620893524039,2.9131674556768363,0.22356241891547238,7.8211682285008335,0.025150214774355268,-0.08550218261485801,0.004731903489378382
1.260582447052002,-0.4267448172376733,0.38479480589676357,-0.04272454913291421,-2.1438045991843087,-2.0860184876277392,0.18608234104981133,2.3924582095008464,0.13585826051556366,7.989721883869507,0.027794665881345704,-0.09823890012714397,0.009138046977979942
1.2626433372497559,-0.42674689138283317,0.3847586107841744,-0.04274350614193942,-2.1438147576963518,-2.0860857057354534,0.18616798055291853,2.9843448942153508,0.49975221509283885,7.76843011356111,0.028986692671181525,-0.08434299408137305,0.0037454454896582367
1.2646682262420654,-0.4267536447169296,0.3847990726038735,-0.04271219475378554,-2.1437715436247045,-2.0860077261568786,0.18609787699666633,2.6826093198680803,-0.09506709120318736,7.8884917015711595,0.03324821299491926,-0.09213619491150056,0.00982796481162781
1.266688585281372,-0.4267408643669933,0.38481096731287684,-0.042720650134493277,-2.1437934975490403,-2.0859876536436426,0.1860609636761226,3.0151854409120578,0.3038065001345146,7.85933062332398,0.023111329498224333,-0.08244428556368164,-0.0016660216518613038
1.2687087059020996,-0.4267284012183436,0.3847964433803991,-0.0427324642280196,-2.143870895123365,-2.0859657588735114,0.18608738575710482,2.44506087332257,-0.12664880064172615,7.8464736242789375,0.03331490432811807,-0.09818078227331622,0.006222070971957214
1.270725965499878,-0.42672688364061984,0.3848087941244017,-0.042718379515647636,-2.143849527437961,-2.085976622516276,0.1860513622235351,3.0985688285142423,0.5269392235477584,7.855767817568842,0.024855061752143807,-0.08488394955494162,0.00015809215140537639
1.2727463245391846,-0.42673305474727097,0.3847673843087961,-0.04273977399397211,-2.14383107972209,-2.0860666222037216,0.18613423339123242,2.5562989527002085,0.2365922170407021,7.966100740838317,0.0310176086882304,-0.09443056536785878,0.0037726276357369316
1.2747702598571777,-0.4267316985780774,0.38479617404677025,-0.04272231019743422,-2.1438197623315842,-2.086006040074658,0.18606276708277245,2.834466098803991,0.5166630039486434,7.852137577420604,0.023860661771932287,-0.08666501437967176,0.00041367687105340733
1.2767953872680664,-0.42672498955494065,0.3847755555924864,-0.04274040588753486,-2.143873011003858,-2.086023752256631,0.18610011549214497,2.6280500938282865,-0.14878001783150865,7.900679782048899,0.03298956576537517,-0.0943274147392309,0.012785387864062876
1.278820514678955,-0.4267403385186887,0.384782824820728,-0.04272526710694485,-2.143789785254353,-2.086048769082109,0.1860857675226667,2.896937667336964,0.5435493397838427,7.892469409086155,0.026547115955765463,-0.08234377136695738,-0.0024325615867514605
1.2808444499969482,-0.42673022386517767,0.38479375138857996,-0.0427253847473954,-2.1438360780629524,-2.086032024794833,0.18606452932433684,2.5935779972723645,-0.02748008212538658,7.920094551168853,0.03817823468055358,-0.09582206010536934,0.001404200833844781
1.2828683853149414,-0.42673497143365313,0.384775520091691,-0.042729953156904504,-2.143808352588476,-2.086068974133752,0.18610301365549303,2.905934836901615,0.3953873614509391,7.727121630425713,0.031002700065416784,-0.08281349622793348,0.00359712379466697
1.2848925590515137,-0.4267325187093949,0.3847977114370892,-0.04272789677839273,-2.1438451419257616,-2.0860186474612115,0.18606428404817252,2.536288713964564,-0.2800834448244973,7.834330163174918,0.03811989707108444,-0.09220408687151267,0.007226591575550809
1.2869164943695068,-0.4267409113891862,0.3847852938160229,-0.04271660702441757,-2.1437867030647855,-2.0860520381951084,0.18603875446273951,2.976488513656268,0.43951311307527763,7.703577688350372,0.02495389806910299,-0.0815426343622461,0.004655180048348951
1.2889404296875,-0.42674844600883394,0.3848080061385986,-0.04270281089240055,-2.1437723748154593,-2.0860133968795216,0.18607365420743616,2.5160605625735952,0.13968764977589543,7.879493163746484,0.034350700430945194,-0.09269135063838496,0.005821176368489642
1.2909643650054932,-0.42674457878837996,0.38479153285333006,-0.04271852449147559,-2.143769176413241,-2.0860390035325924,0.18602931116862415,2.874350035281057,0.46015953586382036,7.689251946487991,0.030924706318324002,-0.0867808312737829,0.000506597483781214
1.2929883003234863,-0.4267359986284857,0.3847864525722785,-0.042730075800673256,-2.143843234192882,-2.086023689884298,0.186067817342648,2.5061782637417376,-0.2000842919320518,7.797808233048769,0.041518400035245706,-0.09431176570981196,0.004635527409214354
1.2950122356414795,-0.4267420053531128,0.38480305557083916,-0.04272029407065553,-2.1438072258407135,-2.086011375115734,0.18607915594083393,3.0715810768826497,0.379230099358236,7.752194308669428,0.032436388052614444,-0.07914761793439339,0.0005964007662288091
1.2970373630523682,-0.42674370328422306,0.38478871212933624,-0.042721014258591566,-2.143822779989384,-2.086003077417704,0.18608534190312265,2.5425322331403737,-0.08334530712681582,7.790668837730755,0.04061351636839254,-0.09262148766289169,0.008453348013396193
1.2990624904632568,-0.4267279086488178,0.38479380418181214,-0.04271826377184049,-2.1438098804226575,-2.086020172215166,0.1860515243871914,2.954470917312615,0.17416885257309186,7.747226695627494,0.0357639237579803,-0.08082980126758865,-0.003261096686917042
1.30108642578125,-0.426740850251245,0.384781606775597,-0.042724411930227385,-2.1438351449123414,-2.086024845249683,0.18610144185663435,2.6006625670527175,0.05406414643866847,7.808348361423668,0.04086928364385569,-0.09149093121066831,0.007570152754818288
1.3031103610992432,-0.4267382044625512,0.38478745885631704,-0.04273077941407441,-2.1438447815243347,-2.0860054927095066,0.1860926153545266,3.03832635557338,0.31821554034938815,7.799891059147669,0.03718715512290531,-0.08167089763428254,0.0008862685909598652
1.3051345348358154,-0.42673845162834295,0.3847950338686681,-0.042717863493827946,-2.143825049111644,-2.0860177641203905,0.1860922984642303,2.6251072004084626,-0.07606983549740655,7.8302021252485625,0.03963513129277801,-0.09549154286729193,0.00668298421932423
1.3071584701538086,-0.4267382208492435,0.3847742546348537,-0.042727206310685856,-2.143837437038243,-2.0860367924769414,0.18612370328914493,2.8800720509344275,0.1577654213638138,7.892171776000153,0.03788843309334684,-0.07960938232063484,0.0030449652619812303
1.3091824054718018,-0.42672711361296845,0.38478833601210305,-0.04272761153358928,-2.1438438668141466,-2.0860378737753202,0.1860688704232587,2.7745194999058223,-0.15651390781716423,7.742627936004362,0.0431380562674996,-0.08829731963126523,0.0022641514290883177
1.3112070560455322,-0.42672884601748307,0.38479636814785867,-0.04272972510686904,-2.1438518535843016,-2.086030277752241,0.18605606898561725,2.8334522881062383,0.45964519356381406,7.833354071096986,0.033603866105063995,-0.08349384857476691,0.004455905599746259
1.313246250152588,-0.4267308901733986,0.3847846639705508,-0.04272688843318573,-2.1438375074192475,-2.086054745285897,0.18605481111330205,2.790960758391053,0.36367685029166374,7.787401595570371,0.03524615428921853,-0.08761977233221585,-0.0019485308250222003
1.3152790069580078,-0.4267271288680745,0.3847959010153247,-0.04272953343499511,-2.1438623684833513,-2.0860103903316976,0.1861012204965179,2.6933671173066047,0.36396213613188977,7.906256083556085,0.038369977424694564,-0.08310780578123524,0.0023366269306369612
1.3173041343688965,-0.4267442438177622,0.3847819223940267,-0.0427211297592236,-2.1438083867105417,-2.0860410429218588,0.18610203851966234,2.6824887164300453,0.2231245729918051,7.797676981509928,0.038660108747567305,-0.08614096796201048,0.0025077475128455796
1.3193306922912598,-0.42672205742409597,0.3847686860174878,-0.04274442507921977,-2.143870161454876,-2.0860791860505232,0.18609601764683995,2.880777825073031,-0.1842123232307146,7.851186817618341,0.047417908226931954,-0.0816593311174361,0.011864644219556185
1.3213577270507812,-0.42673772464702975,0.38479293482785815,-0.04272203812603814,-2.1438354658633507,-2.086018955578855,0.18610932001913666,3.006432178429984,0.13929877883601335,7.696312047909769,0.043802828750530674,-0.07910944243887627,-0.005375964487253465
1.3233823776245117,-0.426740762161417,0.3847814860952717,-0.04272418816197926,-2.1438384266903863,-2.0860272893044374,0.18610320144578738,2.48916678852469,0.03958959212379376,7.850186821810896,0.04715177159838134,-0.09190308445199025,0.007401792666107861
1.325453758239746,-0.426719432304654,0.38480293748419336,-0.042716446202447134,-2.1438414656250098,-2.086020879887052,0.18604101181734575,2.9153276642142414,0.4890804200260622,7.706148892529566,0.037995442399223325,-0.08245647925513652,-0.00310052814577397
1.3274798393249512,-0.42673907028095726,0.3847847681214634,-0.04271155729750559,-2.1437948575272836,-2.0860470155253363,0.18612019151629508,2.355386655809828,-0.3494898759607902,7.785920707370707,0.05014114517176797,-0.09578072209525888,0.005203661902418291
1.329516887664795,-0.42674556678163167,0.38479911708951775,-0.042720758546275744,-2.1438315647856276,-2.0860046403496644,0.18613382227126954,2.656962543037724,0.3611720498946773,7.758670330840313,0.03793682286689645,-0.08238157607286554,-0.0025121719083071358
1.3315730094909668,-0.4267326102027727,0.38477652758993963,-0.0427371995371823,-2.143805018270523,-2.0861176988531103,0.18609025343265548,2.787546185923014,0.35372071698786406,7.846538630661834,0.04081263734824565,-0.08065665625908808,0.0021883737718104857
1.3335988521575928,-0.42672824012854177,0.38477125839888293,-0.04273256016718388,-2.1438788086272487,-2.0860636033496633,0.18609594221537895,2.772684898873151,0.3704874381460759,7.724984287898988,0.043473383210684155,-0.08468343381513596,-0.0006019861068325676
1.335634708404541,-0.42673693066040824,0.38478641797848884,-0.04272203907247729,-2.143839709220705,-2.0860570689672717,0.1860801646168855,2.772684898873151,0.3704874381460759,7.724984287898988,0.043473383210684155,-0.08468343381513596,-0.0006019861068325676
1.3376598358154297,-0.42674376791845925,0.3847699641673884,-0.04273261138325532,-2.1438621162261846,-2.0860331046764045,0.18611593902701729,2.8768479025721976,0.4041164781907095,7.71774102532729,0.039702538797123446,-0.0769623866700264,-0.007858258975558327
1.3396854400634766,-0.4267470913550072,0.38479906434192723,-0.042707901550611854,-2.1438186703282476,-2.086005258040409,0.18609395370309728,2.560949857441741,0.1582244471679288,7.842928748017667,0.048056574306968344,-0.08851032812575713,0.0023604058677553167
1.3417110443115234,-0.4267410449368883,0.3847744563714134,-0.04272100226095496,-2.1438423549746015,-2.086011195986105,0.1861421888131373,2.951143172255124,0.292183122442908,7.739371418225522,0.04370785127564887,-0.07876353517165954,-0.00646568637477553
1.3437364101409912,-0.42673752635951995,0.3847691272349283,-0.04272999092180749,-2.143841276940049,-2.086095084768556,0.1861407469207139,2.650365936092231,0.42017590997177645,7.824962756176777,0.04174949596162937,-0.08817504380008448,0.003669467100774839
1.3457615375518799,-0.42674346969722127,0.38479285042525285,-0.042709717723329266,-2.143838318207818,-2.086019653822872,0.18609392171006472,2.718284867024637,0.20341387162872326,7.853543475460328,0.04562385071583124,-0.08395381142943144,-0.004185334174979557
1.3477864265441895,-0.4267258279573168,0.38480443960651706,-0.042712863716235644,-2.143864763898236,-2.0860147536660008,0.18602046397594002,2.7358013271045785,0.30506171362400514,7.779548328786052,0.04034717848008122,-0.08633660523875623,0.001928910250330585
1.3498115539550781,-0.42673121305746553,0.38478860178228225,-0.042738926013585754,-2.1438746134887317,-2.0860478806894256,0.18611201351984882,2.8047069124054196,0.23984244864564258,7.893656574162603,0.04735276599294689,-0.08158203274445054,0.00037330419393462495
1.3518364429473877,-0.42672181674343224,0.38479114771521955,-0.04273304830495275,-2.1438849953387136,-2.086030756544845,0.18604899561610866,2.90513609601286,0.7333229193665456,7.694590619641559,0.03910019311678832,-0.08078639338750848,-0.00440405976966688
1.3538603782653809,-0.4267351969266936,0.3847741226831178,-0.04272735977555722,-2.1438647168326943,-2.086040619457799,0.18610989534079864,2.6528026384041095,0.30363890382696224,7.887981218216828,0.04291928008866412,-0.08813262403370171,-0.0008826307210358306
1.3558855056762695,-0.42672810351920676,0.3847525747563976,-0.04274111928198676,-2.143880460103841,-2.0860832547331616,0.18615189571909474,2.693171439675072,0.3570437039828456,7.90512792610358,0.04327632437635042,-0.08125051778549014,0.0010469774311884835
1.3579106330871582,-0.4267266324640955,0.384797189762682,-0.04271440227620785,-2.143840416282253,-2.0860415094725,0.18601961912855575,2.728344482771144,0.28736528542084777,7.74423263426681,0.03937327331684578,-0.0813932417813381,-0.0009788851734884012
1.3599352836608887,-0.42673637887863725,0.38477835827135354,-0.042725544346647465,-2.1438294463371244,-2.0860562204902076,0.18609547696051798,2.607519287173969,0.0486668097900039,7.929730150538991,0.055575181242053906,-0.08790926363207172,0.0046704143169407405
1.361959457397461,-0.42673043917556575,0.38476904135826817,-0.04273543426033208,-2.1438361386252156,-2.0860829946627577,0.18609280658493405,2.892830757654175,0.5588561072006614,7.78797697882971,0.0390372662479923,-0.08272426534111137,-0.00441403660285277
1.363985538482666,-0.4267442058782143,0.3847806456565471,-0.04272180324191607,-2.143811127158106,-2.086065420269165,0.18612228345533874,2.544779301758996,-0.16496946588524922,7.8473991256292965,0.052045678698162255,-0.08800710543524765,0.001584270818919242
1.3660130500793457,-0.426720781233298,0.384762427632263,-0.04273989053164867,-2.143899627796427,-2.0860721757072977,0.1861050564359337,2.7047837388153884,0.3824150788983357,7.808955131084256,0.03967903674436885,-0.08073757060706248,-0.0019523101822965187
1.3680317401885986,-0.4267300635387094,0.3847711965138693,-0.042733482696441116,-2.143825826265013,-2.086076482606009,0.18613329884528784,2.4847192138657075,0.1456341098087732,7.727344177219367,0.046171391652828006,-0.08970425041601043,0.006588313210555519
1.3700509071350098,-0.4267498218315585,0.3847606446332412,-0.04272852311855577,-2.14382927029337,-2.0860872129088257,0.18616205797917,2.7791669779195782,0.30520945924808596,7.829802715217393,0.04723680723355406,-0.08232771047525608,-0.00017939649330545558
1.3720715045928955,-0.4267252012826663,0.384761546691979,-0.04273287879896384,-2.143874805893453,-2.0860838259181587,0.1861119431443148,2.52873906177221,0.6901181666128802,7.693179419842178,0.03821171863323976,-0.08895741034298421,-0.002551593562212343
1.374096393585205,-0.426725135319694,0.38477174713871726,-0.042741062154238535,-2.1438833802493753,-2.0860898263373873,0.18613276598640027,2.631333612274781,0.25164211181584056,7.860603873618315,0.044773634724206986,-0.0863159799623361,0.0018842578069102871
1.3761215209960938,-0.42672948529631516,0.38477917411950735,-0.04273451688321883,-2.1438887117357197,-2.0860295968259717,0.18611891883426088,2.9452849988820464,0.48483749799820475,7.887848271734955,0.039253599199938,-0.07597526189912752,-0.003364914268444823
1.378145694732666,-0.4267105497133928,0.384774497751019,-0.04274041992884886,-2.1439139644440646,-2.086069480671899,0.18608177746263385,2.6100707846592237,0.0691414939865243,7.822860272546888,0.04703212029186948,-0.087117635207787,-0.0041800409616096715
1.3801696300506592,-0.42673765325809343,0.3847783856024604,-0.042732358312933844,-2.1438340365977084,-2.0860757724474364,0.18610832220179635,2.8006803513307768,0.46205819401647036,7.798037167700935,0.04189079772062739,-0.0806390642062962,-0.004889947776881218
1.3821945190429688,-0.4267309289017854,0.38476879533486297,-0.042740445618535156,-2.143843747436436,-2.086082971374401,0.18610787013326466,2.730287270067288,0.1432105104144301,7.792858022391305,0.04601806564530928,-0.08632981607618366,-0.002622745213026181
1.3842194080352783,-0.4267337215328557,0.3847769948207163,-0.04273538065371607,-2.14385294729059,-2.0860602320853188,0.1860866785995474,2.4910225492520617,0.14269753229500526,8.016040668278297,0.04927682324257395,-0.08751157813816245,0.006751733882575469
1.386244297027588,-0.4267237328384026,0.38478497748259116,-0.04272295543798316,-2.143862447551908,-2.086065789811401,0.18608699763527337,2.7372569081394493,0.3463721868811002,7.696155177480451,0.03829123868503511,-0.07853686394100566,-0.007315602435002836
1.3884086608886719,-0.42673939914966363,0.3847549527313978,-0.04274019780583033,-2.1438590113587277,-2.086082742526039,0.18615762026296945,2.5877969227582436,0.191698695049119,7.798602301527688,0.046558994685334046,-0.0843671765505257,0.006727332348305783
1.390434741973877,-0.4267257451538716,0.38477568897325093,-0.04273311852338324,-2.1438563101671817,-2.086062740488535,0.18606369728986366,2.7624032300554457,0.6403797085946151,7.705073537282153,0.04090259933267269,-0.0814099623029902,-0.007560817901854887
1.3924658298492432,-0.4267457959152216,0.38475450765383945,-0.042732591571561646,-2.1438343696724402,-2.086112051413313,0.18613466260421643,2.521540639897517,0.47839640178642706,7.684405504437422,0.04210948442319804,-0.08462227522777781,-0.0002201425326315478
1.3944916725158691,-0.42673452234405795,0.3847750070026046,-0.042726190446179924,-2.143848034636832,-2.0860710372629527,0.1861399997542621,2.6394829335745644,0.2856055686215303,7.738700565056914,0.04577232579165486,-0.0818777426408048,0.004797067683811249
1.3965177536010742,-0.4267189617072982,0.3847932103965902,-0.042728390955419,-2.143847164546473,-2.086055097172269,0.18607640397516392,2.7550374972543463,0.32027627807930137,7.760793017454263,0.042563823863838036,-0.08115182457364169,-0.002354846999658468
1.3985424041748047,-0.4267210560418205,0.3847837815000622,-0.042731343619393736,-2.1439102743420873,-2.0860102678088923,0.18608912224392035,2.4463840058659345,-0.05094290338497191,7.8352696926492404,0.054983577945811685,-0.08988530144035657,0.0016093705010770624
1.4005672931671143,-0.4267509601377463,0.3847791345778807,-0.04271994760845629,-2.1438328337477466,-2.086048497798532,0.18616171210592788,3.04399029340778,0.5019415655438353,7.705132622167391,0.042509630025078904,-0.07474863861698967,-0.00716361483955446
1.402592420578003,-0.42672869712202627,0.38478903175395734,-0.042725108615726454,-2.1438661315177083,-2.0860347307990157,0.1860924335820801,2.6026304701681493,0.05991318682308208,7.807800824756272,0.04789583161335621,-0.086996904566187,0.0006594913935656851
1.4046175479888916,-0.4267277879310265,0.3847662791301847,-0.042728813844488595,-2.143858410707242,-2.0860758480998083,0.18606980728254044,2.744734616851803,0.5045001236724246,7.845613257490593,0.03997255337906624,-0.08179777384919316,-0.003038974195440281
1.4066424369812012,-0.42672528201353377,0.3847650446790195,-0.04272836630351676,-2.1438475820930987,-2.0860924408765515,0.1861395745346816,2.907597855885905,0.3600376210920374,7.728763603573247,0.0444793619742167,-0.07907149500897902,0.001300262397138402
1.4086675643920898,-0.4267357395651107,0.38477944909126066,-0.042719680160610035,-2.1438329091719193,-2.086080763221922,0.1861081489393496,2.6822530817530996,-0.19156298826119883,7.793785079100689,0.0573673896282159,-0.0816147612254359,0.00016582782573031953
1.4106924533843994,-0.4267317291994068,0.38477605437930734,-0.04273691103781063,-2.1438843417990325,-2.0860269828641185,0.1861357280949082,2.8406369903750237,0.508496122476344,7.785364583605735,0.03713544143374125,-0.08029380906786737,-0.007200701031090966
1.412717342376709,-0.4267223964661717,0.3847739538966583,-0.04273349450934216,-2.1438945737908774,-2.086063191863341,0.1861107007819225,2.3313075351526873,0.2503090512957086,7.838485130832709,0.04355982272694769,-0.09210593908642922,0.0017082490396952126
1.4147427082061768,-0.42671825661646773,0.38477519986623854,-0.04273662141326634,-2.1438901278574387,-2.0860454333185596,0.18609195981818047,2.7131426086759216,0.605853654276155,7.679582593722484,0.04019990396558158,-0.08057583312163841,-0.0007721223629884692
1.4167680740356445,-0.42673200311218945,0.3847650185525702,-0.04272813461216335,-2.14386368949954,-2.0860759152951767,0.1861192764352943,2.4261766535996547,0.5030845447004282,7.641424065650894,0.040251860182475244,-0.09040651974434458,0.0022038508845058855
1.4187955856323242,-0.42674769164884674,0.38479566233455376,-0.04270875620740067,-2.1438352337438515,-2.0859972773510345,0.18612192717721632,2.8874745911081434,0.6735790491286247,7.792637811409506,0.04171002753060667,-0.07873921985012275,-0.00354727594313826
1.4208228588104248,-0.4267419325059254,0.38477479592922825,-0.04271850044383729,-2.143794830392352,-2.086088477476036,0.18612777819239518,2.9071891884112566,0.6428454585223173,7.727971664447475,0.03964924911413753,-0.07797755992994072,-0.001911259808975209
1.422847032546997,-0.42672765817032837,0.38477218446315703,-0.04273542125213653,-2.1438563674409337,-2.0860915217953377,0.1860900734591423,2.612627227672701,0.06728019493747378,7.8787014760417176,0.04782962354196495,-0.08682305583823048,-0.0002876293238521753
1.4248740673065186,-0.42671773697101917,0.3847819583579133,-0.04273442707623237,-2.1439196352754077,-2.086023153784495,0.18611867239109,2.884123662657643,0.5633897511372121,7.8360751710635235,0.04233630828529325,-0.07891021947475896,-0.002893754109563805
1.4268996715545654,-0.4267307270245524,0.3847767363980642,-0.04272407960970259,-2.1438758843745194,-2.086036913633721,0.18612888193629204,2.743726039229929,-0.019972359510935206,7.743645389022067,0.051794802351940165,-0.08073678181028805,0.0003052911473038714
1.4289255142211914,-0.4267235942598016,0.3847823052689572,-0.04273222040673946,-2.143820091969395,-2.086099232090818,0.18607651955667437,2.8400868211772927,0.3417811997042781,7.94910875305729,0.04575427933006664,-0.07969274896176988,-0.000283004419983442
1.4309515953063965,-0.4267383813462655,0.38477695414777197,-0.04272706114462299,-2.1438272567946783,-2.0860799228170133,0.1861251117581111,2.982091447990502,0.43384763266336057,7.743815729862353,0.038965720206538844,-0.07762795382515392,-0.00485625999835656
1.432976484298706,-0.4267375717962202,0.38477832282278984,-0.04272536856094028,-2.143840050765862,-2.086065200087965,0.1861074937049359,2.5811543585329186,0.23352108435960015,7.755618369250406,0.048398590001905516,-0.08589531465896888,0.002677772621421005
1.4350013732910156,-0.42673172209567434,0.38478268512287755,-0.0427223121800972,-2.1438734461958933,-2.0860341182315056,0.1861265351459368,2.86213330412693,0.5440950612791223,7.575136158441396,0.04011995295042355,-0.08014487891509744,-0.0069210758478232826
1.4370267391204834,-0.42672040964397623,0.3847687271073805,-0.042738990048269254,-2.1438689544588634,-2.086093450846697,0.18608084852004905,2.4672902235153167,0.05599864715222455,7.85242762171324,0.04886471475100883,-0.09281993177231389,0.00610263483889803
1.439051628112793,-0.42673318497183715,0.38477988964861576,-0.04272651802545252,-2.14386883858514,-2.0860490330669483,0.18608845387001086,2.950392080118033,0.7231412812581086,7.802984324172814,0.039619279341897455,-0.07723882338492903,-0.0006649927529428917
1.4410765171051025,-0.42674202379250215,0.38479637073461215,-0.04270339632138409,-2.143778364120018,-2.0860401537384003,0.1860949321345132,2.661497957298269,-0.021939711644326967,7.751594090379668,0.05195758082334708,-0.0846293108600153,-5.535381678242919e-05
1.4431045055389404,-0.4267341067256892,0.3847743201053968,-0.04272162968435639,-2.143847323215903,-2.08606368624576,0.18614841754558023,2.5059802743785573,0.2305633003192636,7.843382637011445,0.04592335386276027,-0.0854996633383625,0.0011308825070414173
1.445129632949829,-0.42673371662339976,0.3847931971668211,-0.04271480103957717,-2.1438445077246637,-2.0860469065071308,0.18610049995799458,2.7313710205559127,0.5279747693304111,7.660120637735295,0.041374388147094286,-0.07948589215840456,-0.0014388207152881216
1.4471545219421387,-0.4267401925760455,0.3847786693487419,-0.04272586984314625,-2.1438418846019407,-2.086053771500944,0.18611654835143682,2.6046227822517314,0.20132260195198498,7.890252670742114,0.051081783534821186,-0.08542938696375968,0.002166847499183661
1.4491794109344482,-0.4267324414067236,0.38477161852339054,-0.04273060843949769,-2.1438377022244164,-2.0860925758802358,0.18608510355215008,2.8988379358212315,0.40523028600239036,7.646635754796373,0.042597276395344164,-0.0781128076490712,-0.009143760694560672
1.4512195587158203,-0.4267145760197938,0.38478618261936576,-0.04272760329076847,-2.1438590094019863,-2.086069757751017,0.18607357820325712,2.401690232755484,0.16645905713584297,7.67742323272516,0.041420133623024075,-0.09091170196368582,0.004134143481039973
1.4532456398010254,-0.42672874623816875,0.38479143238028574,-0.04272458244216032,-2.143855359858517,-2.086061318358003,0.18607872310097165,2.8790914492205335,0.3176915433727534,7.769304824757677,0.046876095308347895,-0.07583627898366407,-0.0032416695390656827
1.455270528793335,-0.4267399662307845,0.3847695649541814,-0.04272869556404943,-2.1438222272812095,-2.0860800309116976,0.1861308045705153,2.777749058324847,0.3926613663794921,7.636466718774771,0.04471085904121855,-0.08350658793210539,-0.0035362478870162124
1.4572954177856445,-0.42671318898259053,0.38476430927065225,-0.04274471937507862,-2.1439257893917354,-2.08607911057345,0.18610871807204948,2.4775282930509963,0.5196744137757797,7.7551819562603015,0.04063020878936272,-0.08772789229477397,0.0069234294054523245
1.4593205451965332,-0.42671795514200894,0.3847767518382514,-0.042737774246767474,-2.1438850496384934,-2.0860766167544296,0.18609289710429566,2.851246708824789,0.4040362857571068,7.587873540557309,0.04220783656493075,-0.077208182443352,-0.009203145679576868
1.4613456726074219,-0.42671957324551857,0.3847684084296668,-0.04273932210569284,-2.143865173700705,-2.0860978910808683,0.18612179880601842,2.88432383937848,0.3798152587017345,7.743626155327066,0.04111334015366064,-0.07848457013067245,0.0013591514495773973
1.4633705615997314,-0.4267271682483286,0.384795569083804,-0.042710340216144005,-2.143824122536153,-2.0860371371448703,0.18604231388034873,2.799783173961612,0.474350946139622,7.893686035725321,0.04239835620590394,-0.07880472301269639,-0.00200353530050406
1.4653961658477783,-0.42673090276085907,0.38476887319423403,-0.04272672519323295,-2.1438646556425693,-2.0860473867714355,0.18610561164239073,2.9472307699700275,0.6176506422572996,7.735965593899115,0.036587947755637035,-0.07830268347180319,-0.0012863065958384984
1.467423677444458,-0.42672113461918937,0.3847750633474984,-0.04272145568408861,-2.143906062498494,-2.086007483149828,0.18613513410061974,2.6396326914137243,0.1288538438966706,7.988799734523638,0.04690384642330895,-0.08583256179699425,0.00011801958049560517
1.4694485664367676,-0.42674895091627313,0.38474459661605176,-0.04273148703557586,-2.1438189246548087,-2.0861021509380495,0.18621253443397023,2.827272989944475,0.5156490850051785,7.808421831224623,0.04094656522879071,-0.07876805770463878,-0.003722685959105904
1.4714734554290771,-0.4267332971039366,0.3848031086360043,-0.04271144143120817,-2.14382029685918,-2.08601295948543,0.18608717776149103,2.7408878954656304,0.32800826512192405,7.798615224116975,0.041477105112126114,-0.08224771759608818,0.005022127748444915
1.4735023975372314,-0.426724917064692,0.3847828235558615,-0.04272231591314524,-2.1438702709481836,-2.0860517447850886,0.18606400440065615,2.814541294105062,0.44549822203799294,7.678562628433319,0.0412389466305548,-0.07938018757298394,0.0011165320821605752
1.4755275249481201,-0.4267423780918299,0.3847777213333441,-0.042710290625395136,-2.143809730365577,-2.086086101224289,0.18612676893402447,2.8072545592123586,0.16436768482558756,7.843939787265933,0.0485076249237238,-0.08167048476310372,-0.004402689893405682
1.4775524139404297,-0.4267423780918299,0.3847777213333441,-0.042710290625395136,-2.143809730365577,-2.086086101224289,0.18612676893402447,2.8072545592123586,0.16436768482558756,7.843939787265933,0.0485076249237238,-0.08167048476310372,-0.004402689893405682
1.4795775413513184,-0.42673166639447313,0.3847852723058488,-0.04271582867219029,-2.143849190457206,-2.086022389264867,0.18609664702931128,2.385151910809208,0.06215334486813867,7.833842871817078,0.04661925030874499,-0.08977707545821687,-0.001481782323104204
1.481602430343628,-0.42673166639447313,0.3847852723058488,-0.04271582867219029,-2.143849190457206,-2.086022389264867,0.18609664702931128,2.385151910809208,0.06215334486813867,7.833842871817078,0.04661925030874499,-0.08977707545821687,-0.001481782323104204
1.4836275577545166,-0.4267345252181719,0.38477445692167506,-0.04271079170120673,-2.1438242197038244,-2.086048299449695,0.18611484951679422,2.8873454245192107,0.5345322454811019,7.824082380501718,0.04331555553930264,-0.07764536662948056,-0.009063904829139316
1.4856526851654053,-0.42673837357562816,0.38479275303966826,-0.04271463042133131,-2.143848345219048,-2.086006010608801,0.1860926837174558,2.7431354596808797,0.3505906051893914,7.854799024713243,0.04600666976557974,-0.08092031504773323,-0.0030992029064636764
1.4876775741577148,-0.426739061811463,0.3847773102650851,-0.04271980194714936,-2.14383727437789,-2.086062203774306,0.18610617546639496,2.771924253064154,0.5247127317079169,7.72755039689907,0.039296264887377176,-0.07945620390763562,-0.004582832641330582
1.4897024631500244,-0.4267074348603692,0.38475439189351335,-0.04274910849008695,-2.1439125175540923,-2.0861327871509636,0.1861287761669166,2.4233900785837887,-0.1361920052289379,7.718412238393487,0.04974868588792103,-0.08749890669002475,0.002547275392866491
1.491727352142334,-0.4267299938546682,0.384781992069995,-0.04272982306462145,-2.1438546629840327,-2.0860408465382076,0.18613795457310373,2.969757970004787,0.4231707890510149,7.713012697699682,0.04193585678256426,-0.07792204291900405,-0.007742312506579622
1.4937524795532227,-0.4267203263016259,0.3847858868167024,-0.04272662268478983,-2.143863184980732,-2.086060248757371,0.18605638131149438,2.6527629100415124,0.22136931278295344,7.862058239322076,0.047246691581209,-0.08340686728089924,0.004943911741304248
1.4957773685455322,-0.42673003549186467,0.38477648371606693,-0.042710820369638886,-2.143854603979702,-2.086048472759171,0.18607763916574274,2.968549833074988,0.3625142583135872,7.76494364710033,0.043271650156157554,-0.0762741401890126,-0.0069667649651949624
1.497802495956421,-0.4267335744196053,0.3847805579018802,-0.042729053203259704,-2.1438239024223242,-2.086096325053251,0.18608500294914074,2.8363432831573494,0.46864357596552,7.713582748852722,0.038646829748567355,-0.07993530338884727,-0.0020869990921934907
1.4998276233673096,-0.4267326653250041,0.38477841047400324,-0.042707749032509734,-2.1438577630323787,-2.086050719629881,0.18610809538554293,2.6358096939912565,0.47064495042015264,7.81346159278137,0.04227876978368723,-0.08408914223306488,0.0005698915049437443
1.5018525123596191,-0.4267469916200162,0.3847647790408283,-0.042715538561012484,-2.1437924288526555,-2.0861157722004418,0.18613193824009397,2.902493875536199,0.6295301946999118,7.6518755162282455,0.039355487951514265,-0.07718326924276239,-0.005878588029621693
1.5038774013519287,-0.4267319922682084,0.3847901553100921,-0.04271239349914496,-2.1438515256106805,-2.086030145227833,0.18609861852708853,2.8213900493751876,-0.015576613596086447,7.805141913524426,0.051775718020799145,-0.08035780810855085,1.1034642829234331e-05
1.5059034824371338,-0.4267092099727485,0.3847615088299368,-0.04274055389909337,-2.143933578753167,-2.086054918996825,0.18610449479031277,2.936473425773213,0.5310572181332495,7.8288654051370985,0.041026349662517246,-0.07523572278467207,-0.0057907369147789465
1.5079283714294434,-0.4267227605066566,0.38477397934755675,-0.04273525128277955,-2.143858498303385,-2.08609254589482,0.18610723741466786,2.5454632649549254,0.1754692588890386,7.845287126571083,0.04480971376069331,-0.08732720340590952,-0.0027782895170321694
1.509953498840332,-0.42672657637189204,0.3847816141337807,-0.04271927616696192,-2.143846143204273,-2.086082039670149,0.1860639418589662,2.780540743433625,0.1610874254807578,7.912803773214245,0.048956263932935076,-0.08235078495268547,-0.00530839318937765
1.511979103088379,-0.42673499644164803,0.3847642095072021,-0.04272134157570928,-2.143854968865969,-2.0860838179938916,0.1861012257507296,2.9777667838027626,0.4056578921017219,7.597293603802317,0.043142808461883904,-0.07443824649687285,-0.006668610065027937
1.5140244960784912,-0.42671704445943026,0.384759882045628,-0.04274631009848709,-2.143880949968632,-2.0861230274778473,0.18613468772325717,2.5111693174087626,0.3075961177313308,7.7705017564525605,0.04631699327791178,-0.0874498911626539,0.0010948934659668896
1.5160496234893799,-0.42673358860558197,0.38475704308889136,-0.04272480461567352,-2.143828493179046,-2.08612774565585,0.18611629942222094,2.9831945609523167,0.4115963069402359,7.84725422903129,0.04474408330143186,-0.07634656046600159,-0.0019831247403478214
1.5180745124816895,-0.4267295331650943,0.38478372178543024,-0.04271546495722456,-2.143855667830995,-2.086055429596077,0.18611274330094454,2.732198301686365,0.5573812939141234,7.669876449533922,0.039045436362847484,-0.07967842832155624,-0.0029442385068577754
1.5200996398925781,-0.4267348922403349,0.3847807332112348,-0.042714834235214494,-2.143815348623924,-2.086082838364151,0.18608418371803695,2.763874553823987,0.08138072483084671,7.85829897784228,0.0485069200913012,-0.07890729992054273,-0.002899502054500032
1.522125005722046,-0.42672310209163,0.38476647494122035,-0.042739897206993505,-2.1438686898807093,-2.0861006037034233,0.18609084763333858,2.94367972937934,0.3977675210548318,7.717310784871829,0.04076698963880489,-0.07958448465472939,-0.00613543992364925
1.5241503715515137,-0.4267307391797349,0.384772601267035,-0.042722215067335034,-2.1438311919398587,-2.086080269986843,0.18613576536101734,2.4796951503012643,0.1737958101351236,7.857074011108519,0.04811221054191924,-0.08859042456641895,0.0011281918047725131
1.5261754989624023,-0.42672775852805744,0.38478637048159897,-0.042716606926804096,-2.143844810082317,-2.086040953502397,0.18609865744806675,2.8983727105223918,0.41297463132819306,7.817114342880478,0.03970023027809321,-0.0790524049402908,-0.006256517824660991
1.528200626373291,-0.4267211364249581,0.3847749519923176,-0.042718499888180356,-2.143898745959913,-2.0860303002038805,0.1861148808761712,2.6866537782474635,0.0678484178707926,7.741370658620274,0.04331470654470992,-0.08547824669861373,-0.0003002961828374503
1.5302255153656006,-0.42672099120598006,0.3847587069045766,-0.04273707367274593,-2.1438470815355783,-2.0861357021172102,0.1861036589079945,2.748729286272323,0.6560467912500766,7.815027992564477,0.03800020443766997,-0.07896112597358472,-0.004613821886057858
1.5322494506835938,-0.4267361222863404,0.3847661885506926,-0.042713592495504105,-2.1438015650209334,-2.086114059654169,0.18609013982742992,2.5999745909313012,0.5360186354436532,7.676349284022925,0.03585887211699464,-0.0833911169297775,-0.007146878763981486
1.5342745780944824,-0.4267214787992626,0.3847980064194457,-0.04271397229119964,-2.143866477061563,-2.0860183660480334,0.1861073453854597,2.657909061355771,0.1648706857379115,7.828701109478786,0.046101579502115284,-0.08046385755337941,-0.001888304922167093
1.536299467086792,-0.42672969444014375,0.3847585467471609,-0.04272843207886409,-2.143841037612221,-2.086108611125884,0.1861024473834146,2.8270570242996675,0.3230342506731626,7.737162634787835,0.042577668080902464,-0.07795262952174822,-0.006870813850361387
1.5383243560791016,-0.42671426217253855,0.38478716081176295,-0.04271065506002908,-2.1438703525898233,-2.08602388707356,0.1860814021613689,2.435034305298169,0.25567873717696166,7.830036921010929,0.045610769576665426,-0.08869687163983622,-0.001653392780872693
1.5403494834899902,-0.42671908612294646,0.3847654401843364,-0.04272868584128628,-2.143884912304944,-2.086071340095969,0.18612761994697496,2.711713222402465,0.552878473916467,7.743734475662122,0.038989341417108456,-0.08245882846667507,-0.004715714139761701
1.542374610900879,-0.4267150172156869,0.3847835400619451,-0.04271534767522517,-2.143901018399192,-2.0860376725987932,0.18607876799130862,2.589720720775266,0.10936166665499844,7.721486738497393,0.04382337498231253,-0.08705269268899189,-0.0019249455783452059
1.544398546218872,-0.42673764460966357,0.3847786022288667,-0.042720427027248736,-2.143818942711725,-2.086099398117687,0.18610874785196438,2.6931867421867857,0.5614970302206025,7.5836176374693025,0.03761861845491419,-0.08045480206018307,-0.0030219736188947105
1.5464224815368652,-0.4267216477424503,0.3847648269985818,-0.04272824498144365,-2.1439143928195734,-2.086027660249721,0.18616306442234035,2.770018006314998,0.5020979073416376,7.629131690116906,0.03714876719315972,-0.08230515783119877,-0.0030434166321033672
1.5484464168548584,-0.42673658931391345,0.3847541439173758,-0.04271929178797909,-2.143858333249917,-2.0860604615743306,0.18617393798298112,2.5642136614294992,0.1588038745984683,7.842871511437474,0.04634593350633644,-0.08464300221963984,-0.004290664841609373
1.550480842590332,-0.42674698779537434,0.3847884049589599,-0.04270163625509457,-2.143791585436893,-2.0860440721972133,0.1861017597614044,2.7920510819398956,0.6715715852111597,7.607991856107243,0.03802353556230289,-0.07932025322155892,-0.005379369039537047
1.5525074005126953,-0.42673488666503795,0.38476986677074443,-0.04271610519853805,-2.1438392414781045,-2.0860726115092154,0.18608604860943154,2.522784639408366,0.1222600561480357,7.663372741138954,0.04800383616982292,-0.08769333077519643,0.0028777756128873025
1.554532527923584,-0.42674572325576654,0.3847899214532422,-0.042699371458689156,-2.1438165627132966,-2.0860269414245627,0.1861175018644329,2.9411418072068507,0.5279010807052609,7.632680016989732,0.038196598042931636,-0.07453485180430273,-0.00873533475535181
1.5565564632415771,-0.4267391557668756,0.3847834953243997,-0.04270628714499741,-2.1438140432121306,-2.0860663098736163,0.18609204329586437,2.5142758277231527,0.25785007035440594,7.629416196481353,0.04141624582559759,-0.08763053913019804,-0.0027329270447603495
1.5585806369781494,-0.4267182586267336,0.3847593110762074,-0.04272640610349979,-2.143881183137095,-2.0860812087328124,0.1861416971354491,2.741134025198228,0.23124377441790966,7.72650053811141,0.04904451727085559,-0.08111260634093896,-0.004446066857522108
1.5606060028076172,-0.42672496806744864,0.3847713592836177,-0.04273260801491724,-2.1438206568213896,-2.086108709898589,0.186115546673972,2.9314004232529265,0.6173021874025317,7.706384505126003,0.037801064987355054,-0.07729543842878889,-0.0015537615072271568
1.5626325607299805,-0.42672610941986444,0.3847929624458048,-0.04270086365161735,-2.1438320663753068,-2.08605844519566,0.1860732068977934,2.343806794995463,-0.0664403378594067,7.70487342681774,0.05200589048803163,-0.09064598405210168,0.002209509032906556
1.5646576881408691,-0.4267270503759006,0.38478209190951024,-0.04271325884551336,-2.1438668498079374,-2.0860289562246654,0.1860915846685538,2.8656784161292963,0.6151937696098653,7.594739592483543,0.03740939696188376,-0.07656104632739578,-0.008211826027469124
1.566683292388916,-0.42672691532335666,0.38478216317351294,-0.042713067187121145,-2.1438218294706846,-2.0860795819779128,0.18605466775280685,2.3489667842826547,-0.1138888566736144,7.754118870101971,0.05023525186179115,-0.09041067276039425,-0.0006110064204344276
1.5687110424041748,-0.4267325311380216,0.38478471329829156,-0.042712652581112065,-2.1438496593593728,-2.086042184499428,0.18610782191355182,2.6885787747207823,0.48506514753102103,7.735393913186371,0.04318333730943573,-0.08299491911857212,-0.001070845462851154
1.5707378387451172,-0.42671962774204547,0.3847853817114407,-0.04271650512480096,-2.143884467764582,-2.0860264234662953,0.18610669202846966,2.4801575630782735,0.4073986628406454,7.611957297551411,0.03913485241081272,-0.08975885828052642,-0.0021028458518261668
1.5727636814117432,-0.4267250553640119,0.3847920310319517,-0.04271439402080171,-2.143847346038077,-2.0860539538029017,0.18606552897843193,2.5002134318066567,0.03635756561899292,7.781012985202294,0.05009320329091404,-0.08365607931672248,-0.005370841760184393
1.5747888088226318,-0.42671754827461944,0.3847779340555963,-0.042718461750103576,-2.1438962159680037,-2.08604342127117,0.18609239341134143,2.7058687817447593,0.48184253222840207,7.611730412163138,0.04100177725268062,-0.08465513077125807,-0.002044095721145503
1.576833963394165,-0.42672227938910456,0.38476691131128204,-0.04271462698770903,-2.1438660504842733,-2.086064091547218,0.18611941244777988,2.5973619724887476,0.00468034595086031,7.659105938050188,0.04803983433291568,-0.08470676678755112,-0.00030408100347886595
1.5788607597351074,-0.4267215790508896,0.38478336863708035,-0.042709731199449985,-2.1438753381084874,-2.0860556675643367,0.1860832144080041,2.7605835327093224,0.3600759291210286,7.548235040264874,0.043940425590392136,-0.08295795895966773,-0.00640751367286833
1.580883264541626,-0.4267355854834594,0.38477422630852676,-0.042706888807556936,-2.143838142615524,-2.0860506485948664,0.18614899291912546,2.489170882178305,-0.1683084891066997,7.729464063071653,0.053687683588910684,-0.08849667411830275,0.004412911614355863
1.5829041004180908,-0.42671944679137425,0.3847790905429969,-0.042720045078083024,-2.143883561598276,-2.0860260639541077,0.18611308984394864,2.77978193314745,0.5169489766725173,7.6275789800317115,0.04003198339467576,-0.08074434704772157,-0.007606307735229971
1.5849404335021973,-0.42672011910365437,0.3847623288950592,-0.04272568619829553,-2.1438582924874083,-2.0861012324976973,0.18611534685086695,2.5444875535867943,0.06390325551252718,7.753575756458112,0.04679677770752913,-0.08752899628696073,-0.00405408124628572
1.5869643688201904,-0.4267214152626114,0.3847889633350206,-0.04270466507573373,-2.143856091942242,-2.0860541301136566,0.18606929223396218,2.833142365009284,0.16634698699666084,7.743010486166843,0.04999565487490391,-0.07690614289493088,-0.006658722600198462
1.588989496231079,-0.4267274725144304,0.3847698815805152,-0.04271204707755927,-2.1438480257694503,-2.08607830626846,0.18609982357693028,2.88745965996223,0.4411480742289388,7.5726313864042645,0.04074755801523809,-0.07897372129914056,-0.002254013062872276
1.5910146236419678,-0.42672023985869434,0.38476178215226137,-0.04271685215395249,-2.1438850249537613,-2.0860775165195977,0.18610064636880744,2.738504306036706,0.219609266101943,7.736163088203621,0.04908279448774053,-0.08339927323486007,0.0033940844709799134
1.593038558959961,-0.42672197596588035,0.3847951076455602,-0.042702460342283005,-2.143838146991791,-2.0860476402959938,0.18606043401607017,2.687737367340967,0.34717858993201134,7.408383866995946,0.04075255996252814,-0.08352448191653897,-0.005294076466251421
1.595062494277954,-0.4267324515081469,0.38478413850822074,-0.04270215000908942,-2.1438571651632308,-2.086028315602995,0.1861080777517433,2.59110990376276,-0.0389248924991884,7.775146517973691,0.04766523200459343,-0.08584422209532772,0.003214996439352462
1.5970864295959473,-0.42674523507056905,0.3847696410996698,-0.04270541535395453,-2.143802925768867,-2.086088165079393,0.18612692697023442,2.9717448127455377,0.4809184562103426,7.689980557080604,0.039202547744041506,-0.07661445289572764,-0.0035239207923462674
1.5991106033325195,-0.4267296881195384,0.38477090978214984,-0.04271244462510776,-2.143852261444814,-2.0860606829506243,0.1861377980262745,2.6617996948967813,0.30756850662248386,7.680376227123329,0.04768040705306292,-0.08371912584824852,0.008142637055330084
1.6011345386505127,-0.42671925755123385,0.3847557171232677,-0.04272935095205699,-2.143848422512944,-2.086121880826845,0.18607760950348184,2.722635939951201,0.3952521062400767,7.676005726017673,0.04055808197595073,-0.08357277695344063,-0.008260885489236846
1.603158712387085,-0.4267441385179549,0.38477723167040445,-0.042701956814941655,-2.1437958293528996,-2.086094944112346,0.18612452039886637,2.602154220478983,0.1346444766717379,7.535373243160008,0.0439087393710521,-0.08905238624462224,-0.003290484979263218
1.6051833629608154,-0.42673144095590143,0.38477670046544515,-0.04270957837423858,-2.1438033098517226,-2.0860885438417203,0.1861095211045177,2.896758288593952,0.5072827115768122,7.603333436398376,0.04244523934376594,-0.07500991738707986,-0.0012874961850488451
1.607208490371704,-0.4267237973672806,0.38477837314531427,-0.04270267399626848,-2.1438646895962714,-2.0860553773438815,0.18610345603771694,2.8171736345267657,0.41882350464606327,7.663293574878509,0.03469211337534203,-0.07877106346327523,-0.004518105847494257
1.6092331409454346,-0.4267329922605626,0.38476405662755037,-0.04270433825398745,-2.143842008203676,-2.0860899013598013,0.1861093717470915,2.7457032885213266,0.2118467696074934,7.692514237415684,0.04771343078280254,-0.08176048121726111,0.0006035117244316598
1.6112582683563232,-0.4267360164828469,0.3847908704637186,-0.04269327700759287,-2.1438265772505614,-2.0860184503509633,0.1860930559164343,3.0824211419787746,0.3576565476968323,7.516233986035014,0.042679913225808684,-0.0725271100208373,-0.01005146392449101
1.6132824420928955,-0.42672267131133235,0.38477299086101446,-0.042713821004607244,-2.1438301153885866,-2.086114911610993,0.18607200982661976,2.4018781909221536,0.191723638936085,7.710490675329943,0.043651977903409536,-0.09252331771726853,0.00034027226729079624
1.615307331085205,-0.42672365911662075,0.3847757932012348,-0.04271245613423072,-2.1438428810466,-2.0860874794258524,0.18609978866956337,2.6507533630887528,0.4858337887980641,7.5530210788037815,0.036721652490793455,-0.07946621328884847,-0.006468192454964892
1.6173312664031982,-0.42673765343951753,0.38476941074934384,-0.04270997795168058,-2.143832209136985,-2.0860589625930968,0.1861277393837358,2.503562764245165,0.09046572550013232,7.660140152177459,0.04099888911228402,-0.08697638873882245,0.000706666014324505
1.6193561553955078,-0.4267382188389778,0.3848041006997567,-0.042679896253406846,-2.1438295109406234,-2.0860064282438535,0.18606549294715127,2.872877085518782,0.32805254228704267,7.770094413355506,0.041342851621654665,-0.08029985484613643,-0.005612045279124242
1.6213812828063965,-0.4267159060146605,0.3847673091275712,-0.0427132306485814,-2.143857674177487,-2.08609106581937,0.18609238621784016,2.6932547476526976,0.5049923602342405,7.549424268424293,0.035178439288888905,-0.08429049953137699,-0.0051432198383365
1.6234052181243896,-0.4267425013825675,0.38477662215132125,-0.042691748810631286,-2.143785839257317,-2.0860809544803094,0.18611112372999683,2.8838131280792454,0.40329039979922976,7.657854172652083,0.04092121822838497,-0.075413233243754,-0.0015565856163935144
1.6254394054412842,-0.426731992921792,0.38476667320601443,-0.04270738916219613,-2.143862045351905,-2.086061252975539,0.1861197657045721,2.610008512536158,0.3432237329631371,7.600657445398731,0.03697675280140955,-0.08467863667520936,-0.004258185903075266
1.6274707317352295,-0.42673273112743326,0.38476275988853725,-0.04270559906071486,-2.143779240580642,-2.0860991103514572,0.186147724235347,2.511333036213916,0.5315289671120471,7.690376004887353,0.03933644209592371,-0.08797032953673513,0.0033698135581622622
1.629488229751587,-0.42671107031355704,0.3847563157744339,-0.042707015491300404,-2.1438998299482215,-2.0860816574571714,0.18612280792485664,2.7744541858650975,0.5639309498155427,7.575304112182432,0.03824874244825859,-0.08272216418107248,-0.007901575006409936
1.6315085887908936,-0.4267221205833193,0.3847793680027719,-0.04269240781958761,-2.1438456589288797,-2.0860918400699333,0.18610526688524465,2.9902011821818544,0.5946031272594363,7.5151871372843875,0.03690959304364474,-0.07846245198620413,-0.007370337376109399
1.6335334777832031,-0.42672702281894515,0.3847754971237523,-0.042705021386652,-2.1438304614530033,-2.0860721628991583,0.18609727087414796,2.7305922486932,0.19746996828762817,7.519537153327043,0.04359184508953372,-0.08562185883042903,-0.0027262842662854015
1.6355586051940918,-0.4267325795199249,0.3847561511275141,-0.042703341829556846,-2.143845843959837,-2.086112720644807,0.18610564784537773,2.8236999713984545,0.4102685660452462,7.646549800734313,0.040345815421523566,-0.08239046650806972,-0.0051798561893281175
1.6375963687896729,-0.42673758852075366,0.3847786765934799,-0.04268700186507873,-2.1438114421794436,-2.086044871613557,0.18609116878607807,2.793713404428539,0.2566211645636166,7.6171782912548025,0.04361676674524348,-0.08303911870548385,-0.002291113231726691
1.6396586894989014,-0.42673839851834255,0.384782382697088,-0.042684440493868464,-2.14378871979329,-2.0860689413885347,0.18608325845703624,2.743588976867125,0.7921539976258836,7.557505804617069,0.0353540391109791,-0.08333535022759749,-0.0009005432168074966
1.6416847705841064,-0.42672555173997323,0.3847931831494658,-0.04268538213577569,-2.143835444781462,-2.0860389559786783,0.18604597353335978,2.877582653398054,0.3423009407050268,7.4953750062593425,0.04093732448934837,-0.07933011900480776,-0.0051092717318309494
1.6437108516693115,-0.426714188903246,0.38478724958260835,-0.042701757371411964,-2.1438770744953364,-2.0860354622486845,0.18607574521763773,2.696906357317019,0.49680318766945386,7.563415611666586,0.04055596203676293,-0.0833805858082612,-0.0024655685512616583
1.6457366943359375,-0.4267254887760834,0.3847749405296632,-0.04269339012845122,-2.1438459880305234,-2.086054673927245,0.18610323153383238,2.9146684118153474,0.6936777718959334,7.511575637846188,0.03242569007435376,-0.07778055795441566,-0.010356710756346312
1.6477625370025635,-0.4267217190619072,0.3847855567396765,-0.04269760262497213,-2.1438550547381436,-2.0860390008536913,0.18608899766516737,2.5550447393540408,0.0736094837737859,7.551285797467098,0.042048600930378176,-0.08899946168547203,-0.006260634907925871
1.649787425994873,-0.42672127327078463,0.38478786711798063,-0.04269043052336685,-2.1438257466209882,-2.086053567257576,0.18604052332219947,2.7667232087542346,0.5770465085218304,7.428416044202661,0.03369888237065749,-0.0819696863589655,-0.004996098451096387
1.6518125534057617,-0.42673541746243954,0.3847722943745443,-0.04269044094020133,-2.1438182819668503,-2.086084807039705,0.18612217348495233,2.4440496225440738,0.22658378254203915,7.383310353024441,0.04119912312434092,-0.09047674831570218,-0.0013297463095644484
1.6538364887237549,-0.4267116538426806,0.3847691305901494,-0.04269833933213585,-2.1438908717793677,-2.0860805380872134,0.18607657658812868,2.6822949040815978,0.404751702010943,7.499915267459883,0.040890575778892484,-0.08460592156311765,-0.005658903047634773
1.655860424041748,-0.42673010138226675,0.3847658609644468,-0.042690227419010934,-2.1438845347033566,-2.0860415124509926,0.18611597090564305,2.631128814397643,0.5570752225943394,7.463656298551453,0.032718804039178546,-0.08877885183613443,-0.005685132024759773
1.6578845977783203,-0.42672415669605185,0.38477541009801214,-0.04269664163489631,-2.1438399280268903,-2.0860719225028754,0.18609807805898898,2.5967235417040277,0.22839026469275298,7.473676133642191,0.04521087397202412,-0.08599579713457448,-0.00259876054028584
1.6599082946777344,-0.42673411419409085,0.3847787784782033,-0.042692659876626016,-2.1438393290636286,-2.0860374921181806,0.18612666150984059,2.6257042112201816,0.43821215935182395,7.437477623105539,0.032952404783377305,-0.0884488601488402,-0.0057043879262060546
1.6619324684143066,-0.42672661580263616,0.38477329166646473,-0.042682684546036576,-2.1438483289545602,-2.0860775835440513,0.18608670940302693,2.458283889001034,0.16665126187284873,7.647469012837723,0.042154945340869575,-0.091681149390138,-0.0020279958099270598
1.6639564037322998,-0.4267246553356573,0.3848054995315734,-0.04267811785244327,-2.14381076845142,-2.086013646237445,0.18604616101398544,2.689302360064965,0.3697666882034585,7.311553136451278,0.03621129595142984,-0.08362354334810457,-0.010729669021400818
1.665980339050293,-0.4267458597820391,0.38479099275235223,-0.04266859166263767,-2.1437863434667417,-2.086025995588308,0.18608293542373402,2.739800341238975,0.16344853902842074,7.486865202911973,0.04017321326476466,-0.0847234762544771,-0.001887924638487198
1.6680047512054443,-0.4267369275723243,0.3847753415496821,-0.04268779100411191,-2.143835373601739,-2.0860348386720586,0.1861030280548641,2.8374011976776874,0.4550480976299195,7.234291101756351,0.03558349271747992,-0.08187207649719788,-0.007600636387345815
1.6700282096862793,-0.4267253876028113,0.38478593260049143,-0.04268034796938511,-2.143838151216791,-2.0860256723013015,0.18606233833634284,2.3658419270592974,0.27137785518899293,7.485888880558061,0.039514868459443284,-0.09394648283704499,-0.001637899410434518
1.6720495223999023,-0.426710075177009,0.3847743262110191,-0.04269117693409755,-2.1438620792771723,-2.0861026882365192,0.1860707251394413,2.943904744489444,0.7300899622676869,7.389223916443226,0.026309446170197013,-0.08001912168187389,-0.011745065533805384
1.6740748882293701,-0.4267369246381659,0.3847920636061332,-0.04266530835547502,-2.1437646710921454,-2.086025617095096,0.18608468632067868,2.433180120665396,0.10113559900085792,7.5312985945829345,0.04108956323673421,-0.09304487680075221,-0.002076540332069475
1.6761014461517334,-0.4267277095317677,0.3847807996654644,-0.04267513683101137,-2.1438325294882103,-2.0860154383050347,0.18609327361328085,2.7779687376329134,0.6521310091299262,7.406620821510125,0.03417951141392638,-0.08445024348306888,-0.006574824814082949
1.6781253814697266,-0.42671920025475435,0.38476833994524917,-0.04268439379004893,-2.1438630243929286,-2.0860539657580994,0.1861081260342041,2.3537823878525077,0.1205870524034297,7.347587012481898,0.039774983202523366,-0.09327748473727258,-0.00516163070790789
1.6801493167877197,-0.4267359565718176,0.3847978971689562,-0.042672355797149675,-2.143812675234021,-2.086000932305659,0.18606412932498537,2.7448530668670426,0.3781583267501509,7.494006618851753,0.03703864905330205,-0.0823762610612179,-0.004892954468837434
1.682173490524292,-0.42673013884081595,0.38478306124648787,-0.04267948607035996,-2.1438026773949606,-2.0860510709147615,0.18608672696292833,2.5682134128227276,0.10122456974305497,7.560426933668789,0.03806185728300893,-0.09179227687165249,-0.0050375064007099285
1.684197187423706,-0.4267373154847853,0.3847788501334162,-0.042670026278700895,-2.143828780462557,-2.086055485499014,0.18612283428571372,2.862878756793979,0.2524914975109105,7.604161955188131,0.042033077305564624,-0.08081710681512547,-0.004121898016397957
1.6862213611602783,-0.42672983446288465,0.38477435403911364,-0.0426830786201004,-2.143836477961039,-2.0860691360852126,0.18609251435901242,2.4991445404414603,0.48247361869564775,7.3599401533647635,0.03203446294763562,-0.09158592522984065,-0.0024394695542286886
1.6882452964782715,-0.4267292220568824,0.3847895586836898,-0.042672203866549685,-2.1438254574485045,-2.0860043532501478,0.1861046181348309,2.6836855001205997,0.28098548516728655,7.352859582882222,0.04239439208275991,-0.08442609631222,-0.004713264001881886
1.6902692317962646,-0.42674327726186123,0.38478170723252725,-0.04267855703920906,-2.143770802513688,-2.0860667908404733,0.18610123332433984,2.5755914465589993,0.360878765386939,7.30248694964718,0.03511485154226467,-0.0920728312947937,-0.01045986276486088
1.6922931671142578,-0.426731371975423,0.3847833845987138,-0.042680535319250285,-2.1438025167037584,-2.086078318540351,0.1860654957567694,2.8066523288118734,0.15207389877822808,7.380997608837672,0.043038343966042225,-0.08235152663568791,-0.006173481467939109
1.69431734085083,-0.42671419302060976,0.3847665360813184,-0.04268451222573355,-2.1438351904115205,-2.0860800041668885,0.1860862596549308,2.7333367366708803,0.5404947430784576,7.1387318703222835,0.030106490297229022,-0.08406394586251137,-0.002480029956966631
1.6963412761688232,-0.42673376083850545,0.3847762945793203,-0.04266818543034412,-2.1438369804367965,-2.0860421899972494,0.18612168975765295,2.5758043377141737,0.2291332547875867,7.464058349642463,0.03988843661711425,-0.08753277166014788,-0.003248948785474776
1.6983652114868164,-0.42672470641664495,0.3847760382868473,-0.042674703546561055,-2.143811112662759,-2.0860790204926847,0.18609070656828947,2.858284871924922,0.6631100152711845,7.177858778427835,0.028663246608929178,-0.08465545426634914,-0.011772787320395266
1.7003893852233887,-0.4267237073487222,0.3847651250591876,-0.04267967583659449,-2.143864457972716,-2.0860488828705046,0.18613743066260255,2.6052671026480576,0.1682990919616326,7.285820653744529,0.040439967607614875,-0.08765254109386621,-0.0036125313405693874
1.702430248260498,-0.42672264293878764,0.384774090007563,-0.04266745756493223,-2.143805349942417,-2.086060425037616,0.18611267712652838,2.960307452041425,0.15020379040101473,6.9927134282344,0.037019327256909006,-0.0799594252821809,-0.007393398343725889
1.704458236694336,-0.4267207078405113,0.3847689861160957,-0.04268653748664847,-2.1438430731255016,-2.086074116274392,0.18610101466280518,2.44034438654555,0.11244977139307272,7.30936548070881,0.045283327711855226,-0.09144935479361493,-0.0005508584908733901
1.7064833641052246,-0.4267126512818915,0.38477923330979574,-0.04267918227511386,-2.143857497319087,-2.086048736609011,0.18607760338566562,2.8353735767096477,0.10842783088054933,7.35975333823355,0.04060035898324836,-0.08516398662917753,-0.008122117515451166
1.7085072994232178,-0.4267297399734691,0.38478681113083296,-0.042661158858947223,-2.143803328422257,-2.086044113431149,0.18608390689537255,2.623552598291324,0.15689050072952818,7.281136189407721,0.04116405684648168,-0.08926273838875673,-0.0011229752433762775
1.71053147315979,-0.4267305437065062,0.3847965920269513,-0.042651596590699614,-2.143785248233656,-2.086030640294477,0.18608455585853173,2.7791671261603104,0.6035746316583833,7.140887675557981,0.030038525587849745,-0.08561333545538961,-0.009356443505072677
1.7125554084777832,-0.42672555686750013,0.384786773281201,-0.04266280390753718,-2.1438064764854774,-2.086058450589506,0.18604772997330618,2.4334368326159135,-0.22489316682061644,7.3236050593150726,0.045491250827504055,-0.09492867263326306,-0.00731762816392985
1.7145793437957764,-0.4267404069981858,0.38476048091531484,-0.04266663556355371,-2.143775873594206,-2.086077307487761,0.18616082936193992,2.8654306568464225,0.21972267191280406,7.1763727081941,0.036332859338445274,-0.0842634599815921,-0.009480447417755325
1.7166032791137695,-0.42672657710117107,0.3848013318149488,-0.04265184863458982,-2.143812633245168,-2.0859991483976263,0.18605424614083857,2.71946855703166,-0.052690072147914935,7.3541039114418165,0.041549064970643354,-0.08433339188637523,-0.0036504244104293548
1.7186274528503418,-0.4267285667921911,0.38477165862108265,-0.04266965203271547,-2.1438315548618427,-2.086052080767085,0.18608757506368143,2.766462021101842,0.4762308623276792,7.148204443761514,0.030362274397167544,-0.08741143312411366,-0.011522040158687432
1.720651388168335,-0.4267221440048126,0.3847632295371304,-0.04267492131760481,-2.1438204209549845,-2.0860848883309355,0.18608481564006726,2.3292755992034095,0.053026640377506706,7.306855714133496,0.03815555280528953,-0.09651978398329147,0.00021438682717650828
1.7226762771606445,-0.4267332030644084,0.3847976593176393,-0.04265203840500273,-2.1437387778415484,-2.08603719788116,0.18603501755231613,2.727309521839943,0.3925701328888032,7.2540130496313635,0.03519766088140579,-0.0877698556371953,-0.005611979366105372
1.7247002124786377,-0.42673880251766844,0.3847993120239179,-0.042642924527045156,-2.1437618862759558,-2.086034467229718,0.186020572050078,2.6238897828532606,-0.17573448033220535,7.353297688230835,0.044443106328447245,-0.08770096546954542,-0.005924248936926596
1.72672438621521,-0.42674763238666735,0.38479168236908406,-0.042639803958591765,-2.1437440887552146,-2.0860515123664234,0.18609210781716487,2.7944687213280104,0.5018445439760796,7.275867980745131,0.02854976373473728,-0.0878816981976337,-0.0030381430170135565
1.7287483215332031,-0.42671769581819075,0.38478301552398975,-0.04266561570487934,-2.1438274708075302,-2.0860326557935696,0.18607618522601052,2.517897702543866,0.2608115104063217,7.2659593643655915,0.03971207572846464,-0.09024377549949482,-0.0030092083544006097
1.7307722568511963,-0.4267326836520199,0.3847766957434377,-0.04265366538537979,-2.143813918657011,-2.0860309487552455,0.18611498392668985,2.6665917224474898,0.5088686829773987,7.237706111675188,0.031926598631821804,-0.08850637862901152,-0.009606767171880729
1.7327961921691895,-0.42672075525413666,0.38479583468969986,-0.04264210205511082,-2.143811654096021,-2.0860207415382637,0.18608199865176223,2.603398713419299,-0.1751287600004186,7.38700205358793,0.043472061463334113,-0.0883398985409278,-0.00024334031125460877
1.7348215579986572,-0.4267194772934695,0.38478571273786355,-0.042662627994885044,-2.143817924405245,-2.0860486048403684,0.1860875760047554,2.7191965052816247,0.5435837105252981,7.104492035795499,0.028320663532580306,-0.08526934472490562,-0.006682586543760875
1.7368454933166504,-0.42672723040398297,0.3847782308980127,-0.04266288138200075,-2.143844586270973,-2.0860111952684943,0.18610131988042009,2.6842133545824276,0.20267660361361006,7.191849124434684,0.034726006791076715,-0.08772096359426727,-0.00019225562104389742
1.73887038230896,-0.4267262555451107,0.3847674123869533,-0.04266082206311908,-2.143840691612437,-2.086031569485485,0.18611950066822883,3.021248666401534,0.5116116049602952,7.1667703950271155,0.02820001199811524,-0.08293277314605417,-0.010708421503399785
1.7408943176269531,-0.42672735123952715,0.3847816634317412,-0.04264720408789813,-2.1438072549786638,-2.086039219401837,0.18603187069075422,2.428912360613552,-0.17531298109191537,7.204529080494462,0.04347714602820751,-0.09283294174185674,-0.003735170115817894
1.7429182529449463,-0.42672433202325877,0.3847803546336936,-0.042648658951006974,-2.1437932233960204,-2.0860647643720394,0.18606714667367266,2.7562207775919814,0.48017034632882183,7.155730251464299,0.02804316080535434,-0.08644543672534179,-0.009971981551158776
1.7449424266815186,-0.4267525216041338,0.38479790950129483,-0.04262920435581491,-2.143749315216882,-2.0859963346213584,0.18610823036551274,2.5889497717409498,-0.16781193439575426,7.305907588241234,0.04088566991752561,-0.09108916932517445,-0.007116409522019978
1.7469663619995117,-0.4267363109232678,0.3847662859315195,-0.0426499096812466,-2.1437678511261145,-2.086076373587693,0.18610254725934983,2.6774335377974676,0.24343149091643895,7.194738779788937,0.03203965263926907,-0.08866667426559202,-0.008354897276264747
1.7489902973175049,-0.4267295556901349,0.38479151356144553,-0.0426446612238037,-2.1437785031199703,-2.0860245500991668,0.18604543973219512,2.606851536680648,0.12049648636734847,7.2462014590904085,0.038473322197928254,-0.0889646347352484,0.002089648956538983
1.7510144710540771,-0.4267461733744373,0.38479178807791825,-0.042638333608845475,-2.1437464354496973,-2.0860246079860785,0.18606777114028653,2.9650434155695513,0.43601986968626527,7.114747960279498,0.029405711363336137,-0.08309212629658465,-0.007434195735724246
1.7530381679534912,-0.42672249204632806,0.38480633149298565,-0.042642614698317344,-2.143785352910862,-2.086015877194252,0.1860361411299356,2.4525984850224383,0.11086837460961227,7.302511913379407,0.03904544601577875,-0.0907801009880699,-0.0040213618533600165
1.7550623416900635,-0.42672148322935666,0.38479665911459865,-0.04264627592581849,-2.143798513446188,-2.08601008674638,0.1860406975822643,2.7048722173684183,0.42826779497010825,7.01169528229379,0.034374629569418585,-0.08246674325424576,-0.006770883113480902
1.7570862770080566,-0.4267268044172602,0.3847755174339466,-0.042650581505040114,-2.1438004762141585,-2.0860710050197695,0.18609630767156995,2.641350958575441,0.05583819065554227,7.296999459420901,0.04463951593328609,-0.09109481545557128,-0.0033775632622884038
1.759110450744629,-0.4267295604228244,0.3847732119844647,-0.04265168904131417,-2.1438020068476633,-2.086043798603929,0.1861088286328176,2.7103429617416355,0.48637595977541437,7.071986456263724,0.025256735156617204,-0.08838898943925522,-0.007267953284818187
1.761134386062622,-0.4267429727484041,0.3847793680332282,-0.04264097964870914,-2.1437618432065544,-2.086049037691306,0.18609849457471433,2.470898835812755,-0.02937828982213124,7.204351762340558,0.03572881573350531,-0.08690197048147655,-0.005644392840587419
1.7631583213806152,-0.4267439015259459,0.3847642775526993,-0.04264797594970865,-2.1437498041277334,-2.086098398239896,0.18610995613057812,2.9385040074810638,0.3761149060635829,7.045979509221073,0.03412543664232916,-0.07977959547819057,-0.01175344604359498
1.7651963233947754,-0.42672014078782633,0.3847620214221383,-0.04266765138202466,-2.1438276451807576,-2.0860706294505125,0.18607742953527798,2.5054571036072986,0.0380804744025908,7.327732923139142,0.04503097270268865,-0.09606730907026109,-0.0032693241365169996
1.7672204971313477,-0.4267390036490496,0.3847922209783062,-0.04263759099731562,-2.143776807584263,-2.0860168793611087,0.18606293003600255,2.785907981896262,0.6775738109568432,7.10928373249207,0.024593221461316175,-0.08856229673926022,-0.006671085988994532
1.7692456245422363,-0.4267251336971391,0.3847643629997006,-0.04266529921410636,-2.143835157006569,-2.0860615294851867,0.18608430374355375,2.5079367996007993,0.2560098960109033,7.090044503172415,0.027749881708025392,-0.08824523298301935,-0.0019797919729944878
1.7712681293487549,-0.42672552564338406,0.3847464099093187,-0.04267054246908855,-2.1437889231524228,-2.0861475522798703,0.18608785298937036,2.742094746994815,0.3007343778111906,7.062780575602621,0.028216672421059946,-0.08491071819002342,-0.009461015083122734
1.7732865810394287,-0.42672492299113257,0.3847744010889846,-0.04265109779320764,-2.1438093277177,-2.0860545990332295,0.1860891771402494,2.625447707967428,-0.02878371299494488,7.170381047178622,0.040781845555793075,-0.09038654265412799,-0.004467672562823869
1.775303602218628,-0.42674637835998896,0.38477634849245274,-0.042641085752970764,-2.143792727938495,-2.086009644090566,0.18612336439437674,2.8153515277318943,0.5004315469009608,6.912941528098765,0.03210838916992498,-0.08417416513258859,-0.007252038341390012
1.777320146560669,-0.42673157439475606,0.3847696651487797,-0.042659396904503544,-2.143770168985322,-2.0860778572053627,0.18612563992334746,2.5687855380257503,0.04840578447105873,7.0552243438899715,0.03994306512146398,-0.08838820881853458,-0.008491879372971313
1.7793357372283936,-0.4267339326131778,0.3847603037573568,-0.04265248572436417,-2.1437730519934535,-2.086107645063177,0.186084337578108,2.678915754528937,0.35867543135147306,7.115269292009708,0.032443983393735436,-0.08912574885952601,-0.009645430050978102
1.7813549041748047,-0.4267106962524547,0.38478165482316656,-0.04265629164880008,-2.14384357352598,-2.0860376785453765,0.18606334257133203,2.5311574518248703,0.29906312439366,7.248677325629519,0.03257818574922926,-0.09040796120116676,-0.003033514530314586
1.7833948135375977,-0.4267315578618303,0.3847812414512746,-0.04264014582945014,-2.143772738310967,-2.086050331139019,0.18608778418629623,2.8358641972204355,0.17932178837962554,7.044732782132105,0.039134734323000804,-0.08354329686211139,-0.008343228812258597
1.7854206562042236,-0.4267157241784873,0.3847754888262751,-0.042657777633341165,-2.1438139449740707,-2.0860455936969813,0.18608597890969855,2.576044234770208,0.0427463204175037,7.259152198550043,0.04642648070132235,-0.0887533794960969,-0.008210954377921758
1.7874455451965332,-0.42673817701869954,0.38479116916183953,-0.04264751306168796,-2.1437619819532805,-2.0860352236628295,0.18603992738264782,2.622895326946786,0.11562278775205301,6.975652164476691,0.0385783940935584,-0.09035099040959567,-0.01442837512508789
1.7894706726074219,-0.4267204157125095,0.38479482581477903,-0.042647278103940756,-2.143804323435443,-2.0860144392396713,0.18604388393586924,2.7651693473432575,0.11194249501830475,7.236997512341953,0.035576512755316765,-0.08537310022850861,-0.002784360743443579
1.7914955615997314,-0.4267272786561938,0.384804969892274,-0.04263857348641692,-2.143759779019021,-2.086044424742509,0.1860409573818321,2.5764042934943534,0.3711531722455155,7.186633550654761,0.027439639795147124,-0.09011006671180533,-0.007984308022490522
1.793520450592041,-0.42673856986764686,0.3847831133237106,-0.04264142472911675,-2.1437179949460767,-2.086095233240134,0.18606407054476545,2.763737368752067,0.18329926939886249,7.079196055557802,0.03490470278896824,-0.08829262276723636,-0.014051602972916386
1.7955453395843506,-0.42673252926909566,0.3847867553320771,-0.04264601020848158,-2.1438017134890677,-2.086014996178771,0.18612248480711036,2.542007397699797,-0.14959180785236342,7.147916493249288,0.04445675218214775,-0.08946204673354877,-0.006462846235554665
1.7975704669952393,-0.42672691671744833,0.38478587024847827,-0.04265241505352638,-2.1438277866705246,-2.0860118510931005,0.1861067820239959,2.841983189735295,0.16431862867549082,7.050408943939173,0.03211226037409713,-0.08417247435483591,-0.006722945308113586
1.799595594406128,-0.42672497912738094,0.3847744783428114,-0.042656011068642696,-2.143835191506091,-2.086039752075752,0.18609451790417003,2.7003939497809446,0.3034167843539588,7.2621352549031055,0.0350394470126945,-0.08430037742979878,-0.004119652699633926
1.8016204833984375,-0.4267319370371467,0.38478436465592414,-0.04265165422819053,-2.1438063709698145,-2.0860403157713647,0.18609042633010822,2.6381184692706436,0.17555888750086904,7.109047434299655,0.03498435472520995,-0.08959725277843282,-0.007250561368604399
1.8036456108093262,-0.42672115074042927,0.3847768942416567,-0.04266064569500494,-2.1438174162797203,-2.086053878282225,0.18606714251963785,2.6998609430851284,0.10033034689081419,7.20934963008927,0.04105165307243224,-0.08409486338505848,-0.005762779743419785
1.8056704998016357,-0.4267301468189015,0.3847625116036055,-0.04265571632553819,-2.1437968444730617,-2.0860746847645535,0.18609353673093118,2.8085595474137577,0.2782999816655368,7.053427171795543,0.03192362815697112,-0.08664380400719078,-0.005879830771515363
1.8076953887939453,-0.426723261543021,0.3847615910900684,-0.04266132898775646,-2.1437913115697205,-2.0860925243136217,0.18606615158346684,2.813715437481356,0.3614669770777385,7.384759795819968,0.031034931733205606,-0.08370530650004526,-0.011661954913813007
1.809720516204834,-0.4267399729472497,0.3847652070543978,-0.042654754975630205,-2.14379120670277,-2.0860658248372963,0.18613776672060095,2.8355784545061375,0.06688593823639882,7.205033569260901,0.03275762099799137,-0.0845566100752449,-0.009075325231085889
1.8117454051971436,-0.4267315643285735,0.38477473858447553,-0.0426550665664551,-2.143811645847597,-2.086038057175232,0.18611608055991627,2.570046544885952,0.12879615289693647,7.2714443826628345,0.03774447217819266,-0.08881624081125564,-0.006646771373256149
1.8137693405151367,-0.426741847758374,0.3847643983663481,-0.04264707263547271,-2.143781382667855,-2.086073595361207,0.18611398568442297,2.676812425028783,0.3547339285592253,7.0802428433385245,0.03383210777112307,-0.09006523726063065,-0.00944498573568118
1.8157932758331299,-0.42671938751155447,0.3847750136348727,-0.04265521425945368,-2.1438294807277813,-2.0860416440698217,0.18609849901361253,2.7333579393972567,0.11559490109520876,7.20647768412038,0.04396581239375144,-0.08811021615737478,-0.0014372958663334788
1.8178174495697021,-0.4267398470496856,0.38477802212119644,-0.04264524337095532,-2.143735476905754,-2.0860732715963426,0.18609502578333278,2.837732794475519,0.10517165736334338,7.098785687372157,0.0371670026238025,-0.08768032236599094,-0.008316119965320518
1.8198413848876953,-0.42673764763571903,0.3847722056488476,-0.042649032875954646,-2.143733768910892,-2.086084524500369,0.18610278930706264,2.8319229241985235,0.10344102111296843,7.396711027924731,0.0389377389718519,-0.08263893667911523,-0.004059092083616444
1.821866750717163,-0.42672783665335917,0.3847747382863137,-0.04265112314717817,-2.143796640851127,-2.0860622249665686,0.18609955420833782,2.532985450669493,0.10360476890753409,7.169905824909808,0.036632177175257644,-0.0924294315628394,-0.00546518047045391
1.8239293098449707,-0.42673024788562197,0.3847765331213174,-0.04265098124758207,-2.1438047153403477,-2.086017522919626,0.1860969448563559,2.8398214761565326,0.06917983391026553,7.23175982396755,0.04268099178425261,-0.08488417686464989,-0.0036919087491357194
1.825993299484253,-0.4267338765211648,0.38477680930450986,-0.04264695323363854,-2.143795209508781,-2.0860316238671786,0.18606960281839205,2.5516540369971694,-0.2468966821327015,7.148196139521774,0.04514553338430906,-0.09528232422319581,-0.005003038536232799
1.8280308246612549,-0.4267453279608263,0.3847899569137569,-0.04262211989505413,-2.1437313588132896,-2.0860291877169264,0.1860754128082702,2.7927796031042282,0.42287940882972164,7.317187743284451,0.031346975539854674,-0.08435374322383457,-0.006887640978372365
1.8300492763519287,-0.4267369061268519,0.3847729132270389,-0.04265337782173384,-2.14374669438168,-2.08609408392729,0.1861045627646454,2.699144558105641,-0.21026357507957094,7.324581817391095,0.042003616234063616,-0.08587000444000584,-0.0018472691425049119
1.8320708274841309,-0.4267419396309812,0.38479471328415177,-0.042643869465761874,-2.143749997070241,-2.086033835204439,0.18608768691016464,2.795785752068234,0.09278070595499757,7.295830409918725,0.039542173845518315,-0.08355811247355092,-0.008764353073897689
1.8340954780578613,-0.42673191465533133,0.3847870589881039,-0.04264383071243405,-2.143798401221587,-2.086000324816255,0.18612298231081553,2.5923182801029148,-0.20216633583311255,7.271420066181468,0.04473618750051409,-0.09158197410571933,-0.005069638247346891
1.836120367050171,-0.42672248857709055,0.3847772867296934,-0.04265214323228142,-2.143779475922825,-2.086069433376225,0.18602950060767295,2.9093251378610603,0.6073479283031105,7.218195947798415,0.032418580758612425,-0.08481629597132359,-0.009906322563995073
1.838144302368164,-0.426723550747558,0.3847892138299724,-0.042647583004368134,-2.143810789300858,-2.0860202303093405,0.18607790298568672,2.3850202522833612,-0.10001766206433996,7.264114179102915,0.04331771260180241,-0.09549386906108213,0.0018297691570472105
1.8401682376861572,-0.42673292327480805,0.38478406885243466,-0.04263785878750567,-2.143749169364178,-2.0860464105376932,0.18606629909336486,2.768692386561735,0.4243546699976877,7.3558246050836305,0.03233036001806237,-0.08230477149009434,-0.010632346628331934
1.8421921730041504,-0.42675055951559,0.384790608634486,-0.04262961019045991,-2.1437181378791315,-2.086039214996906,0.18608558631983904,2.493386151474164,-0.055699901533728335,7.378848233048628,0.04188274591134799,-0.09320526241293851,-1.3484986249912706e-05
1.844219446182251,-0.4267301721610954,0.38479457056955224,-0.0426489931182405,-2.1438050075532753,-2.0860152717219282,0.18604708354241364,2.964541683001934,0.39296028774101277,7.156963586168149,0.0348853441563039,-0.08233405393931484,-0.00892028043587986
1.8462448120117188,-0.4267130709539917,0.3847722206345966,-0.0426721951410072,-2.143847866808932,-2.086042337917153,0.18610289149689488,2.4948547158512033,0.014415077765072448,7.23004574806353,0.03978276967583871,-0.09347563891222799,-0.0019428618398616105
1.8482694625854492,-0.4267250341447694,0.3847977102652304,-0.0426367941430294,-2.143819240795072,-2.085978674746411,0.18606315854091882,2.8459077648499838,0.34793943044303444,7.295960324998889,0.03544467238200884,-0.08219620261246212,-0.002992033638590425
1.8502933979034424,-0.42672582503915113,0.38477198930256784,-0.04266014062486173,-2.1438220331462725,-2.0860581135141087,0.18606124151447928,2.661983072942152,-0.10588757354652627,7.2266289183183625,0.04012407724881673,-0.08900713199796487,-0.0023780072460563373
1.8523173332214355,-0.42672669014916087,0.38477073882790025,-0.042653973754622876,-2.143785397464815,-2.086074502710586,0.18608143336522814,2.8822008331802067,0.1601072587733128,7.425065604535565,0.03894880166218189,-0.08443454328029135,-0.01103321850418686
1.8543412685394287,-0.4267386541038124,0.384757184464609,-0.042655073407086824,-2.143785563196451,-2.0860609275382473,0.1861070703770966,2.618887482256826,-0.3507412548323154,7.315997303526957,0.04859034373476468,-0.0892116241723342,-0.002907986724602847
1.856365442276001,-0.4267442002643634,0.38477779703933906,-0.042636606609927685,-2.143770551675113,-2.086020394595538,0.18609465484991924,3.0907783281178927,0.3532909311881891,7.138883395643097,0.03623662595491913,-0.07752398271610741,-0.012705838719676886
1.8583893775939941,-0.42672010011295436,0.3847831817807612,-0.04265947562868705,-2.143842929529523,-2.086029216825794,0.18608113793198994,2.601676996452948,-0.18169259015516337,7.305354437532211,0.042315705600686204,-0.09158170938050438,-0.004119710824865768
1.8604133129119873,-0.42674785367954393,0.38479098905675696,-0.042633383373036904,-2.1437158272651917,-2.0860730842246697,0.18604650489267843,2.991823522281714,0.5078329483832837,7.150409055356419,0.029624240447718365,-0.08088964005404273,-0.007622235149499062
1.8624372482299805,-0.42672433335211,0.38477561622062734,-0.042652162914819436,-2.1438030037528395,-2.0860663897191625,0.18608396958935194,2.5940480380539936,-0.116059684189465,7.357139596494947,0.04337272259303528,-0.0936677554077846,-0.007205617797618153
1.864485502243042,-0.42673608614627423,0.38478877494799135,-0.042648323591700954,-2.1437915205886884,-2.086028831809927,0.18610039790906294,3.0021185028493877,0.22172527007610943,7.241953373446362,0.036268427643241,-0.08147405890889771,-0.009186525660673704
1.8665142059326172,-0.42673556806007856,0.3847558272410049,-0.042655844225782225,-2.143796811112391,-2.0860760558618137,0.18613777079808178,2.5539685598967257,-0.25793942191256075,7.356809907942465,0.04112314603069737,-0.09226540668136947,-0.00968392084086199
1.8685524463653564,-0.4267230644320762,0.3847688570183641,-0.04266126213195651,-2.14378672505529,-2.0860951835993093,0.18609812921168295,2.992473327496243,0.44566555251251055,7.119340300542648,0.027740912473033914,-0.07976015442408227,-0.008664959875394862
1.8705763816833496,-0.42671976239463727,0.38477456903721424,-0.0426536880380077,-2.1438142466296317,-2.086057522405278,0.186066788737869,2.5643226572026796,-0.23331204431754754,7.262975190970782,0.044501642084613276,-0.09231714755651925,-0.0051794610273951
1.8725991249084473,-0.4267337828557888,0.38477010300859504,-0.04265880314280379,-2.143801302199554,-2.0860369473069804,0.1860909041919334,2.8147600298078252,0.1947060770619998,7.225744139590171,0.03566051708867496,-0.08700176732336408,-0.009945893289638272
1.8746187686920166,-0.4267356267967476,0.38478406389257136,-0.04264292468600145,-2.143770080939341,-2.0860408274715874,0.1860623528534544,2.4880906174289406,0.10632432426723115,7.164752092960383,0.03903471863319984,-0.09161573979773306,-0.0066519688134594425
1.8766403198242188,-0.4267312161404422,0.3847917180827531,-0.0426492071208375,-2.1438008053418494,-2.086028643309108,0.18607260014206733,2.7731715533617383,0.4465213954631706,7.068346514292416,0.03103558857451288,-0.08663104398319879,-0.012816384946106579
1.8786838054656982,-0.4267294240853849,0.3847751400556399,-0.04266404102573429,-2.143818678153699,-2.0860501384222934,0.18611055594478879,2.556461475847139,-0.2972085626916547,7.258502019193583,0.04792613607544921,-0.09064560819926,-0.0014488232354791832
1.8807084560394287,-0.4267397788330174,0.38479116916224915,-0.042633123758741065,-2.143775933641639,-2.0860240051245134,0.18609390051105665,2.798018182099578,0.4074099878526136,7.106890200750038,0.031119137780566873,-0.08521188147798307,-0.007638980771671028
1.8827333450317383,-0.42674876362138964,0.3847893894295409,-0.042631323614839206,-2.143718350814535,-2.0860392365018776,0.1860804481907768,2.4825993219605773,-0.14069019329897975,7.233900381219498,0.043564569425225214,-0.09429820864777616,-0.0005714545814680776
1.884758472442627,-0.42673127845760733,0.38479369184226747,-0.04264293476472239,-2.1437809283134026,-2.0860135246704594,0.18605632300046057,2.997247874961875,0.40689995682118185,7.190008700303279,0.028313579510921158,-0.08483641903899901,-0.008130768112387622
1.886793851852417,-0.42674776767426437,0.38479875753446063,-0.04264052034415852,-2.1437241875501623,-2.0859980133354123,0.18604113633075195,2.6248998984553324,-0.06976144732351026,7.349619967222247,0.04131110846427593,-0.08963460363580189,-0.004567223020695121
1.8888185024261475,-0.4267428371538618,0.3847985351324757,-0.04264154901979411,-2.1437478460629023,-2.086031995956225,0.18608030579453105,2.690917339519051,0.06994525573896901,7.209719999649757,0.03364985798993039,-0.09079486192870273,-0.006840218176332102
1.8908576965332031,-0.42673637822644184,0.3847872354716442,-0.04264347405672131,-2.143770843547697,-2.086020209909769,0.1860854910149298,2.683635414542665,0.05196723459353178,7.237762998639189,0.03853004385375302,-0.08560182668660171,-0.0048440679765029155
1.8928825855255127,-0.42672349144111704,0.3847737667975646,-0.042654416586364874,-2.1437863567072855,-2.0860683736699595,0.18609021780071672,2.759768330847436,0.15913522361350607,7.08327283177935,0.029511773309826378,-0.08993751823062617,-0.006268049054316981
1.8949074745178223,-0.42672525438237824,0.3847747884431943,-0.042661738036656655,-2.143792351185104,-2.0860649641174387,0.18608625213166277,2.6703656453210662,0.1683054063263568,7.237824133945428,0.03708282055807502,-0.09223002444024646,-0.0035796235049012784
1.8969323635101318,-0.4267294889688091,0.3847913989817488,-0.04264472386097112,-2.143741697922075,-2.0860602997794064,0.1860417945434221,2.5544757295545484,0.2575835324841806,7.154882033584651,0.028333043059895358,-0.09520516981435716,-0.0054064924919335405
1.8989574909210205,-0.4267408463874943,0.38478585124961606,-0.042635464674876694,-2.1437604659617198,-2.0860069638080425,0.1861031921851273,2.5421906497757103,0.1449862675469994,7.135651884345915,0.03464892242104674,-0.0920749948380569,-0.006567760430636133
1.90098237991333,-0.4267303029847451,0.38479294108359846,-0.042642513982762725,-2.143791258842653,-2.086027882037041,0.18605063833437271,2.596502546651889,-0.15831986241240487,7.110214927587618,0.03894603384124712,-0.09322951600932508,-0.004387522319835692
1.9030063152313232,-0.4267368817403925,0.38477499183793695,-0.042648753036557824,-2.143746730395935,-2.0860604696672214,0.18608976912006941,2.836272034289829,0.31150238920560813,7.358609837535853,0.033049864114936045,-0.08813694825388545,-0.00831581251800563
1.9050304889678955,-0.42672164995960066,0.3847746982280531,-0.042661396947411195,-2.143835036284937,-2.0860333932441724,0.18612051917164993,2.6394953597760358,0.11402762238871475,7.197511169460032,0.03491570985593933,-0.09391766854615785,-0.004819070073080657
1.9070549011230469,-0.42672435966321404,0.38480789143288807,-0.04263938671946535,-2.143779420765187,-2.0860113214573532,0.1860615349230989,2.928039606183419,0.40099875564950227,7.155575505724065,0.02884391582525829,-0.08512200243698018,-0.003834926597622252
1.9091293811798096,-0.4267560115060758,0.38480882735797584,-0.042624723547987936,-2.1436807623028975,-2.0860104775024917,0.18604069770698878,2.5272614682276595,-0.2032475543395721,7.3680508727784195,0.03883088403222616,-0.09126788798803002,-0.0035436575753396747
1.9111533164978027,-0.42672497068639254,0.38477859161176853,-0.04264654910796825,-2.1437969047699963,-2.0860387387981745,0.1860692822601763,2.8068673253859364,0.2251194087364763,7.339706529400101,0.032561305830191976,-0.08679301592045502,-0.009467647650250021
1.913177490234375,-0.4267275522266069,0.3847830863613103,-0.04264848315046402,-2.1437776466057734,-2.0860536750858034,0.18607708606025705,2.6364167138256596,-0.3798105437551847,7.389769013779793,0.04252021713526575,-0.09142244193564641,-0.0009789540851580045
1.9152014255523682,-0.42672671480006463,0.3847920475846276,-0.042638005203272544,-2.1437979708021544,-2.086010978853357,0.1860875500852621,2.916041633727917,0.24257638346390273,7.2136684089462815,0.028791436594151235,-0.08440213641012442,-0.013020706490467888
1.9172263145446777,-0.42675150345606677,0.38479227954948364,-0.04263020944754786,-2.1437342400405814,-2.086028416856847,0.18608841719373276,2.57981388759465,-0.2006084216111677,7.388464684411122,0.03704580001480601,-0.09225453220829417,-0.0033625076176000586
1.919250249862671,-0.42672260875384754,0.38477744055787866,-0.042653992987797484,-2.1437933871736923,-2.0860508771063127,0.1860296450372638,2.6798925376294243,0.12990764654260495,7.228723622629349,0.029309760971667088,-0.09070738089678376,-0.005982023242914093
1.9212744235992432,-0.426746390012439,0.384783735358146,-0.04263824932431445,-2.143752158063909,-2.0860629393873884,0.18606961794552612,2.927846190817709,-0.03306351440617694,7.499682535467691,0.03732878757088051,-0.08470516005513082,-0.0056999784416336095
1.9233219623565674,-0.4267343568061054,0.38477962765341306,-0.042646721004545474,-2.1437894670099427,-2.0860345222824592,0.1861071491219548,2.7110352086379708,0.11330896679762595,7.31759918709438,0.030832887809190374,-0.09255887895008087,-0.010337783488045767
1.9253480434417725,-0.42674145015889214,0.38478566984952534,-0.042641280311657176,-2.143723128166599,-2.08604219154815,0.18605829759024958,2.8440446433629685,0.19826749092897653,7.321578192771864,0.03584433659536535,-0.08755566826409589,-0.006583318671036017
1.9273743629455566,-0.42673120564768996,0.3847912820333943,-0.042644374202729346,-2.143786403190129,-2.086003528259245,0.18608456714114935,2.5876159458907324,-0.1897627793634486,7.237259838271774,0.033765845931060814,-0.09379898686423596,-0.003526255160425657
1.9294078350067139,-0.42674640023475696,0.3847895154124116,-0.04264405340678207,-2.1437427839435714,-2.086015186022479,0.18607109727564555,2.784310962006723,-0.1346736945422255,7.316044934724981,0.034915498878608314,-0.08929814560486973,-0.01254856780871121
1.931433916091919,-0.42673651217744,0.3847721422675889,-0.04264977000662193,-2.143785004491319,-2.0860327962301555,0.1861248830431601,2.677118403164993,-0.10998148410267744,7.29038688129477,0.035173084190459794,-0.0912912196104825,-0.0016190606196100788
1.9334595203399658,-0.42673326170854287,0.3847885417572841,-0.04264507915542651,-2.143734117579151,-2.0860212068915893,0.1860541373247739,2.9516997129569753,0.31501869675918853,7.174569109977337,0.027610680556644406,-0.086893988173745,-0.008935802411079354
1.9354844093322754,-0.42674128959637503,0.3847744210683513,-0.04264299605731259,-2.1437100151404023,-2.0860966060973145,0.18609806225966705,2.391320146406441,-0.38533351127804716,7.254048391152521,0.04115420272132588,-0.09915980700147714,-0.0011664316517775147
1.937509536743164,-0.4267274491638346,0.3848006255634676,-0.04263876375000322,-2.143790579337446,-2.0859894436849595,0.18607395808332255,2.5957220558041527,0.342627479521878,7.1712073647871435,0.024797889865292525,-0.09303695415022087,-0.00645025135946809
1.9395344257354736,-0.4267453498672009,0.3847672944613898,-0.04264702301299181,-2.1437824185334975,-2.086037801568742,0.1861469186674968,2.633075976376097,0.021283132401377053,7.222386674058624,0.0310098850520429,-0.09138323035252674,-0.0018120562900590335
1.9415583610534668,-0.4267149045313455,0.38477022333369604,-0.04265830065908757,-2.1438202535099724,-2.086061726839858,0.18605882162064336,2.609101549135782,0.01314113876938966,7.232488067265889,0.0288698671088955,-0.09454938303166,-0.004790692968029387
1.94358229637146,-0.42673929999793897,0.38478736253273715,-0.04265004637051242,-2.143726407203001,-2.086050217714857,0.18603738633629033,3.0628304077024517,0.01726579641774817,7.206875232374502,0.03928279521663173,-0.08209331288049436,-0.009089388887898587
1.9456062316894531,-0.4267465830237824,0.3847828388229893,-0.04263337779627721,-2.143730804867386,-2.0860420727788718,0.1861038772505875,2.994295805414027,-0.07996505413045946,7.228278311444434,0.03397005072418327,-0.08449378558551855,-0.015146634231978607
1.9476304054260254,-0.42674060058451757,0.38478434560215763,-0.04263579817226765,-2.1437490789311457,-2.0860324761678197,0.1860646786142948,2.689154828013815,-0.04060288953841268,7.274864142746904,0.03175638665005017,-0.09225228710911093,-0.002958234060465203
1.9496734142303467,-0.42673186214020936,0.3847930705445318,-0.04265133860731829,-2.1437499169316894,-2.086026955841763,0.1860316747507359,3.019206909858136,0.5640593323847534,7.1715918997545,0.019992860717275733,-0.08566489466609978,-0.013163621845775329
1.9516973495483398,-0.426731224492645,0.38478803172886217,-0.04264567776273853,-2.143766597292253,-2.086026479665712,0.18611262077130383,2.7174446334225317,-0.1392107584264586,7.221120313105963,0.034215772958826794,-0.09567507979888958,0.004251723393289797
1.9537456035614014,-0.4267412564714056,0.3847977566026521,-0.042636083546419595,-2.143757406956105,-2.086011678035242,0.18610644343631833,2.965456313946502,0.5128486477859047,7.04566534600127,0.022164602273927414,-0.08659865776589758,-0.006340377291205922
1.955770492553711,-0.4267441065065435,0.3848097584955652,-0.04263652075066168,-2.1437336676900434,-2.0859915625525396,0.18603981908679243,2.7295108175551226,-0.05604075708716086,7.29426294594058,0.03552700973679788,-0.09227137558246978,-0.0006183965580585284
1.9577953815460205,-0.42673555816838005,0.38477949028374825,-0.0426447159014976,-2.143799313800911,-2.086020661551504,0.18610233287074904,2.803249000231371,0.32050439908813655,7.130820259670535,0.021180401994747626,-0.08657957455181106,-0.006509144826107136
1.9598205089569092,-0.4267339077157653,0.38480336133202253,-0.042641723889115773,-2.1437827281888495,-2.086014418531303,0.1860434187147382,2.5644842817301527,-0.1016447471373538,7.215285859535496,0.034703713170857006,-0.09606413569959446,-0.00165823035722862
1.9618456363677979,-0.42674900276462396,0.3847998329605683,-0.04263296459489607,-2.1437047421379485,-2.0859943244890866,0.1860803385614114,2.501954554601537,-0.2263189483176003,7.246554021472392,0.03569763129707757,-0.1012003938010943,-0.005623409934032979
1.9638705253601074,-0.4267433960947048,0.3848011355177726,-0.04264486537450318,-2.1437230525228763,-2.086000518685459,0.1860691010483504,2.8294775237677,0.2307872133138674,7.218778801721099,0.025715737145205836,-0.08814908121252026,-0.009347560915546671
1.965895175933838,-0.4267453492764038,0.3847959492733333,-0.042643063443255025,-2.1437717371519978,-2.08600860519951,0.18611226365740985,2.5529779860504824,-0.28910301358503443,7.276952313010766,0.03390944922542445,-0.09377720885969298,-0.002531400071127077
1.9679193496704102,-0.42673448470300107,0.38477986878769027,-0.04265532719000484,-2.14373873163462,-2.086061736890484,0.18606253055992858,3.1158280223573174,0.2175123539223485,7.088991745246288,0.024389223132186028,-0.0807825787369397,-0.013994467189450823
1.9699432849884033,-0.4267389643522053,0.38479429558277123,-0.0426399948730003,-2.1437378921407007,-2.0859959080147013,0.1860494025565402,2.4528549172476533,-0.42150909257304947,7.213752331592348,0.03778264737479308,-0.10178048777011071,-0.0029010830882813393
1.9719676971435547,-0.42671913792693533,0.38479181716706995,-0.0426564918848828,-2.1437778470554014,-2.086017986388175,0.1860466722882574,2.935742334412753,0.15504467809329633,6.953127286956205,0.02717213562483468,-0.08913962623474955,-0.0021267792042712697
1.9739890098571777,-0.42673247581202434,0.38478525685295106,-0.0426452577798917,-2.1437696106928223,-2.0860478826537037,0.18607937954176776,2.8187359274089108,-0.312902961129098,7.2278791686458375,0.03879718070898173,-0.09062359873945981,-0.004964004915286623
1.9760076999664307,-0.42673268766225525,0.3847996134192805,-0.042646480590090935,-2.1437522311434014,-2.086008806186678,0.18604460631800102,2.636344863669649,-0.19539698235665193,7.222929707068046,0.03116140445763833,-0.09832526451062959,-0.006226045187273964
1.9780259132385254,-0.4267574204549732,0.3848065106569818,-0.04262686247485503,-2.1436832816887823,-2.08600666246509,0.18605353273681782,2.91996376108312,0.042346299159214756,7.073655608931317,0.029814566866337388,-0.09012087067697103,-0.007983282262671585
1.9800434112548828,-0.42673712324110535,0.3848143981695258,-0.042629645648529585,-2.1437413038256574,-2.085976912424252,0.18601306339269827,2.590872795029541,-0.2636660260426568,7.30228539675036,0.03178671569401446,-0.09907115360310399,0.001088158713823983
1.9820609092712402,-0.4267563683715452,0.38479349459607703,-0.042633244915880775,-2.1437398958518283,-2.0859700933872674,0.18609443209467894,3.0082217643449396,-0.15612742709002964,7.201022662463572,0.030114745769486924,-0.08666849094104331,-0.010814399714836057
1.9840805530548096,-0.42673795626257793,0.3847934520646927,-0.042653185116681425,-2.1437919791837303,-2.08598197395134,0.18609338230854333,2.629775735479025,-0.0893016305956554,7.308237473903934,0.02964641502976165,-0.09866708199751408,-0.0029428119721073044
1.9861054420471191,-0.4267391636040362,0.3847877907960618,-0.04264167803245461,-2.1437427524218413,-2.0860162596512977,0.18608598628377718,2.9029262834350003,0.16465111656262305,7.165664862153027,0.019686520633023775,-0.09256007852272137,-0.0033505017873833053
1.9881303310394287,-0.4267425368956666,0.3848046318440316,-0.04263047982123275,-2.1437300468845844,-2.0860036285329504,0.18607110171089758,2.740882820197057,-0.014409316715520037,7.244646887807509,0.02545416527717606,-0.09312751562925912,-0.008241185850277801
1.9901542663574219,-0.4267272677527251,0.38480656949717257,-0.04264586856279551,-2.1437762863335497,-2.0859873590107147,0.1860270222082379,2.58900828077946,-0.23812590016546895,7.069647949018791,0.026737170441660373,-0.0983860785202436,-0.005023567072776204
1.992178201675415,-0.4267489849478561,0.38481407938655204,-0.04263094828369546,-2.1437416067730113,-2.0859632150419367,0.18603575662361885,2.906397102198402,0.14862162190834796,7.129591273152607,0.01853343553570514,-0.09178069327963378,-0.005837931091323906
1.9942023754119873,-0.4267458492571698,0.3848048891216569,-0.04264034501794245,-2.143730193642217,-2.085982986548056,0.1860684224006683,2.7030866133230855,-0.26984554008978345,7.126442965981472,0.02931111858530295,-0.0936165756636432,0.0010395501255916623
1.9962263107299805,-0.4267561899709434,0.38479500350488804,-0.042637262011534616,-2.143698646489229,-2.085996289196241,0.1860816134418184,2.7712196452013806,0.10983224183782175,6.9654254778888784,0.018298126478515617,-0.09742605250608435,-0.0010137581220260594
1.9982514381408691,-0.4267184308129353,0.38480644291130794,-0.04264422657920361,-2.1437713523572217,-2.0859835259891573,0.18602687160635148,2.872383407984676,-0.07635674218932148,7.08453478452739,0.023769953532135433,-0.09445840197648682,-0.005353909298691251
2.0002753734588623,-0.4267344143125511,0.38479454253962464,-0.04265784533018335,-2.1437306680054533,-2.0860188149334267,0.18605198945673715,2.6223131259200825,-0.5534662473583298,7.161331153413113,0.03033027622860729,-0.10207812803917365,-0.0013308952470359407
2.002300500869751,-0.4267398390420349,0.38480202789990253,-0.042645993592358655,-2.143726012741943,-2.0859798808989227,0.1860345673244669,2.915634999483636,-0.09681792302546527,7.004523665782169,0.016706498309620392,-0.09276885668903437,-0.002830508316565891
2.004324436187744,-0.42673311721961593,0.3847945545632922,-0.042651714843813554,-2.1437264515110632,-2.086015357210572,0.18604340943812914,2.6583786633001703,-0.14158506103700694,7.259770862697075,0.017585261267272643,-0.09902479754477962,-0.008133675844259461
2.0063483715057373,-0.4267431064495743,0.38480573448912836,-0.04263918688739282,-2.143754617393842,-2.0859723186693664,0.18604835599018227,2.5651339377630906,-0.26207099533148726,7.2512941749797815,0.020996280902642436,-0.10477755365905529,-0.00041604382067296757
2.008373260498047,-0.42675146131865016,0.38481528158416956,-0.04262651543450183,-2.1436982571737424,-2.0859735252610037,0.186075611592753,3.046038545128262,-0.06886449211202225,7.17151398402325,0.016758251670110542,-0.09533012872840263,-0.008011071266937224
2.01039719581604,-0.4267675884584992,0.3848073354967399,-0.04262657675688089,-2.143642676830025,-2.086010879245228,0.1860430961992657,2.7091016222149906,-0.1379855399201681,7.315604551448263,0.01789887497851224,-0.10135934218126369,-0.0013466022177189658
2.0124213695526123,-0.4267462085260457,0.38481380696010653,-0.04263540298241439,-2.1437250624912214,-2.085963713550759,0.18601743858361028,2.5717230517649323,-0.4288530892519081,7.345766647901823,0.01629423776066296,-0.10832260840385055,-0.002602815230977515
2.0144495964050293,-0.4267474877432148,0.3847950627438585,-0.042645073668187566,-2.1437036310625075,-2.08600003881789,0.18608713598529344,2.7822069424112943,0.11551724917098968,7.368449343258944,0.007483405334839044,-0.10164852576579168,-0.009934816779497105
2.016507148742676,-0.42674947033389155,0.38479741194409,-0.042640305635148396,-2.14370409052253,-2.0859813682641324,0.1860960406750505,2.4380039015216797,-0.3422098177050207,7.428812793918195,0.02191322276106241,-0.10637695264828476,-0.000503695353002433
2.0185327529907227,-0.4267560776498834,0.38482311592467405,-0.04262789140021869,-2.143693010866319,-2.0859345308300052,0.18606376119864337,2.6984199956886714,-0.22731023612992463,7.212591948452597,0.021328268724926564,-0.10090956676179194,-0.0026069139226443166
2.0205705165863037,-0.4267597854666551,0.3848207125478864,-0.04262065912113552,-2.143655052205996,-2.0859562554972584,0.18605732099386457,2.972867078055768,0.12996438914457478,7.150069788733518,0.008278247629574083,-0.09538347498575193,-0.004898631820917312
2.022594451904297,-0.4267555072409033,0.3847862857157434,-0.04263620804156676,-2.143693423091999,-2.0860137924140774,0.18606204570078153,2.7012362663826837,-0.45972190642394084,7.325570989460174,0.015921083055215935,-0.10275220304218903,-0.0032969953395964994
2.02461838722229,-0.42674451575267563,0.38481397205009005,-0.042638345529426275,-2.143702778498804,-2.08594718753238,0.18604062502571217,2.5572871162255453,-0.48582035226222586,7.397117318748156,0.013265364031583444,-0.10925439898988341,-0.002213580041736027
2.0266430377960205,-0.42675403725729577,0.3848153247455151,-0.042625032127544454,-2.143687840545435,-2.0859300547867323,0.18603871111935155,2.6695045000211537,0.18021479218320896,7.140523840475038,0.005454625162079233,-0.10250088090246275,-0.004881479804069491
2.0286736488342285,-0.42673478931644443,0.38481747928939447,-0.04264648934430271,-2.1437286867018686,-2.085974861053127,0.1860124510682384,2.8637617983080603,-0.1863041290912688,7.116564612374494,0.015525318640534205,-0.10035680056050013,-0.006049713995684216
2.030696153640747,-0.426742802468693,0.3848091304394021,-0.04264031216029171,-2.1436909513209192,-2.0859885642204055,0.18601904944889006,2.537169596692992,-0.24929621843742977,7.328571684615043,0.011087982581151767,-0.11020437383275286,0.00376871345636688
2.032714366912842,-0.4267493833947851,0.3848039084859112,-0.04263981703887759,-2.1437058786161027,-2.085959547281506,0.18608210504682168,2.8462917951805498,0.009945600422423373,7.234239333307549,0.0035001253894152225,-0.10227478316240216,0.0022328326499430045
2.0347321033477783,-0.4267460557889262,0.3848105331838349,-0.04263762476814345,-2.143677731395211,-2.0859728678324765,0.18602167069568498,2.9417664878480316,-0.12620818154937508,7.280019323033305,0.009382351808295119,-0.0983449446554613,-0.005612364943529688
2.036752223968506,-0.42674876254693794,0.3848154269376225,-0.042627955943600415,-2.1436898519417484,-2.08595831989231,0.18603247569725048,2.7632939786456765,-0.2829501281123791,7.40703899406541,0.013842122480538538,-0.10625938515620992,0.004539646575728299
2.038776397705078,-0.42673944008831954,0.38481234084661586,-0.04263397638386621,-2.143669352511393,-2.0859715298944583,0.1859820320202198,2.720764715949085,-0.10038640553124636,7.174442124489441,0.00799380488842734,-0.10717770816799078,0.001576709386398676
2.0408012866973877,-0.426743813544995,0.38482336699256375,-0.0426344619849684,-2.1437007583812755,-2.0859379644839042,0.1860192997621487,3.1500236118505045,0.13653362062933172,7.107790529952233,0.0029166414488687458,-0.09232951722912347,-0.005382833924104374
2.042825222015381,-0.42674321557680256,0.38482503243198574,-0.0426458233681295,-2.143707352703358,-2.0859490082489844,0.18601719056414937,2.902066454233322,-0.4088240553465237,7.266261439760394,0.015718787080424127,-0.09876117379493651,-0.00035776730005149856
2.0448503494262695,-0.4267523732046166,0.38480843513070817,-0.04263573564641579,-2.1436655093827053,-2.0859759263605366,0.1860095429745703,2.7400043421659785,-0.27884254194934116,7.255417172934763,0.011223343917272699,-0.10409197953828725,-0.004983760230295013
2.046874523162842,-0.42675306077981445,0.38482288146547294,-0.04262787724686337,-2.143668840025471,-2.085966057740959,0.18601637781193783,3.02892182621021,0.1805058088366996,7.18427302541128,0.003042702071362937,-0.09652412455934004,-0.013149252903864588
2.048898458480835,-0.4267414100923975,0.38479830637365414,-0.04265504243345733,-2.1437040631210356,-2.0860192458132096,0.18604402578482276,2.8364390510852653,-0.2671555411476643,7.31098383431243,0.01686491073303442,-0.09951809657141365,-0.0026311554392913434
2.050922393798828,-0.42675136710445255,0.3848217538959409,-0.042631866226994886,-2.143703165563524,-2.0859207601202785,0.18602225396936453,2.4229262170253416,-0.17891211009570177,7.279585482871346,0.007352877905751123,-0.11194889782920772,8.102706576852345e-05
2.0529494285583496,-0.42674720520145415,0.38481891187645995,-0.04264304217446552,-2.1436902929640493,-2.085965116124457,0.18600674204568132,3.0966192229241045,-0.018085339137204365,7.212123924368255,0.005999298935334043,-0.0957336236425304,0.0016256273683807297
2.054974317550659,-0.42675689646516857,0.3848093529647194,-0.042642555445221886,-2.143678550221913,-2.0859735193165005,0.1860432113152371,2.9757750690293663,-0.16051231662251345,7.30782661859069,0.011753288486674689,-0.09446863224295217,-0.00223151747359474
2.0569982528686523,-0.42674675023056724,0.38482934446864514,-0.04262417578190211,-2.1436429814942306,-2.085965656545528,0.1859701886358625,2.681856868667815,-0.47999321590215993,7.2432936167730615,0.015437365939665328,-0.10488226492229738,-0.0048082089667358125
2.0590224266052246,-0.426750521747512,0.38480911672440743,-0.04264399833390417,-2.1436805335765627,-2.0859820243062237,0.18605012139682706,2.888568344301508,0.023461027719557825,7.090111522458361,0.006467136105459778,-0.10137350770582072,-0.0025559243237855724
2.0610463619232178,-0.4267588363439193,0.3848239865187796,-0.04262033815230712,-2.1436445630571486,-2.0859553046301653,0.18601843872790544,2.910043055767746,0.027856325555712297,7.262840438696766,0.004538336421650313,-0.09773928395851078,-0.0066045411205111915
2.063070297241211,-0.4267615054184165,0.38481936415598267,-0.042634462138785856,-2.1436939106474036,-2.0859285215185253,0.18606483240644991,2.4621198728073592,-0.25925557136612964,7.283727956067925,0.007636456215481217,-0.11329466529148281,-0.0023341789145205852
2.065094470977783,-0.4267533285609603,0.38479901010224904,-0.04264167573303412,-2.143682104378245,-2.0859893825010234,0.1860492626125277,2.5920992458807106,-0.3104489010780711,7.02963507895971,0.010027499020071688,-0.10734189317622052,-0.0038271955957315555
2.0671184062957764,-0.42676180616629267,0.38482702482892117,-0.04261394998418666,-2.1436410075035437,-2.085952725373979,0.18602234853783106,3.0085599353501205,0.4220195629174979,7.152477500025462,-0.00017273547185497624,-0.09465149864818845,-0.006467131215314244
2.069143295288086,-0.42675196815820093,0.3848116312143414,-0.04264233363829717,-2.143675463412113,-2.0859782117239787,0.18604730078610954,2.6786556335356897,-0.471083500718096,7.352568501029249,0.01538053150790105,-0.10684285205525657,0.0010207678300779765
2.071167230606079,-0.42675285205811514,0.38480903306006653,-0.04263491891221513,-2.143667529049483,-2.085972509482841,0.18605421950389567,2.806193868495514,-0.5260150182519439,7.306464045926947,0.012780847678227276,-0.1005038869175848,0.0013307619475814427
2.073192596435547,-0.42675493952434285,0.38479143411528544,-0.042655997330180384,-2.143714776246467,-2.085988546755814,0.18605543171954309,2.9723722818347755,0.16778558220677195,7.140103326391793,0.0030603059193902308,-0.09910934186673734,-0.004112905755730375
2.0752177238464355,-0.4267468353677515,0.38480750964915406,-0.042644599137169864,-2.1437380728170035,-2.085933840378517,0.18609837320741696,2.608802542112639,-0.13620641812480763,7.217886403281979,0.00923034617206562,-0.10420257675738573,-0.0019216078970962322
2.0772435665130615,-0.4267447713571763,0.3848175038896666,-0.042628875063578237,-2.14370246420846,-2.0859262747371776,0.18599307414520166,2.6948082620103566,-0.3237249269194542,7.247649710931644,0.012014935145431487,-0.10637102300499239,0.0033192383921865952
2.0792853832244873,-0.42675407419124045,0.38480637881411733,-0.04263730554880002,-2.1436806258419363,-2.0859604962999776,0.18605797220401818,2.9012550152255483,-0.17973640940123353,7.13306204357299,0.0072635539301420145,-0.1005448908020917,-0.0036872701195028636
2.0813093185424805,-0.42674133791132496,0.38481072214344797,-0.042647011877801455,-2.1437011651634754,-2.0859892226089998,0.18602229918352428,2.7767235057743855,-0.10480295449256867,7.122974793768311,0.006315306203022285,-0.09863163110283459,-0.0033759372056579645
2.0833334922790527,-0.4267554249173541,0.3847950738606886,-0.04264606660275527,-2.1437094715892813,-2.085974248706531,0.18603278267922033,2.725039522781781,-0.4842494072408243,7.326012735726392,0.012893429708213732,-0.10355303467566879,0.0010740504438471474
2.0853583812713623,-0.4267452768711868,0.3848043804399338,-0.04264261955805654,-2.1436813453378063,-2.0859760662666154,0.18603681708541692,2.8871291515656505,-0.09747742241613432,7.052815209103252,0.008221255485615286,-0.10256791082803908,-0.003442342011914219
2.0873823165893555,-0.42675415507901493,0.38481768054427584,-0.04263723396982269,-2.143682197362726,-2.0859539799505633,0.18603716898334008,2.7692851719971587,0.26217788226593974,7.187768287648557,0.0018984726069310846,-0.10699794155266451,-0.007564831592825548
2.089407444000244,-0.42674523223980987,0.38481929217690874,-0.042641721741596944,-2.1436894375166595,-2.0859433790396835,0.1860343968115424,2.7358981994235814,-0.158519775046312,7.254097541280616,0.009843129259346493,-0.10098572682975972,0.0010071404701558857
2.0914313793182373,-0.42675299476810075,0.38482913613873454,-0.04262714638192244,-2.1436567630973107,-2.0859629199516503,0.1860045797382017,2.711788871416599,-0.46983952013301133,7.264303469220293,0.01174316594267598,-0.10645175064991919,0.0018249559547265466
2.0934555530548096,-0.42676878873325375,0.384813123644602,-0.042630327489482006,-2.1436522008638366,-2.0859677263510736,0.18605829523500472,2.9403701806621654,0.07186372752084616,7.184123574619396,0.002699673802017331,-0.09929572821322816,-0.003611495091043836
2.0954794883728027,-0.42675200641039107,0.38482301481491166,-0.04264325462256982,-2.143709712133498,-2.085923792088673,0.18601420901322446,3.0433714862965866,-0.08772620042585444,7.216027811382454,0.007172736248515197,-0.0966910308663682,-0.0047449177058919104
2.097503423690796,-0.4267593672502992,0.38481550404551756,-0.04265087315903243,-2.143684463766839,-2.085963045337663,0.18607093066314376,2.868203264457745,-0.0812073158081538,7.165968728960253,0.006014542139476784,-0.10382324952594305,0.003160151723389947
2.09953236579895,-0.4267531765970487,0.38482998095522064,-0.04263027612763287,-2.143669647328301,-2.085956450824696,0.18599530428184827,2.863463020117071,-0.09005949217199757,7.250903151309375,0.0035247304549800933,-0.09948056763216197,-0.003963318402289423
2.1015563011169434,-0.4267513186719995,0.38480582788270445,-0.042644473236776254,-2.1437340955309345,-2.0859433955131244,0.18607175515301244,2.664792928529611,-0.7604310276719964,7.120567322849332,0.019119378908288513,-0.10407327422069447,0.0006476840088094904
2.103581190109253,-0.42674278136810617,0.3848112776542007,-0.04263993375227393,-2.1437208122566056,-2.0859468524353555,0.18602335708684015,2.51307694317541,-0.27082396390387786,7.1203280755691045,0.012314418396392529,-0.10935153658316964,0.0001498164087656087
2.1056065559387207,-0.4267507422729576,0.38482795395203534,-0.04263381812176156,-2.143717662882157,-2.0859219184080118,0.18599725705733097,2.9111191714437217,0.2509375901314676,7.146219373780698,-0.0027728558887796634,-0.10022311030150988,-0.009049041379269812
2.107630491256714,-0.4267442810858963,0.3848035565889701,-0.04264902824583883,-2.143740969687155,-2.0859555987677383,0.18601679334260354,2.664191518471716,-0.301701677342332,7.37856587393092,0.009584559705731684,-0.10424546532516744,0.0026634450770948153
2.109654426574707,-0.4267612668525164,0.3848026672033356,-0.04264152545078348,-2.1436666552548123,-2.0859591230699004,0.18608464392092647,2.7324981821047785,-0.40473129610425335,7.13468449154325,0.011222532303343948,-0.10475639328567578,0.0038766494994473665
2.1116783618927,-0.4267441147215078,0.3848070114046267,-0.04265386364639123,-2.1437214189554927,-2.0859548563970356,0.1860327943539762,2.8518395603947444,-0.12848785738492188,6.9001475639837055,0.00501116964316408,-0.10014676279607937,-0.0014605186578704956
2.1137032508850098,-0.4267621421850918,0.3848045053119406,-0.042645683515472044,-2.143659401662956,-2.086000293459128,0.18602794877315676,2.9869928536061385,-0.004454945213825681,7.017349766959257,0.009306285809060096,-0.09667809914699907,-5.470351203933858e-05
2.115729331970215,-0.4267621284460159,0.38480515906543683,-0.04263840232918287,-2.14370629036264,-2.0859449625708164,0.18607105300570578,2.534319969891621,-0.44074173363015473,6.988291179960242,0.011910414457938317,-0.10809274137507732,0.002153655397753595
2.117753505706787,-0.4267491170753781,0.38480270806250194,-0.042651220191048944,-2.143709004628118,-2.0859744350446707,0.1860248270658379,2.4896886065526638,0.16669655693938543,6.979226066876893,-0.0003951616346280204,-0.10895551609399211,-0.001893599132224863
2.1197783946990967,-0.42674992036769843,0.38480333507977066,-0.042645255254761094,-2.143730960143717,-2.0859410689424926,0.18607012797954425,2.8693179992521136,-0.044977493473515165,6.839211748278819,0.0054558110636991125,-0.09844829708272919,-0.0038509939481842573
2.12180233001709,-0.42676072016769334,0.38481322045241395,-0.042640699239545526,-2.143663313744622,-2.085989865363213,0.18599616733893187,2.6313386073997598,-0.4738175815823522,7.03925798461743,0.01584150961614181,-0.10368544923283003,0.0021663030680959157
2.123826265335083,-0.42675473450291634,0.3848236175859442,-0.04263388612004948,-2.1436473440950468,-2.085961675371274,0.18597979996336683,2.623400340961562,-0.36569281175280316,7.022141600036019,0.00954258046023165,-0.108837185351537,0.0013609058998980813
2.1258504390716553,-0.4267558808158515,0.38481841169545516,-0.042647666037352566,-2.143705424470726,-2.08594975852515,0.1860505145315996,2.752665572889807,0.008392616577732687,6.949123527775834,0.0048159614571816195,-0.10312429033049979,-0.003485061668176446
2.1278743743896484,-0.4267551130894231,0.3848082016035267,-0.04264565799103576,-2.143722356279992,-2.0859411704154276,0.18607844093367687,2.7293980793970016,-0.104835598327628,6.989730995633102,0.007557156273138734,-0.10499291046483639,-0.00036899765679695735
2.129899263381958,-0.426741561486093,0.3848094357037124,-0.0426582511552282,-2.143692459290327,-2.0859801365409867,0.1860104170719406,2.6776183719092357,-0.6144598518286963,7.19172111747527,0.01422757442324397,-0.10598056582325496,0.0026842037341964393
2.131923198699951,-0.4267571398823457,0.384809675431653,-0.042652833659266864,-2.1437226636622273,-2.085944008828977,0.18604063505434332,2.722585492845613,-0.2744628750164849,7.081330471880726,0.003927466339284838,-0.10619699560148664,-0.0055091538426350565
2.1339476108551025,-0.42676467250822353,0.38480884763159984,-0.04264961656355634,-2.143675770056746,-2.085978348845002,0.18602809193621825,2.696311052608003,-0.03923335480560021,7.060579869459067,0.006897691050301856,-0.10271734335768183,-0.0035001852164783663
2.1359715461730957,-0.42673469731306213,0.3848385439696267,-0.042643258942644424,-2.143698200079092,-2.085935032964992,0.1859879526620381,2.7287702703691528,-0.6049838019805437,7.2039535601987605,0.015966317453890454,-0.10348476488430967,-0.0026953604834240572
2.137995481491089,-0.42675697675449437,0.3848093216721706,-0.04265081663874973,-2.1436877998581054,-2.085959217632614,0.18603235108847863,2.6672410360069434,-0.5182233507804569,7.036677747058196,0.009806526683118894,-0.106397026956291,0.003049039996952588
2.1400349140167236,-0.4267515774858781,0.38481284154934736,-0.042645769219830126,-2.1436924424043053,-2.0859606778587096,0.18606630039229338,2.928318343987937,-0.05210903087502021,7.030697879577103,0.002877355906069153,-0.10017059648465734,-0.0035289074233446297
2.142080783843994,-0.42676371802830715,0.384817004342753,-0.042638569764009676,-2.1436529490820213,-2.0859675865996126,0.18603322990354623,2.9110683063977287,-0.23870719157364675,7.128886790230939,0.006543705462566135,-0.09762351161101314,0.00024809759327215674
2.144111394882202,-0.42675323151264727,0.38482287077889893,-0.04264665302965642,-2.1436623895329765,-2.085967751977123,0.18601514908847597,2.60553443032961,-0.43216337014420036,7.107989671094243,0.010001733571202733,-0.10468727287768251,0.0038956426659998737
2.1461405754089355,-0.4267498397653583,0.3848262377812928,-0.04264741291030505,-2.1437254207404837,-2.0859279671513806,0.18600194027096045,2.7966991307977462,-0.07534380724883692,6.989793801331781,0.003034159086179771,-0.10220185567974933,-0.004994892556063897
2.14816951751709,-0.4267508861076413,0.38478115366869275,-0.0426641379449966,-2.1437161883688187,-2.085988297734431,0.18609800504671736,2.8203102557258006,-0.009095634579705608,7.149842395421644,0.00480189498795687,-0.10473613057874083,-0.006882474439730892
2.1501972675323486,-0.42676426708027115,0.38482014967290884,-0.04264379398946888,-2.143684859549944,-2.0859423961402346,0.18600918131845054,2.66484492646993,-0.20027987764941313,7.166952354797538,0.004540987164592707,-0.10620070505461089,0.003085760662066046
2.152226448059082,-0.4267569186586991,0.38479916164497685,-0.04265648631350455,-2.143697782936344,-2.0859735290009267,0.18605772662675119,2.641873502161257,-0.3462457201448777,7.2562373029546245,0.004416884466707174,-0.10765464315052026,0.0008674584928968143
2.1542601585388184,-0.4267425345647333,0.3848337081375152,-0.042647616773377556,-2.143709506893033,-2.0859091543466013,0.18603530799051196,2.9964661669207295,0.07311072033938762,7.094159148474398,-0.0006435991536854163,-0.09680892924478249,-0.002769822803961472
2.1563098430633545,-0.426755492207369,0.3848118602487248,-0.0426570405185947,-2.1437106706855573,-2.085975968716693,0.1860311437238593,2.8412410141034794,-0.27424722793003364,7.230751350668212,0.010514997776914952,-0.09978155734685339,0.004677774845979338
2.1583659648895264,-0.42676304082463373,0.3848185289747567,-0.04265007644903701,-2.143696236944975,-2.0859436815029144,0.18603494441080193,2.567906050924279,-0.45814118188036546,7.133648645342788,0.011472648756512686,-0.10812921801894936,0.0032000067968220728
2.1604409217834473,-0.42676009939550863,0.38479989880430515,-0.04264882634306774,-2.143685468824177,-2.0859920570051576,0.18604732444645494,2.768667575421171,-0.001565199774831466,7.08725504883729,0.0017156689731114378,-0.10411748623464884,-0.004986273820533231
2.1625306606292725,-0.4267555797688676,0.38482212989295844,-0.042651751405976684,-2.1437140764670057,-2.0859122667975227,0.18600915674369342,2.9161429488539063,-0.08051999388740794,7.131417521940807,0.0029213195647864805,-0.09805940128916805,0.0018426582173652027
2.1645798683166504,-0.4267513006564549,0.3848297315371315,-0.04265508691716377,-2.1437307287303837,-2.085904224647551,0.18603901300761047,2.605711521096498,-0.2758967330251747,7.11251831258251,0.0049100577190193204,-0.10446252082840538,0.001754005414924493
2.1666316986083984,-0.4267583146410459,0.3848054165623274,-0.042650229041340776,-2.1436977884756874,-2.085979502366823,0.18605840829611667,2.693692657056344,-0.15320767304010108,7.036987450080112,0.001249633832242294,-0.1046995787106318,0.0035979594682254215
2.168659210205078,-0.4267476428658461,0.3848233319518606,-0.04264863371733427,-2.1437047433561034,-2.0859136761734467,0.18603228421660994,2.7781575709176423,0.04400474635357754,7.148355831010746,-0.00013724007414655777,-0.10222127678161447,-0.003633486233100109
2.1706860065460205,-0.42676704136778165,0.3848126827004256,-0.04264881098434026,-2.1436785708197448,-2.0859661529490703,0.1860494055177413,2.7353829221767763,-0.13226425435939904,7.243631819259638,0.0019998570386951463,-0.10359970073521411,0.006214823515607353
2.1727347373962402,-0.4267515366027893,0.38481975449014555,-0.04266138555878027,-2.1436842773753537,-2.0859615392071795,0.18602166211550783,2.639977643486262,-0.5609423554636972,7.230162138817437,0.008056348388807312,-0.10621622578047668,0.003193869435918181
2.1747639179229736,-0.42675804358080127,0.38481771471319215,-0.04265927315157508,-2.1436688652647646,-2.085964912586487,0.1860427054754646,2.897644184885187,-0.06612660121206307,7.1982730960560115,0.00011106125101443181,-0.10284834087956858,-0.003080093899260496
2.176790714263916,-0.42676091273672967,0.3848188188999669,-0.04265120046915427,-2.143650820360344,-2.085959492670792,0.18601190823495575,2.9943309797486966,0.004753305804404251,7.209088218219188,-0.001430186265101465,-0.09625766968226375,0.0016230900765582719
2.1788463592529297,-0.42676097769200894,0.38482815037992235,-0.042651802669173344,-2.143678385801286,-2.085935387044506,0.18599030103271427,2.8314097809449006,-0.5172613628028302,7.204996985586407,0.01077657527525551,-0.10133616614567574,0.004454284173928549
2.1808812618255615,-0.42675535014188326,0.38481939886876915,-0.042662121320474505,-2.1436971543942405,-2.085936944342938,0.18604943202128837,2.8851693997003487,-0.028648551855811694,7.164427753774804,-0.002924950771542093,-0.10384623921235427,0.004253323900424255
2.1828980445861816,-0.42675969474903586,0.3848189268794864,-0.04265507618047856,-2.143705286878702,-2.0859201255870667,0.1860148492165397,2.9892250231127053,-0.06544861963754485,7.137962945156916,-0.002273317420812005,-0.09618760480574921,-0.0001383662550943981
2.1849184036254883,-0.4267605019388773,0.3848193071022681,-0.04266009747319466,-2.1436994271282237,-2.085945544883473,0.18607727991972647,2.8015848634737086,-0.35476564420358836,7.175712625546287,0.006757870080922441,-0.10244724808552222,0.00518753366588304
2.1869606971740723,-0.42675512714723823,0.38480580374236306,-0.04267677308632162,-2.143715572809313,-2.085951759407448,0.18605161621903019,2.7967245317013014,-0.6094384713345998,7.171785199579931,0.008852496157630273,-0.10295188846216717,0.004497908105398187
2.1889853477478027,-0.4267650984471437,0.3848198920167724,-0.042657954783229535,-2.143670205702623,-2.085931062124283,0.18607231164486313,2.931862923643907,0.03095970470265655,7.233693754542142,-0.00442089545492895,-0.1005835161813862,0.00021580596946050483
2.1910104751586914,-0.4267665978442588,0.38481662929819827,-0.04266523144904971,-2.1436847688293503,-2.0859355089731673,0.1860611833665524,2.7407093588535476,-0.16901079008745157,7.460007984650454,0.00045038339295189417,-0.10319888414543826,0.0030201711841839965
2.193035364151001,-0.4267451203244828,0.38479765889144496,-0.04268234863947559,-2.1437453176166157,-2.085973253039601,0.1860428014318982,2.543315304582195,-0.4729110439191655,7.289288452403767,0.0037451557397459806,-0.10747784563481687,0.00525905572512894
2.195059299468994,-0.426746837869716,0.3848413361141919,-0.0426630160706267,-2.143720428637284,-2.0859085111447415,0.1860278844564833,2.5679140915705245,-0.26420861691422004,7.38669207549919,0.001401873199269967,-0.10869336416671915,0.0009554292719233474
2.197084426879883,-0.42675058980223357,0.3847997785011626,-0.04268677977325505,-2.1437069744166912,-2.0859805171793924,0.18608453289011767,3.091481141005063,-0.029355843848141994,7.350051326685406,-0.0030144145664613006,-0.09697071889332351,-0.0029266477551894506
2.199108123779297,-0.42675909754960145,0.38481662719872245,-0.04267846183995819,-2.1437280318485237,-2.0859327080528205,0.18607386562845699,2.6296485207018714,-0.23740648803629763,7.49371565480492,0.0010233366675067176,-0.10843222652214198,0.006088449661996878
2.2011334896087646,-0.42677556926330357,0.38483498865853333,-0.042657175301976824,-2.143626103337881,-2.0859419811799005,0.18602373812033338,2.569403247994737,-0.6005302097708276,7.406203628101322,0.003789169345090245,-0.11120912741251344,0.006438776307449483
2.203157424926758,-0.4267679100572263,0.3848438066144537,-0.04266579581269564,-2.143681195651876,-2.085893577830155,0.18600369821756016,2.6198493362638087,-0.07472652871962786,7.5066675388723985,-0.005988155420323283,-0.1097427059212504,-0.001152632820907463
2.2052063941955566,-0.4267686779695606,0.38484131323419757,-0.04266150926642781,-2.1436787733650973,-2.085899882981178,0.1859814907521164,3.0397718282174475,0.08930920295118064,7.390654925394782,-0.0036468391025710435,-0.09849612456204578,-0.0048575124157190005
2.207228422164917,-0.42675826977667114,0.3848145265954596,-0.04268021889498366,-2.143706118367857,-2.0859571113365596,0.18602070864644907,2.835272684001898,-0.44556215633216706,7.222467272338651,0.005818294396288941,-0.09877750329527157,0.004890017037869376
2.2092466354370117,-0.4267580310790241,0.384823795440223,-0.042677500242670446,-2.143696503026477,-2.085927687261154,0.18603658261584138,2.7517554710407315,-0.2971712122481849,7.453992674890238,-0.0010484011454439787,-0.10576332423568298,0.007193026668809738
2.211263656616211,-0.4267535910547174,0.3848078724153373,-0.04268309203516851,-2.1437247897108387,-2.0859633633162025,0.18606789168495877,3.0734687540532803,-0.1582659293360331,7.267296674640924,-0.006734962782424896,-0.098329933324646,-0.002723488661896617
2.2132809162139893,-0.42675478630709446,0.3848425471480712,-0.04268033059805257,-2.1436809898407088,-2.0859231249584647,0.18597408596033668,2.8295744565383827,-0.48264513947871907,7.473582963269395,0.001965558623096282,-0.1016355818358317,0.00500478733378714
2.2152976989746094,-0.42677203697275345,0.38481825806220155,-0.04268442753525445,-2.143699780742299,-2.0859038831763654,0.18611272959098774,2.718446326048795,-0.5427717348603656,7.350894959300913,0.0037856670664087972,-0.10522358509047025,0.00585869939715848
2.217313528060913,-0.42676404226086145,0.38481702841989474,-0.04267928565026974,-2.1437169716326503,-2.085917233068782,0.18605453695243332,2.701936542197288,-0.6289813489956163,7.419725425955861,0.008875070436517588,-0.10933782920745579,0.00392971883659176
2.2193305492401123,-0.4267589185798286,0.38480785631154063,-0.042694036227661686,-2.143660250141097,-2.085981117539687,0.1860410567867169,2.892102643602073,0.11887727207121856,7.389105208496776,-0.007405282739799288,-0.103394616179603,-0.0005727974420750107
2.2213478088378906,-0.426754142211102,0.3848188352157976,-0.042698586853395226,-2.143747617926553,-2.0859171881446166,0.18605776339025457,2.793558912913804,-0.22333896307941983,7.540341655060304,-0.002946573733691763,-0.10506971436321244,0.0020529933819015507
2.2233636379241943,-0.4267536694617125,0.384818943971456,-0.04269619959160045,-2.143716153897018,-2.0859649941907135,0.18603535935740728,2.5916484770590826,-0.5511409158870237,7.625619913603818,0.0018152078278896638,-0.11088820272028274,0.006598853914544254
2.2253804206848145,-0.42676071033092694,0.38482005458173546,-0.04270168609467642,-2.1436896731670223,-2.0859453684885807,0.18601729858975685,2.418455830186198,-0.17008252784020944,7.602865551810441,-0.005428732580386226,-0.11586096721266415,0.004102478859937252
2.2273967266082764,-0.4267519656772394,0.38481606641862054,-0.04271253991379967,-2.143714011182375,-2.085984712076212,0.18600598885442252,3.2072779813386396,0.017206958969006675,7.440177904000938,-0.004096406610915353,-0.09438155495108295,0.0005238154451129662
2.2294139862060547,-0.4267689415757426,0.38481835295765127,-0.04269478887424183,-2.1436698139937715,-2.0859531837583094,0.18606668012124933,2.8584270427852823,-0.606741868010472,7.511379050731733,0.00660863593561107,-0.10066317232992439,0.000551616606291569
2.231431722640991,-0.42676287904307425,0.3848598114136653,-0.04267490438868088,-2.1436623339972756,-2.0858593786767905,0.18599522701213544,2.5593058070369095,-0.29719013798854055,7.470524633755219,-0.004094312083723698,-0.10861316512579729,0.011962131216193193
2.2334487438201904,-0.42675825675619755,0.3848328197372168,-0.042706578976942494,-2.1437423967664566,-2.085905580154577,0.18605694357642763,3.0909685683064216,0.06632886051243683,7.408096481051218,-0.010749854662514118,-0.09730949413302842,-0.001999445048502692
2.2354660034179688,-0.4267592796323436,0.38482154371545363,-0.0427043037074189,-2.143699866645678,-2.0859530212558806,0.18605641052324515,2.895034861052247,-0.37992624385739193,7.40274590157337,-0.0014280982004869045,-0.10258354191095241,0.00041104436208242215
2.23748517036438,-0.4267480910843768,0.3848215685415329,-0.04271554856456658,-2.1437148231812193,-2.0859849429488597,0.18602792379296718,2.489186559836909,-0.45730026905624455,7.441697334616174,0.0030197052685144183,-0.10979032037547812,0.01029457974987782
2.239501953125,-0.42675869133239946,0.3848184260566295,-0.042714927726843765,-2.143706739261283,-2.085958186085359,0.18602164726877612,3.110909097210311,-0.17283128546135637,7.524161623587114,-0.005938629830880554,-0.09714503171355252,0.0038013605546127574
2.24151873588562,-0.4267485581278618,0.3848231434980287,-0.04272157157604986,-2.1437472519955767,-2.085958850878414,0.18601974731495227,2.8139506604910594,-0.4395106459537086,7.61442915486865,-0.0026213700755901626,-0.10422084113986685,0.010077492887023975
2.2435359954833984,-0.4267514742187451,0.384798902438356,-0.042723517842577025,-2.143718164814504,-2.085988825026188,0.18606352333981152,2.7629870685270355,-0.6147838935361125,7.626143014489222,-2.243849482636874e-06,-0.10566041834283525,0.008543882413419628
2.2455556392669678,-0.4267638902797439,0.3848260063814254,-0.04271170218245304,-2.143701637116661,-2.0859375120792105,0.18600892283542592,2.7843478686286565,-0.19784332695556547,7.510236444802634,-0.009729834814137223,-0.1080404649875153,0.0030018486657983536
2.247572183609009,-0.4267544894618112,0.38482834881625194,-0.042713445171301184,-2.1436649106150854,-2.085983730961827,0.18601077071609257,3.205692827887024,-0.05373887307646265,7.528846607115182,-0.007855343232280355,-0.09414412522279102,-0.0003813776890680795
2.2495946884155273,-0.4267544894618112,0.38482834881625194,-0.042713445171301184,-2.1436649106150854,-2.085983730961827,0.18601077071609257,3.205692827887024,-0.05373887307646265,7.528846607115182,-0.007855343232280355,-0.09414412522279102,-0.0003813776890680795
2.2516119480133057,-0.4267697229921975,0.3848193557893063,-0.04271335265055087,-2.143714132255295,-2.0858953106744207,0.1860678489510715,2.6244349418291,-0.43598599400956606,7.562331204593734,-0.0040931708629377145,-0.10831286904970047,0.010857019612446719
2.2536447048187256,-0.42674834258533906,0.3848195592912829,-0.04272785042402358,-2.1437497534230743,-2.0859462173931465,0.18605938829860733,2.7505645325025925,-0.2888813171973051,7.696052508268382,-0.008063190678257759,-0.10929480295218487,0.010539431187480757
2.255661964416504,-0.4267356803157248,0.3848188726193785,-0.042738212096223305,-2.1438035505884714,-2.085914500719911,0.18607763002860353,3.058307748086295,0.020430950591596136,7.647863170451809,-0.012278695134035943,-0.0978806245655775,0.0018943169595101407
2.257683515548706,-0.426746565307662,0.38483757319886663,-0.04272697576541526,-2.1437768788253733,-2.0858887874464647,0.18601639799031097,2.647624708899561,-0.2996480659198888,7.625097881089579,-0.0051184106187141575,-0.10965141250969752,0.01175976526805339
2.2597029209136963,-0.42674495005513535,0.3848353186332963,-0.042722339872607235,-2.1437590514131393,-2.0858964155992394,0.18601052940909882,2.6148808442967617,-0.4203926656710179,7.635457849154539,-0.003332929843954271,-0.11171773606193143,0.009804567051033742
2.261737108230591,-0.4267590531656819,0.38481675402047966,-0.04273262386324128,-2.143766993163901,-2.0859337374392934,0.1860536173581719,2.857687344124993,-0.31348451519295695,7.599299430429914,-0.007483643154545638,-0.10481893776404101,0.006719713029446985
2.2637596130371094,-0.4267534075371827,0.38480593142016206,-0.04274889410512628,-2.143794838670509,-2.0859338587911336,0.1860996855855617,2.9825021107445835,-0.23866133271235013,7.538750630097841,-0.007986893306367985,-0.10052145227294301,0.006033552607619322
2.2657856941223145,-0.4267554905886269,0.38482294163701447,-0.04272823272347595,-2.143731641487681,-2.0859249631918084,0.18604901893164397,2.83186182630301,-0.5127602875993149,7.57684894971302,-0.0021901629388399488,-0.10362650896446789,0.008771461005056163
2.2678606510162354,-0.42675525277713433,0.38482753466751907,-0.04273404607822481,-2.143727645222452,-2.085945071823565,0.18602862073860435,2.86564237499597,-0.42299961093112615,7.624461103687404,-0.007080919821730466,-0.10616983663221652,0.007056862533446388
2.269892930984497,-0.42676475620055065,0.3848256898340054,-0.042727810154748885,-2.1437337935436362,-2.085907241690453,0.18607076337266798,2.9056688194700326,-0.10792636488962742,7.57048809354767,-0.01450106488052857,-0.10472635769019897,0.007530804498482424
2.2719507217407227,-0.4267692818183248,0.38484062176790856,-0.04271874483164517,-2.1436973292650965,-2.0859164340885985,0.18605176155061084,2.8957498702745696,-0.1736536689933797,7.694103421305003,-0.009821134518919125,-0.10113324746995529,0.004449318722411933
2.2739782333374023,-0.42676632615197374,0.38481319818304166,-0.042745158353683504,-2.143738511750354,-2.0859269809979573,0.18607480042784041,2.6224871650329558,-0.40218185728713096,7.877568459545422,-0.003226079652399532,-0.10790251480524819,0.00947603701576499
2.2759993076324463,-0.4267636922825915,0.38481197393947936,-0.04274623823797044,-2.1437304700097406,-2.0859546939173637,0.18606082997608273,2.8455370997104827,-0.3788464730522334,7.674124232029596,-0.006012051898688907,-0.10454006159043255,0.008487086855965236
2.2780182361602783,-0.4267520413111274,0.38481738081908434,-0.04274749451329243,-2.1437269466856272,-2.0859732796332855,0.1860482188632949,3.327548431275587,-0.08117073532045543,7.665326682367175,-0.008848008955359534,-0.0920008276482955,-0.0019604882527166656
2.28005051612854,-0.42676122038031594,0.38483284679780505,-0.04274290011227372,-2.1437402224494675,-2.0859316575917948,0.1860540338477164,2.656105559715454,-0.167881069309201,7.818632596921714,-0.007029996938070257,-0.10779757126841989,0.009726763755657898
2.2821083068847656,-0.42675489851239384,0.38480227706532677,-0.042759177815769184,-2.143759828670361,-2.0859760223082473,0.18608182460990003,2.7324072170263523,-0.6839362174599032,7.77337435872526,-0.001647679753712996,-0.10742423700494265,0.009890005897415594
2.2841384410858154,-0.42675632079407216,0.38484662879232107,-0.04273116808475419,-2.143726560029469,-2.0859149660150234,0.18601751467439834,2.803828999903375,-0.15136961432688187,7.704620904313617,-0.013410397838920451,-0.10501740014942175,0.007592815017967882
2.2861623764038086,-0.42676233039765804,0.3848377564453064,-0.0427396421498793,-2.1437143239481435,-2.0859336225450233,0.18599293982558712,3.059368806831013,0.06919643722773619,7.826298708146048,-0.012914322753756457,-0.09717571285964569,0.007235713817558191
2.288201093673706,-0.426761174085784,0.3848112331905668,-0.04274992098362526,-2.1437170118182896,-2.085973924549731,0.1860712952731881,2.73478869817115,-0.5775274698779561,7.948075779585825,-0.0017556950996666842,-0.10696425444853783,0.007062807937856865
2.2902204990386963,-0.4267559216068068,0.38482757325181066,-0.04276070160577078,-2.143770673943551,-2.0859209926309443,0.18605117920964745,2.6994211752048276,-0.5300425842960306,7.6661425310706655,-0.0053550871474445875,-0.10557636679731482,0.009690460538330302
2.292245626449585,-0.4267562202038702,0.3848216639957117,-0.04275264739032575,-2.1437401005728067,-2.0859257922433274,0.18605898174984017,3.012890077787682,-0.04454843424720337,7.6578350152951336,-0.01117737371291734,-0.09762732536993535,0.005066056219167024
2.2942705154418945,-0.4267596861296975,0.3848265886885664,-0.04276914343026597,-2.14376062915778,-2.0859549475244923,0.18602222869472218,2.8936206666414686,-0.41363224256132847,7.862785211787417,0.0013346732802342544,-0.09932144369823559,0.008753178732521247
2.296295642852783,-0.4267584003698939,0.3848285840801202,-0.04275428494389802,-2.14371657311918,-2.085963608514298,0.18603077544422614,2.4642875041959176,-0.41427398780595703,7.847231171943894,-0.002599266715809519,-0.10914323388332836,0.013277694719235848
2.2983205318450928,-0.42674985708538493,0.38480247795288697,-0.04277774490635905,-2.1437914283187975,-2.0859657986608946,0.18606583885233224,2.889001734642264,-0.0037170640500044927,7.81718254735132,-0.011856109362501976,-0.10528923975363419,0.00286382014331135
2.3003454208374023,-0.42677325218472373,0.3848181583019745,-0.042764978409265936,-2.1437212265738115,-2.0859768187676297,0.1860475850628355,3.1625051477583144,-0.25591509432614473,7.9957286691051195,-0.00432077174258808,-0.09482126428223185,0.004940703926190988
2.302370309829712,-0.42674799355173054,0.3848354701202174,-0.04276825262523712,-2.143752343204723,-2.0859506472871194,0.18603631195248546,2.6445355452647705,-0.23343779883834906,8.00857713602993,-0.006773526385775567,-0.10783610317667737,0.01568810783861357
2.3043954372406006,-0.4267589361372042,0.3848471861597027,-0.042764262438515444,-2.1437598056815323,-2.08589035354784,0.1860535277378849,2.8166990788754607,0.07920241311471524,7.9585444995477115,-0.014750370443661665,-0.10650918334543712,0.007728767546510766
2.306419610977173,-0.42676848445493903,0.38481745765908404,-0.04277940691768342,-2.143721017900601,-2.085975931073942,0.18604651529554334,3.1787141406961577,-0.39492391071106137,8.088951849302102,-0.0012315515160326762,-0.09407293566622804,0.005084510037258451
2.3084444999694824,-0.4267656708157048,0.3848098926326612,-0.04277650955276313,-2.1437356634286373,-2.0859803068891494,0.1860709583444602,2.7999455834969638,-0.5379426115192419,8.000213038627853,0.003544510165512955,-0.09864129299693195,0.01202702326762484
2.310478448867798,-0.42676904526519727,0.38483165712227757,-0.042770398024400774,-2.1437434429771547,-2.085943122067252,0.18604341561380844,2.842633290728065,-0.25139782597811555,7.895398036927958,-0.0026184074618773394,-0.10265629947729726,0.010540529346365415
2.3125176429748535,-0.4267493187725735,0.3848095650158708,-0.04280227480074575,-2.143805080030726,-2.0859547082810352,0.18607920902863112,3.0939007579351987,0.05392711577077447,8.06941127010205,-0.007629031675863901,-0.09665132045014567,0.010811334921124804
2.314542770385742,-0.42676556505981444,0.38480440605032074,-0.04278999611699888,-2.143775629079361,-2.085977518436036,0.18613242180231648,2.9154162822848546,-0.48470682348939853,8.098990182089704,-0.00033993310276314755,-0.10062761908502549,0.00991568938199536
2.316568613052368,-0.4267656410771518,0.3848347020856817,-0.04278087998544036,-2.1437305690637203,-2.0859478466394736,0.18601551261521126,2.7365541911433624,-0.5994584178305766,7.991731866864966,0.002938252702987116,-0.10138683414558064,0.009946723111989098
2.318596124649048,-0.4267509464406438,0.38481025973240857,-0.042811371279786625,-2.143809671854998,-2.0859924487318993,0.18608608894393255,3.077497202958005,0.10536630005769948,7.845912098461014,-0.00529677710397048,-0.09644373879951491,0.003309182518197606
2.320624351501465,-0.42674614877310946,0.3848171973604889,-0.04280333911249498,-2.143783803251585,-2.085987179904337,0.18605522948695838,2.7766670464029333,-0.19086083231412337,8.139042355402909,0.0009410781755679683,-0.10228945396634632,0.011712054129315294
2.32265043258667,-0.42675759696525,0.3848128416721625,-0.0428083773150017,-2.143782576835453,-2.085980520846081,0.18608556286859135,2.854899303436488,-0.29172204951493075,8.147163212122587,-0.001088534887638598,-0.10107172358464983,0.012875549244575185
2.3246753215789795,-0.42675345530616504,0.38482341789138563,-0.04280317855727486,-2.1437649659136393,-2.08597368443154,0.18606251817515163,3.1400405719559403,-0.20671141454376227,8.263023868913772,0.0002706156048141871,-0.09245082674936077,0.004065146629993341
2.3267006874084473,-0.4267661420877737,0.38481712180269834,-0.042810893824719976,-2.143784218774321,-2.0859751091023484,0.18609211915497684,2.769548196466536,-0.44268921860208343,8.347990973043164,0.00584688835622398,-0.10325805657173102,0.015263230348369319
2.3287265300750732,-0.4267448436806534,0.38479975036683717,-0.042823688264221116,-2.1438105086030963,-2.0860069905576224,0.18607775553701186,2.941710531253045,0.09368194990413767,8.15967440002316,-0.0077686953426015625,-0.10285725424497717,0.011447612981291875
2.3308253288269043,-0.42674684498925974,0.3848176897054044,-0.042826936938321264,-2.1438485203682194,-2.0859510650304243,0.18607996173353095,3.1764701509146187,0.07439892519642163,8.235180138142738,-0.00172584267938371,-0.08947113229260306,0.0044144100606423875
2.3328568935394287,-0.42674262911136707,0.384834702245569,-0.04281413104680015,-2.143804889849969,-2.0859741598405788,0.18603783879175528,2.696958637220336,-0.459436718216205,8.384049486535027,0.007703674526844992,-0.10103767204665266,0.01280033797531227
2.3348824977874756,-0.4267601943274149,0.38482375797097695,-0.0428147112449839,-2.1437935928905842,-2.0859674999090423,0.18607799070546494,2.8031606181409114,0.12685650676008256,8.136310904543421,-0.005984189701068173,-0.09707032179040377,0.009658169017201767
2.336907386779785,-0.4267644673630275,0.384818340081268,-0.04281359704157989,-2.143771364188356,-2.0859856930159055,0.18608977276914246,2.842339040244287,-0.0874086325598289,8.251409065656485,0.0004898868188615915,-0.09544590095362962,0.0079931940590688
2.338932514190674,-0.42677682346763274,0.38482670229270954,-0.042805210344666,-2.1437271325087974,-2.085974704832039,0.18607326929138523,2.540806453382384,-0.191916492785404,8.379766200325545,0.0031095641515603446,-0.10634753426737209,0.014028904056820706
2.3409576416015625,-0.42674800287848164,0.384828993716355,-0.04281493667017111,-2.1438186826535075,-2.085956756138451,0.18604560930465272,3.1702513728694326,0.10466084655666588,8.360490102121702,-0.0008039632410328211,-0.09062349792286009,0.008520408350371607
2.342982530593872,-0.4267685541552696,0.38481752063466235,-0.04281769074979461,-2.1437552175480388,-2.085994047164389,0.18608765978141142,2.839013342617838,-0.26949191934713546,8.491977775055492,0.008076490715425277,-0.09611279345427255,0.010780479098732343
2.3450074195861816,-0.42674641458999507,0.38481051807155814,-0.0428303234342943,-2.1438603310767905,-2.085959359954762,0.18609450721924456,2.766551450525757,-0.1521906109990243,8.183079754633473,0.006800672343080221,-0.09445182386927305,0.01237044875108896
2.347032308578491,-0.4267618741586983,0.38482674720317006,-0.04282383110331675,-2.143780898012368,-2.085970845066867,0.18608745475389107,3.0117700147278788,0.11985953758180845,8.254633573066947,0.0026667868818868643,-0.09416721224238948,0.007819423251418217
2.34905743598938,-0.4267602017658485,0.3848091063193949,-0.04282538732663227,-2.1437852980153815,-2.085996998340127,0.18605839037668112,2.885702670901918,-0.6775070081756314,8.561748031342232,0.0029137893619928584,-0.11189983760920369,0.019101974523624485
2.3510825634002686,-0.42676024959515046,0.38481089457514345,-0.042824345803530284,-2.1437793976088377,-2.0859989096493754,0.1860963716348937,2.8847036215723225,-0.2466319153375419,8.32360522484548,-0.011223223738387245,-0.09796723137846994,0.009036522340402918
2.353107452392578,-0.4267509215842591,0.38481298118129065,-0.04283587004411121,-2.143828446922031,-2.085986727300049,0.18606078277348426,2.9966417535652754,0.1052261733254374,8.406267116350643,0.0008234199068728927,-0.0858804294396238,0.007382270744262056
2.355132579803467,-0.42674425089296275,0.38482567247497995,-0.04282505687978844,-2.143823585834178,-2.0859723537270223,0.18603334652102435,2.9899950578693293,-0.12324719987652683,8.2229751695731,0.006735350271136127,-0.10451914487111012,0.011099582634873114
2.3571574687957764,-0.42676022442306766,0.3848373012575328,-0.04281481876836207,-2.1437561438103336,-2.0859741695844454,0.1860537122220648,3.0607737418180614,0.29356554684777214,8.253153949185622,-0.008700956514354766,-0.10068742087481086,0.009420135158517758
2.359182357788086,-0.4267603818508316,0.38480350236194766,-0.04283420941472241,-2.143816389431096,-2.0859907664005726,0.18607455746742094,2.804446861903626,-0.4757252686501271,8.325447602138999,-0.0005296410952081059,-0.09393262734236799,0.008610763217885325
2.3612074851989746,-0.42676853070305465,0.3848274080913525,-0.04281507941283583,-2.143798344687397,-2.0859076369608123,0.18608375736244784,2.8077869901508885,-0.5052862661550954,8.445484858854323,-0.0001390259861999035,-0.10119403817394397,0.013518820123476686
2.3632333278656006,-0.42676301852643383,0.3848085341780839,-0.042832503455928345,-2.14382121981789,-2.0859386935905873,0.18611467373290594,3.2051774679152167,0.13663400895113037,8.368378435330307,-0.0025095198198232197,-0.09343638850107146,0.007482725215063721
2.3652584552764893,-0.42674658842236746,0.384834262355409,-0.0428353564797187,-2.1437787842937075,-2.0859846660866204,0.18605099513880252,2.811059732361345,-0.16119222049164825,8.369289149462368,0.006515441252678854,-0.10001658872482432,0.010599698131372091
2.367283582687378,-0.4267618542675208,0.3848119367410227,-0.04283020233959445,-2.1437859122532275,-2.0859975521493612,0.1860588567245571,2.6295247447541743,-0.300891182367995,8.354777466824496,0.002326956412401912,-0.1004241215597033,0.011689694151538381
2.369307518005371,-0.4267412853422927,0.3848114682983609,-0.04284138221802117,-2.143843189893182,-2.0859897716905564,0.18603601149327934,3.0557911640459023,-0.0068444442327048605,8.425468353836337,-0.008277918099038613,-0.09464685081714809,0.006688249879884096
2.3713324069976807,-0.42675114535208586,0.3848166419178631,-0.042827211381213315,-2.143831733261271,-2.0859381395223098,0.1860842579757213,2.7129378913296858,-0.49038492491657515,8.41477638846595,0.00013105716537966002,-0.10482510641787378,0.017468082170173295
2.3733575344085693,-0.4267604244020454,0.3848179506536933,-0.04283093713630429,-2.143778028941466,-2.0859760953437894,0.1860940742711729,2.98387044003528,-0.08071259466039064,8.290823509315064,-0.008494830213915323,-0.09395196900442067,0.005958562201751758
2.3753817081451416,-0.4267702546963414,0.3848071954519143,-0.042837183553249725,-2.143742641406888,-2.0860300214462986,0.18609526351723119,3.151636887404474,-0.04214079047354058,8.245530122103677,0.0017341751305017328,-0.09378374203715394,0.009071410732099628
2.377405881881714,-0.4267664056475691,0.3848126293056961,-0.042821473842052094,-2.143728752180523,-2.086019491568222,0.1860974167404352,2.7636031537371366,-0.4569638165949782,8.283614889090497,0.0065625474203501385,-0.10836143234667271,0.01541250195224915
2.379426956176758,-0.42675254107823574,0.38482752476257903,-0.04281672641507733,-2.1437781483694387,-2.0859615827360254,0.18605775625657808,3.004270351754786,-0.34532207154190314,8.260203869101943,-0.0035684097811492493,-0.09897279636851129,0.00788200149317438
2.3814470767974854,-0.4267429095093359,0.38480320199968654,-0.04284215166604696,-2.1438399266391293,-2.0860082102648327,0.18605925610219679,2.939052369840506,-0.16059240605648364,8.4319666321653,-0.0010886288293929748,-0.09546158859096289,0.011770610521631837
2.383465528488159,-0.42675742188047366,0.38482332139707015,-0.04282705785635604,-2.1438064726319057,-2.0859395583666287,0.18607640497745476,2.8159583205771996,-0.6036663803612183,8.37502936246667,0.009704082529892091,-0.10538430339976083,0.016543723684204422
2.3854830265045166,-0.4267562457997941,0.38480819196664573,-0.04283681222742025,-2.143820954448626,-2.0859665571342205,0.18609087696239687,2.981222997305599,-0.0591373657116438,8.208394856473559,0.002406137889047923,-0.10188109339155098,0.01047222421025341
2.3874993324279785,-0.42675563532133765,0.3847978688003991,-0.04284210217504447,-2.1438157357408913,-2.0859793549913124,0.18611755582074233,2.732289259779222,-0.1195308829696323,8.320041506618093,0.003419532388107081,-0.10183922946916886,0.010543154770341226
2.3895270824432373,-0.42677474891118644,0.3848444028651158,-0.042804734815817314,-2.1437453241680573,-2.085916566045379,0.18608391384645195,2.455657123336662,-0.10212588066798034,8.178761981379067,-0.0019172390615873965,-0.10959936156134102,0.019186666883281207
2.3915467262268066,-0.4267606329411403,0.38480251548957356,-0.04283542252394745,-2.1438174382003456,-2.0859723382393436,0.18610463531422775,2.86227008779807,-0.5321075541121362,8.411880938486346,0.011536112345268416,-0.10052117637123809,0.01128092940133581
2.3935976028442383,-0.42675249455790226,0.38481789393030336,-0.042832063535162584,-2.1438038751487145,-2.085988031389934,0.18603568084143704,2.82054749389414,-0.49317500144097104,8.240649252570755,0.014383006360488424,-0.10091214451931856,0.013501523916347846
2.395622491836548,-0.42678057010049975,0.3848288992444321,-0.04281646675180337,-2.143739278483121,-2.0859638647836425,0.18607569051802533,2.999714499005357,0.09904024101942266,8.071312693153203,0.0020828975809394678,-0.09543711490787801,0.008168273425230462
2.3976473808288574,-0.4267492118945083,0.3848037874578535,-0.04283897966217848,-2.1438164984754278,-2.085985085903236,0.18609296548747356,2.6013786568533104,-0.454726436862105,8.250319471569034,0.011381381656504127,-0.1037526303152641,0.012628860612209714
2.399672508239746,-0.42675472341017723,0.38482143547790104,-0.04283035335869012,-2.143795970205837,-2.08596866679566,0.18604999140815073,2.8573568607411426,-0.2405755327395383,8.081314271150253,0.004748487203584378,-0.09840682172426188,0.0059303324192372785
2.4016973972320557,-0.4267476029495023,0.3848086849831708,-0.042845783020933975,-2.1438709390071855,-2.085939791883547,0.18610351002696013,3.109755108841277,0.038888673912594096,8.095828345580852,0.0070475269709639465,-0.09312908584696895,0.0016534953464041819
2.4037225246429443,-0.42674897660733135,0.38481015664379675,-0.04283205547033628,-2.1438624276876266,-2.0859335284868723,0.18611077656864305,3.038348487705485,-0.21826677113790918,8.135773858319348,0.007222186766427881,-0.09909061360626897,0.00976084048110002
2.405747652053833,-0.42675933039355846,0.38482865959978785,-0.04281380720443734,-2.143798838192171,-2.085913544804816,0.18607201370045293,3.259314821985402,0.143478013358866,8.113449515118155,0.0004107795199583624,-0.0919567412194817,0.008688884588448938
2.4077725410461426,-0.42673754824696375,0.38480869221135144,-0.04284721907695083,-2.1438584945951376,-2.085964128533753,0.18605787288477146,2.8634657336244698,-0.16253642497744006,8.312840511849931,0.009934427553894344,-0.09912397474408953,0.011016466090225755
2.409797430038452,-0.4267490680504177,0.38481391199076853,-0.04283658173297844,-2.143857496482565,-2.0859565490150893,0.186062518457379,3.1178512139501917,-0.41810585502717423,7.9859442766445055,0.010559734976544355,-0.09423167062691062,0.008831593388144498
2.411822557449341,-0.42674588600538055,0.3848311571324368,-0.04283169881780119,-2.143803579438944,-2.085965765003944,0.18603721410247925,3.107343477079433,0.01232092974158594,7.966453716643749,0.004654291004923584,-0.09302525946064637,0.00705319102987239
2.4138474464416504,-0.42677778237408937,0.3848240188988602,-0.04282478030477127,-2.143770704040732,-2.0859584964013207,0.1860855569319646,2.6540461295147124,-0.24068669736663872,8.229295128035218,0.0091222139991242,-0.10790863718646647,0.015060466696928145
2.415872573852539,-0.42677714271838646,0.3848148710666709,-0.042817491799501395,-2.14374218164804,-2.085981622543362,0.18606990096934217,2.8389453643400975,-0.33232321462409914,8.181571847599674,0.009306601045998359,-0.10198553368511014,0.007361344852421483
2.4178974628448486,-0.4267595933242184,0.3848251808775142,-0.042823710187203795,-2.143796869587103,-2.0859406541728993,0.18605572883108204,2.96133963593622,-0.24419617448312597,8.225502541452386,0.010094094802987449,-0.09608882905458965,0.0074603908312484875
2.4199225902557373,-0.42674082413291514,0.38479529899031073,-0.04285353615550394,-2.1438783779745445,-2.085992699046823,0.18608043266383217,2.71879314820083,-0.3052000657517927,8.41037033238176,0.008816611809338484,-0.10514808629163584,0.01390316309467955
2.421947479248047,-0.42675624365749415,0.38483806344394733,-0.04282252053066454,-2.1437724147392054,-2.085957063853516,0.18604332152252404,3.032260170193834,0.09612028580617671,8.254103244959559,0.0020383022412298925,-0.09702892359310557,0.0020672811585486766
2.4239723682403564,-0.4267620094702794,0.3848008534285278,-0.042821763583108546,-2.1437801612684044,-2.085993493880006,0.18609734524950197,2.8537886235178958,-0.28125371786110087,8.364362457504571,0.01619669644199578,-0.10039337090567314,0.009766465028484352
2.425997495651245,-0.4267701143441828,0.38482423810235317,-0.0428060764788685,-2.143767622239551,-2.0859540905495573,0.18605720565772582,2.665789889804299,-0.05074824212543691,8.021265012848382,0.008483033079076628,-0.10501176437799378,0.014838000293538342
2.428022623062134,-0.4267729085281601,0.38481786920219174,-0.04281598388977695,-2.1437703719251813,-2.0859640248335642,0.1860806221473979,3.0482989075765508,0.0323025057727053,8.169637764754969,0.004368485839184869,-0.09471595026699635,0.005114349484857918
2.4300475120544434,-0.42677726073186656,0.3848080552912815,-0.04282571267513566,-2.1437548234269013,-2.0859847880170572,0.18609432490422298,2.818597214024261,-0.35349847684431207,8.28503074196371,0.012846781662759148,-0.10210457692068371,0.010205296762795558
2.432072639465332,-0.426782560430159,0.3848085601058727,-0.042829804493914936,-2.143750804176571,-2.0859849989780432,0.1861072671723419,2.9225472039103804,-0.04464474009923049,8.177046250241764,0.0020274788090555297,-0.10403019045634572,0.004531286030848739
2.4340975284576416,-0.42674765455037056,0.384815638962274,-0.04283492046552531,-2.1438568248533465,-2.085955654984318,0.18605065459786796,3.333059331142615,-0.1524884940951241,8.141848013567925,0.009203500477149587,-0.0912883278383725,0.006872134344047112
2.4361214637756348,-0.42676483979715696,0.3847997949618697,-0.042828450889351444,-2.143764670292003,-2.08600418715009,0.18606664703885822,2.6959401041703694,-0.296476947301684,8.24702214209084,0.011692200175280127,-0.10723411206098467,0.011653022882768392
2.4381463527679443,-0.42678214921456326,0.3848132588789181,-0.04281579791911089,-2.143716671358481,-2.086002661710406,0.18605162759325136,3.240424491626065,0.04928686583018388,8.004084836658203,0.002502816383529163,-0.09278766400431653,0.0033909366503612395
2.4401726722717285,-0.42676251091310513,0.38483036541232957,-0.04282212368829655,-2.1437846490924746,-2.0859604813634394,0.18605643331191396,2.792596989911014,-0.15857250975963882,8.243299236266518,0.006274743657493443,-0.10435826080783357,0.00984302705638525
2.442214012145996,-0.42675832084699505,0.3848173747781042,-0.042826240064185145,-2.1437864974090277,-2.085950373536541,0.1860791400176308,2.848699573095538,-0.31503925998434157,8.23015426232843,0.01045873370205774,-0.10365834069724258,0.0096015961297205
2.4442436695098877,-0.42676104844350793,0.3848105304321674,-0.042831279838845854,-2.1438282384016443,-2.0859583336098995,0.18607426441174013,3.153480465327652,-0.07397196916960641,8.101282604219566,0.0067821496689538475,-0.09430573247870473,0.0032240445880369222
2.4462740421295166,-0.4267384269302535,0.3848001440281952,-0.042845779919855165,-2.1438665915171455,-2.0859879601271594,0.18610403517366686,2.9242598671156106,-0.1989678413539263,8.28397766083206,0.00821538216449862,-0.1034255329205615,0.015642864864345244
2.448310136795044,-0.42676551139263375,0.3848222340728767,-0.04282400351033011,-2.1437860458899354,-2.0859694431745526,0.1860849486015607,2.911435339551274,0.009367095335071352,8.146799443754649,0.002592250664931694,-0.10239127905378907,0.006953301077988806
2.4503488540649414,-0.42676610480574695,0.3848273043049013,-0.042816750574554585,-2.143780599974161,-2.0859221591925508,0.18607002868951897,2.898892860951213,-0.08639200017471345,8.303955954307552,0.0055497159336080765,-0.10087098199418022,0.012616780592388063
2.452409505844116,-0.4267543606322771,0.3847960804446491,-0.04284685627381071,-2.1437882745762606,-2.0860496097185135,0.1861026091341306,2.896491634121702,-0.43720844671911624,8.300257815619714,0.012655182946231617,-0.09975687108644152,0.01294881941039688
2.454435348510742,-0.42677221904902524,0.38483277016893536,-0.04281195905546631,-2.143734242395516,-2.0859715951288322,0.18602588388632307,3.138775865907114,-0.03156702815646831,8.098529930320215,0.004464107329916771,-0.09338348135399864,0.003968701911287259
2.4565184116363525,-0.42676569608045944,0.3848185856072136,-0.04282617350809423,-2.1437891030449694,-2.08596416030068,0.18606189455717304,2.791673887105784,-0.3460657269684844,8.366610506888986,0.015002937509165487,-0.10299430802526945,0.01424195308048911
2.458557367324829,-0.4267597894380236,0.3848270811781409,-0.04282454225511892,-2.1438028752845244,-2.085957575390533,0.1860676107535009,2.9781700412632612,-0.4020810254820577,8.308114743956182,0.01389661947434893,-0.1018520117873339,0.0105326502061685
2.4605953693389893,-0.4267606296087805,0.384807587298447,-0.04283403149811099,-2.143760473285778,-2.0860353133950844,0.1860765628598145,2.9929192729884564,0.1847101883414284,8.086437613057685,0.004705593537853819,-0.09601639611394,0.007642402068355095
2.4626195430755615,-0.42676049762615914,0.3848004195450014,-0.04283678260006965,-2.1438255635855534,-2.0859920552704416,0.1860965028233681,2.884206239354908,-0.41721378522503283,8.373265778801319,0.014975825514854987,-0.10000433417723237,0.010821630427847975
2.4646434783935547,-0.42675137757845605,0.3848007082796364,-0.04283920223883986,-2.143820472549238,-2.086016165599586,0.18606784077877833,3.072814876040259,-0.017053602263052303,8.09109028324105,0.0033994544171581723,-0.1012122426834094,0.006986769276369317
2.4666686058044434,-0.4267817931081409,0.3848234982776539,-0.04281016305666657,-2.1437405129818137,-2.0859562399950233,0.18605173918924242,3.093670662362215,-0.16605717182278854,8.226328138478303,0.010395169712853671,-0.09321891619110868,0.007686210700139409
2.468703031539917,-0.4267574928022228,0.3848268096636917,-0.0428287476506273,-2.1438147023751677,-2.0859266763989712,0.1860868369501649,2.7074033634845396,-0.26216241538939694,8.35110016278794,0.006574913979935213,-0.1072670411319253,0.012208910149076074
2.4707512855529785,-0.4267590674655239,0.38479574278391016,-0.0428298985273024,-2.143798606810375,-2.08600740760877,0.18610762805985653,2.9541521550065877,0.16957663134390338,8.174790335506085,0.004052755550577306,-0.098924265173659,0.005887793437774054
2.472775459289551,-0.42675454043556593,0.3848213300762775,-0.042822058924754935,-2.1438246897468805,-2.085960671196451,0.1860469957078958,2.9114224769164556,-0.2943935752582655,8.30968078312376,0.016204825721415524,-0.09969001016955778,0.006782229809050118
2.474799394607544,-0.42677395854119815,0.3848185864064909,-0.04281525048002019,-2.143781025723691,-2.085944296917457,0.18612639867123076,2.9120946689905383,-0.04620700071888503,8.125271765158072,0.009943935042347729,-0.10169135141975182,0.012055034217519169
2.476823568344116,-0.42676091307368347,0.3848010691683334,-0.04284333552920705,-2.1437886230118552,-2.0860281223433517,0.18610375755951866,2.982444742267873,-0.014159135633608044,8.064827101282091,0.01207055117876696,-0.09684505655560145,0.006627175151188749
2.4788475036621094,-0.42676115342224924,0.3848176270570601,-0.042828611232027386,-2.143794058693505,-2.0859740295419456,0.18603667130939172,2.5529262985318644,-0.3903320636063642,8.197273093353724,0.01976627859714122,-0.10691990967295002,0.014050691742454591
2.480869770050049,-0.4267729556539347,0.38480466997339113,-0.042837378592318176,-2.1437512015470848,-2.086016182279861,0.18609016683346455,2.920696269219607,0.19390402404400311,8.029771068488069,0.007113516270376831,-0.09871352686195842,0.007365080158788532
2.4828977584838867,-0.4267708004573383,0.38480435998067625,-0.042835627177428004,-2.1437925624034526,-2.0860025697557325,0.18608269758976276,2.7430306985529405,0.06837121462762497,8.24393183142869,0.012809645045984792,-0.10008371426223817,0.011539375129377317
2.4849839210510254,-0.42675368419703474,0.38479968787935126,-0.042840281478741055,-2.1438017986660802,-2.0860299029221814,0.186078505367902,2.7717317274886137,-0.09999728358540053,8.064463888044559,0.011869672604760644,-0.10270359776730865,0.005479311822336299
2.48701810836792,-0.4267571267219397,0.38480765538958955,-0.04283522021403274,-2.1438038559151837,-2.08600341665884,0.18611103307299348,3.03958163161652,0.2433526414818614,8.217123930558023,0.008401283741008991,-0.09589091913239704,0.006406471720638872
2.4890635013580322,-0.42675574056989224,0.3848255917662843,-0.04282180920827658,-2.143818289497041,-2.085948971269501,0.18604635185876664,2.673247883837544,-0.44636589526438564,8.201532310822943,0.023521880737296743,-0.10697235556777661,0.01240257336159027
2.491105079650879,-0.42676353055260574,0.38481695662273985,-0.04281979626088883,-2.1437833556190156,-2.0859879637407293,0.18607119454962318,3.1495622699630097,0.2816767054611389,8.062972754623585,0.00938419466862344,-0.09497323648274204,0.0030710667342942364
2.4931375980377197,-0.42676559541658027,0.3848122404188439,-0.04281736313993481,-2.143778967965715,-2.0859988253016923,0.1860737390726306,2.79474872958708,-0.2517981806131926,8.06718754388486,0.021422322829574528,-0.10095774919042394,0.009197247748846208
2.495161533355713,-0.4267715064011688,0.3848000696175543,-0.04283083476476407,-2.143779379873608,-2.0860030310486524,0.18610249490593145,2.8727143850055006,-0.0008140431333177045,8.036519733023022,0.01774516777991686,-0.10126326199042589,0.005879313100449203
2.4971864223480225,-0.42676154508199504,0.3848111887836432,-0.04282377274022087,-2.1437759099297065,-2.085996465979121,0.18609980020086178,3.1071728621716725,-0.054291569559527714,8.266649668913297,0.021891233676580333,-0.09546168227399711,0.0002667785287792561
2.499211549758911,-0.4267490697096666,0.384812307571839,-0.04282937827426947,-2.143792653349129,-2.085995671110409,0.18610769713954717,2.9990947865889774,-0.021714058744836576,8.096991926203543,0.018573299369776856,-0.09920303788891768,0.006568482706757738
2.5012364387512207,-0.42676821271010845,0.3848006831819191,-0.04282369518885945,-2.143799537522585,-2.086002808403213,0.1861367279802676,3.101648250430732,0.16445908183169994,8.122393161650068,0.019281345604926205,-0.09236425823352647,0.005078580495143777
2.503260612487793,-0.4267572992777016,0.3848157950236863,-0.042811024086224087,-2.1437912176882343,-2.0859574041397773,0.18602875355202864,2.7338798928366996,-0.14212836044453572,8.309896544700377,0.02312604150069381,-0.10294277622954269,0.00991499742421462
2.5052852630615234,-0.4267546750245991,0.38480087813867514,-0.042838190612766364,-2.143837076267484,-2.08598039974245,0.18609946007038033,3.1892760927408865,0.09787572005582881,8.168825253256678,0.019474083230951133,-0.09204966982537484,0.0036024226328594056
2.5073094367980957,-0.426772832324158,0.3848117414903926,-0.04281738339017724,-2.143768093680524,-2.0860005878552075,0.18607245948540735,2.7860195423748264,-0.24563234445711743,8.145085469182838,0.029691070859025896,-0.10070536162866678,0.006536210572043437
2.509333372116089,-0.42677659411129576,0.3848014504909976,-0.04283009110846864,-2.1437489191087384,-2.086042104942465,0.1860795484149495,2.9281318507587435,0.13303487928103397,8.075268169566518,0.020084901738765985,-0.1004271871003484,0.004468289370866382
2.511357307434082,-0.4267657340015416,0.3848097740729087,-0.042814369432059046,-2.143768544153775,-2.086012591825818,0.18609180362111832,2.880797434850538,-0.07054536053407767,8.202648712316652,0.02686139683634283,-0.0972475648101777,0.009839840083449595
2.5133814811706543,-0.42676550086162773,0.38479148080927494,-0.04282235962789982,-2.1438155498567655,-2.086005705579128,0.18606836241657673,2.9011156317430213,0.07251459301439733,7.864200953337566,0.022537352452263303,-0.09950128945870973,0.004400698307775345
2.5154054164886475,-0.42676855367267624,0.3848004377856045,-0.04282510638177359,-2.1437779298176505,-2.0860355792408813,0.1860623249302643,2.908147597543179,0.2086079157194746,8.092847488545827,0.026060891549326646,-0.09602049098138236,0.014083240109014721
2.5174295902252197,-0.42676537572617473,0.38478055285647056,-0.04282862192236506,-2.143785669194763,-2.0860216035109693,0.18613378170098133,2.896121721998802,0.06845059665341191,8.138122673092138,0.024968168581889993,-0.10037108218908326,0.0054910293602746345
2.5195043087005615,-0.4267740233874049,0.3847900454987797,-0.04282656157714729,-2.1437481153754967,-2.086048175907008,0.1860997419598331,2.7522476504601285,-0.08965245783042539,8.13998979255099,0.029301355004149987,-0.10082662601767547,0.00537271609331246
2.521528482437134,-0.42676400735978864,0.38479554117731857,-0.04282675409769812,-2.1438178371540637,-2.085993496743424,0.18613482559655525,3.005573694108703,0.11354537043673824,8.137742282787878,0.03152753671274959,-0.09132230626107421,0.0002123865536799007
2.523552417755127,-0.4267659892596775,0.3847820530506022,-0.042826285773414186,-2.1437905741211036,-2.086040081297539,0.18610590638697042,2.9147213312619726,0.243395989340235,8.20119933524563,0.027134934621303064,-0.10159045020425785,0.0023199878569663632
2.52557635307312,-0.4267633548074651,0.38478838908287566,-0.042842974392033134,-2.143847997863958,-2.086037867003773,0.18614039863445345,2.7071293088405204,0.25963952082933883,8.283287184907968,0.028436994698816886,-0.10028803195909533,-0.00026444514274139366
2.527601480484009,-0.426749044263611,0.3847857447699413,-0.04283801622003988,-2.1438564566857408,-2.086036003227553,0.186082324638613,2.792157072181818,-0.14823434991938217,8.341923469030421,0.030243926594459236,-0.09825253779261525,0.00801455170736325
2.5296261310577393,-0.4267524259353656,0.38478386103467793,-0.04284483764333741,-2.143897598124126,-2.0860107681486326,0.18615568019934373,3.027711832358679,-0.0004066143536565203,8.355093541066003,0.031126570459019214,-0.0873593141912526,0.005089176578977624
2.531651496887207,-0.42675657876403966,0.38477972515395137,-0.042830184489160095,-2.1438338078629395,-2.0860483778155254,0.18608543555606505,2.706581377299596,-0.031279469396504264,8.206838014010199,0.031044175526121084,-0.09778679248218476,0.0051526831491069056
2.5336763858795166,-0.42674354818078436,0.38479893952672944,-0.04284852228382227,-2.143893385243055,-2.0860000782369204,0.18611102866777451,3.1178258565225097,0.43907594736831257,8.325909529674814,0.03407099176913146,-0.0874369626962136,0.002292582678227415
2.5357015132904053,-0.4267621539383527,0.38477101128685626,-0.042847155876694326,-2.1438168662623274,-2.0861008600726083,0.18614344938592248,2.836933376730993,0.44715890625106397,8.011567662702097,0.029022399277343996,-0.09767386873023377,0.004071885239691231
2.537726640701294,-0.42675227655188963,0.3848031870076294,-0.04284519127177755,-2.1438412089429053,-2.0860129132423237,0.1860920221774307,2.797188909587037,0.35460770943029396,8.17678292058693,0.030407594966316873,-0.09348534797287267,0.005556314479020004
2.5397515296936035,-0.4267629470891622,0.38479684623244703,-0.04282866171904126,-2.1438013243705756,-2.0860376820672077,0.18608798662348458,2.8229537067737773,0.15317140752239752,8.049025999026568,0.029923449069858235,-0.09411550660685926,0.0012775386053737996
2.541776418685913,-0.42675563319287035,0.3847972770496261,-0.04283253301941681,-2.1438494199049005,-2.0860236350642034,0.18607639814503454,2.680433551557525,0.1333171517557785,8.120680651867515,0.036735247360537016,-0.09606103354823947,0.006403644482323641
2.5438015460968018,-0.426752460075201,0.38479924331882115,-0.04283242077876401,-2.1438223649467396,-2.086032351023857,0.18610218561266562,3.0202079279098464,0.5187953266349865,7.947651175251022,0.031494870988008,-0.08686327488623127,0.003393969157648653
2.5458264350891113,-0.4267486888537192,0.3847701287911708,-0.04285068610610551,-2.1438542883683818,-2.0860920685690867,0.18610382455592556,2.5339797590664395,0.05685219387797946,8.114420907861513,0.045549943578222625,-0.10104866254829716,0.0034312878422073263
2.5478515625,-0.4267589980201045,0.3847646582443816,-0.042843231480959615,-2.1438243893995352,-2.0860980183920725,0.186127641001416,2.7848002257481705,0.36394416511243505,8.21416682770415,0.03595379580625379,-0.09573331968689393,0.0012760758741530917
2.5498766899108887,-0.4267646625771829,0.3847676653432345,-0.04283706618858446,-2.1438640203263035,-2.0860502307929067,0.18615851862906896,2.609548096514551,0.10420775432614482,8.185560571151136,0.03453149813740409,-0.0973450714777007,0.010799747154859929
2.5519015789031982,-0.42675816458258525,0.3847816903470121,-0.04282821816460444,-2.1437929905696094,-2.086082964079775,0.1861157327042939,2.6748492348713393,0.4830404272852601,8.158957746115274,0.02956650270872905,-0.09310259168152278,0.0014869921407665975
2.553926467895508,-0.4267581338864168,0.38478548706973653,-0.0428301812545101,-2.1438243811473385,-2.086041706323603,0.18612688000064473,2.447814583938078,0.17593326479183224,8.170092617899856,0.04013860623245438,-0.10213638338669817,0.008181433340233872
2.5559513568878174,-0.42676283825280337,0.38476470160731047,-0.04283647564921403,-2.143801192050847,-2.0861033624329095,0.18611608438134292,3.0760801591771214,0.38227489714940244,8.093419965092636,0.043772734802258455,-0.08310159247588134,-0.0043152101153293996
2.557976484298706,-0.4267471725372526,0.3847714481296199,-0.04284534522463959,-2.1438886292768276,-2.086054076540558,0.18612874360093926,2.561915588330088,0.2503485448787855,8.085088740230644,0.0401162474329164,-0.09658083098979114,0.0017759286132818328
2.5600013732910156,-0.4267556640373436,0.384776520622327,-0.04283094950858335,-2.1438278331131806,-2.086078941353728,0.1860865225187969,2.5930267870081067,-0.07679048082689438,8.185756421334412,0.043601564628356765,-0.09398347332517624,0.005731773853684863
2.5620265007019043,-0.4267533959234968,0.3847661227981205,-0.042844997456486345,-2.1438601099268615,-2.0860695943319127,0.18617734267589994,2.7771558090009814,0.26192211684051714,8.26856935450615,0.03753190653092646,-0.09183741578794583,0.0021386066033951146
2.564051628112793,-0.42675740123136296,0.38477233733173116,-0.04283447968372109,-2.1438507593201774,-2.086069559653694,0.18614534506401956,2.508539051817643,0.25646600475740666,8.308008781237938,0.04217275304135999,-0.0981177605638365,0.0064764429761670905
2.5660765171051025,-0.4267452970964424,0.38477999122214657,-0.04284206311453645,-2.1438871082174207,-2.086047478100786,0.18615865270709372,2.9415906689808597,0.4502639771554082,8.10329687637389,0.042917272432483534,-0.08773029181032872,-0.0025488089877809764
2.568101406097412,-0.4267473564990326,0.38478706025074455,-0.04284033048050928,-2.1438633470533044,-2.0860487667833754,0.18611016340198241,2.6781095189943143,0.34029770951893723,8.027130229520049,0.0379769534281005,-0.0927591869595078,0.0005908736059645359
2.570126533508301,-0.4267460367403255,0.3847856117843679,-0.042846177104945427,-2.143863127691602,-2.086076406865803,0.1860709535653633,2.8203804954171208,0.4531589228431442,8.099001052177929,0.04083359599315802,-0.08735859045124199,0.004620251338972535
2.5721514225006104,-0.4267489881915553,0.38479651025406253,-0.042834986475644876,-2.143848610924951,-2.086024222151903,0.1860910311993293,2.6601083491013258,0.4026316974392261,8.158202567638108,0.037991762906658844,-0.09219301150232782,-0.0040786585246810015
2.574176549911499,-0.4267451734704617,0.3847744306643612,-0.04284596257076431,-2.1438816748988576,-2.086071465749763,0.18612405905629759,2.4557783396048007,0.12513964985773982,8.304560118790073,0.04909793906490012,-0.10047172179315655,0.005615126678985116
2.576200485229492,-0.4267555004928348,0.3847768808495288,-0.04282565909797317,-2.14383613833169,-2.086057476134926,0.18613562172581505,2.8524353249460725,0.38570380292838735,8.071281490306998,0.04491521279666402,-0.08791930061171782,-0.0005833416602888351
2.578226089477539,-0.4267391316835454,0.3847929829718523,-0.04283683856244455,-2.143907884458631,-2.08603747025596,0.18607886130773119,2.5845552091594284,0.2784852230497409,8.05911063572379,0.04373293923636882,-0.09344977498266191,0.0008001824101160713
2.5802533626556396,-0.42675266127958045,0.3847894614230206,-0.04282950808749045,-2.143865377536915,-2.0860313646485227,0.18612493527819482,2.6331119418843434,0.28748398000661746,8.218694194386723,0.04241617978038886,-0.08795101213142688,-0.0001784012268122026
2.582320213317871,-0.4267438701316938,0.3847839632355112,-0.042841275152920105,-2.143908150611253,-2.0860527049443247,0.18610857552870208,2.670245097707255,0.2834834534178401,7.950429370142781,0.04146399560748381,-0.09144669353560556,-0.002245414981157357
2.5843567848205566,-0.4267430755629001,0.38478767580118806,-0.04282736466282766,-2.1438792951654984,-2.0860409704411316,0.18611207921622666,2.7925384633930124,0.2632811649434178,8.159014624283031,0.04421669666109519,-0.08931771253551712,0.004183119447049017
2.5863890647888184,-0.42674481671635867,0.3847846241717712,-0.0428407804800045,-2.143869520069493,-2.0860526237149912,0.18611872929518225,2.87952667922042,0.4840664221209492,7.9799805948662375,0.04113199417682387,-0.08801330713503001,-0.004013157436066565
2.5884206295013428,-0.42677200515184843,0.3847663548429211,-0.0428333042982022,-2.1438461458881397,-2.0860670226756444,0.18619501989411658,2.649087702774959,0.10384238339613952,8.040578616408128,0.04618349594186482,-0.09144698359463892,0.0025050588411318596
2.5904383659362793,-0.42673951019162715,0.3847603391504209,-0.042854841285663414,-2.14391418532284,-2.086073122789202,0.18613688732365127,2.9581638558873697,0.29646752767289314,7.9348464370293605,0.0455585809041949,-0.08105659332086276,-0.0036049681404188502
2.5924601554870605,-0.42677368862593634,0.38477036815505,-0.04282643346393861,-2.1438014049993694,-2.0860834216094273,0.18614692725428345,2.872774299039969,0.595660724560257,7.952282796020195,0.03510529481161264,-0.08743047634752565,-0.003510309796235786
2.5944769382476807,-0.4267510631027195,0.3847821957490481,-0.04283354030755476,-2.143874259535074,-2.0860349363520414,0.18614123746187924,2.7604378523002584,0.16546521976110817,8.004799239427207,0.05084541099353075,-0.08875793974442044,0.0005686588689303804
2.59651255607605,-0.42676581026063554,0.38476811859257,-0.04282548587619159,-2.1437947162772173,-2.0861113682793713,0.1861101079696195,2.8642717439410466,0.348846334482224,8.091455033245413,0.04684817263627113,-0.08857566695336046,-0.004028950590376913
2.5985398292541504,-0.4267539292490457,0.38476913857759243,-0.04283524218439125,-2.143856761125432,-2.0860866850907054,0.18613364506651597,2.504848947998096,0.2580937466671903,8.03029054297456,0.044740475295617164,-0.09911333224430972,0.00037514843503886133
2.6005637645721436,-0.4267689347994887,0.38478607342230303,-0.042815871536367234,-2.1437919036643045,-2.0860468866166335,0.18616631673897008,2.6273657972053526,0.5197338686719728,8.123715513500894,0.04086547797871184,-0.09024500409888693,-0.0018856866903719603
2.602583885192871,-0.4267563737252227,0.38477640661528545,-0.04283977427233787,-2.143884952006888,-2.086044002450101,0.18614418685429976,2.769772376597627,0.5828998300528682,7.963662474019175,0.036354742540126626,-0.08989312671499548,-0.0033326826849416962
2.6046037673950195,-0.4267559964505985,0.3847666441050248,-0.04283556522649393,-2.1438562991913535,-2.0860803952214306,0.1861684581596902,2.7933882730609367,0.247626072241892,8.046343418982033,0.05066589356242894,-0.0863359695299956,0.008240433655825037
2.6066207885742188,-0.42674272243398226,0.3847968027364258,-0.04282186580496572,-2.1438661277230917,-2.0860422428577503,0.18607186050313979,2.8938147339761606,0.5586496346359662,7.897326068329845,0.04481672112883317,-0.08357419166511629,-0.005466648494624525
2.608637809753418,-0.42674579553338365,0.38477426716375623,-0.04283019636333826,-2.1438595722184677,-2.086080546041238,0.1861006415848112,2.713050101103311,0.1053954051917669,7.996015415438897,0.05050646408605517,-0.09049341917453538,-0.0009427700244720293
2.610654830932617,-0.42672444671470733,0.38478372789758547,-0.04283657431418503,-2.14395308066967,-2.0860334849385858,0.1861032343821866,2.5469179350769284,-0.2406034739437025,8.147376555017273,0.058370799053478764,-0.09008270644564662,-0.0023121036807073805
2.6126716136932373,-0.4267567295817811,0.3847774611449405,-0.04283302101137093,-2.1438555354242563,-2.0860809777186207,0.18611966168311714,3.090206436718308,0.47264509842660446,8.011366519204785,0.04444698867721317,-0.07597755527640364,-0.004324552066786464
2.614689588546753,-0.42675869151659135,0.3847668757065555,-0.04284022294675535,-2.143811476134771,-2.0861463098690747,0.18610580061395923,2.666927758985257,0.2825665727687068,8.149837590528492,0.04477488176423881,-0.09008522147294912,0.0013453679967853818
2.616706609725952,-0.42675467902834024,0.38478270756168165,-0.04283104885198358,-2.143857307024633,-2.0860566575468136,0.18611254406180305,2.8301307705469716,0.07931505751562701,7.9902662686031976,0.05762627955404202,-0.08227466818836032,0.001721980547930057
2.6187238693237305,-0.4267469926376932,0.3847622595132592,-0.04284295362625881,-2.1439298767951613,-2.0860706659497374,0.1861722827346222,2.7617727384066755,0.51110213367205,7.909151036664131,0.04498698413192109,-0.08538803502457099,-0.006101793847310518
2.6207406520843506,-0.4267513228509181,0.38476787415016406,-0.04283842595165677,-2.1438863225507685,-2.0860953236092197,0.18616853041619225,2.6976817392448558,-0.03370247146089371,8.064410408518956,0.05508235689168219,-0.08924109533879342,0.0038010765746041997
2.62275767326355,-0.4267304211839198,0.384762865579115,-0.04284435742990153,-2.1439142462235004,-2.0861012517476745,0.18609465253732083,2.750255150690161,0.38483831886372993,8.117270299625725,0.04471348983296898,-0.08802099448322404,-0.004374973911035112
2.624774694442749,-0.42674068939260235,0.38476045294988465,-0.04284526878392356,-2.1438873830351937,-2.086123369450901,0.18614616864212905,2.760373292261469,0.4581324186921605,7.949342565649407,0.0460007341870172,-0.08614501084726235,-0.0014424195725111898
2.6267917156219482,-0.4267316428321861,0.3847726433224475,-0.042838903936898154,-2.143923597241976,-2.086079967047728,0.1861251539537902,2.5081395087332963,0.09363699304405512,8.082187692425501,0.056379897793313455,-0.09343478157767643,0.0005577054168561836
2.6288084983825684,-0.42675711348491285,0.3847578271939351,-0.042838864648844566,-2.143821847825349,-2.0861613007095454,0.186120007040633,2.7965674771107674,0.5996809535287586,8.108174587495858,0.04688423130029114,-0.08299706889218171,-0.002200629501207769
2.6308257579803467,-0.4267354025978984,0.38477358048045424,-0.04283523682011375,-2.143905712540973,-2.086085806961188,0.18611548927825083,2.7254371620187916,0.35737192780122307,8.094086210136082,0.046374385881294625,-0.08467718425153827,0.001014598673575777
2.6328587532043457,-0.42674615745187094,0.38477375391071555,-0.042839783040627216,-2.143888276767241,-2.0860683319422746,0.18615494835495483,2.6803939399956036,0.21575929024557544,8.191750616435293,0.05397345299066403,-0.08668758490990262,0.00578182154700037
2.6348748207092285,-0.42673648917654744,0.3847634316273634,-0.042847502765338275,-2.1439258600265663,-2.08608922389758,0.1861670261537694,2.9185537779004593,0.5234034053195662,8.099121677185567,0.05089535833032914,-0.0814148475709226,-0.007183002247088063
2.6368918418884277,-0.42674199873316054,0.3847694795162289,-0.04284167945829387,-2.1439122176272094,-2.0860921302982276,0.1861619122793092,2.8279469211230737,0.4100781558647487,8.142616269076298,0.050934975283428066,-0.08782480449963093,-0.00039859487412457
2.6389076709747314,-0.42674409008905756,0.3847514049127332,-0.04284541423031721,-2.143914789456206,-2.086115813772789,0.1861505274402294,2.611472382589607,0.22508818580776768,8.178742567349634,0.05829116640447876,-0.08759654335684547,-0.002097559576319038
2.6409237384796143,-0.42675038050618475,0.3847664613401964,-0.04283367668804508,-2.143880683569813,-2.0860830620894375,0.18612909501426267,2.8532759892986173,0.7953037026997405,8.131694575677054,0.04144276367777609,-0.08508980284591551,-0.008020563163017094
2.6429436206817627,-0.42674600825806913,0.384771050350449,-0.04283218468840694,-2.143856412655872,-2.086105501528965,0.18610659824793344,2.4327304199017137,0.34115548933604506,8.234721710212877,0.05044000798182642,-0.0932289412118206,-0.004186243342551677
2.644977331161499,-0.4267402115303898,0.3847618888762265,-0.04283965868068157,-2.1439198298235196,-2.0860840664594495,0.18614115695812117,2.6503037380618917,0.4132685822704256,8.115358245847963,0.05570999153077586,-0.08783685751453259,0.0007928572413622159
2.6469948291778564,-0.4267419859013016,0.384780025205577,-0.04283119384352324,-2.1438808563158758,-2.0860819626541276,0.18612993297467104,2.736912090270574,0.49459255325842266,7.949680710471601,0.054450430679070176,-0.0860335749451819,-0.006361903360144842
2.649014711380005,-0.426741956465835,0.38477990103657145,-0.04282905089423261,-2.1438891449967397,-2.0860547440480928,0.18612578902190688,2.597450947525589,0.3851809705515874,7.996963832641407,0.05378056184832687,-0.08940473932882483,0.0032188928575352556
2.6510305404663086,-0.4267506676312286,0.38475764668810736,-0.04282941603380519,-2.143890835920786,-2.086093743797904,0.18618379710263633,2.6717969004499578,0.34271218434287887,8.182714642941392,0.05981225679941487,-0.08412451812063654,0.000677156497983996
2.653047561645508,-0.42673866925505155,0.38477918981459713,-0.04283218468840694,-2.1439049776321,-2.086056233212271,0.18610750527809944,2.97654839070419,0.6060874836460681,8.0473333706607,0.050179224803011596,-0.07928558153185207,-0.007962276944055359
2.6550636291503906,-0.42674400211650393,0.3847816105969275,-0.042829303636265054,-2.1438832126427876,-2.08607829543465,0.18612434499730485,2.7855540414590814,0.11268368081939226,8.194717576456878,0.05878744832939597,-0.08672859346607094,-0.0046540681023965035
2.65708065032959,-0.4267315665246092,0.38475112233124614,-0.042847093239744255,-2.1439769587630897,-2.08608461047633,0.18616085963914888,2.5452107202580474,0.30370824437096006,8.200369140817424,0.059398011222061446,-0.09174805889429859,-0.00031615059110457096
2.659097671508789,-0.42674559373560034,0.3847710178026399,-0.042826940566388305,-2.1438609826332766,-2.086096428211423,0.18613479438124855,2.8174874842834843,0.5283817678722815,8.006435105508011,0.05078522125057719,-0.08055223675984527,-0.005307546755659676
2.6611146926879883,-0.4267488818156642,0.38476404778180423,-0.042825789586006635,-2.1438909316944432,-2.0860905538691252,0.18613435842326637,2.7558525163751426,0.12069994861401123,8.084105941450638,0.059842051317111775,-0.08533414530759337,-0.001856113807186633
2.6631317138671875,-0.4267424265286098,0.384752539957311,-0.042828545304726684,-2.1438822219384672,-2.0861201526817705,0.18617335102532184,2.492811657200651,0.3222652587667344,8.110837704441524,0.060549977902295965,-0.0850500321166319,-0.0047449134078962115
2.6651484966278076,-0.42673352552745347,0.3847884296506746,-0.04282689720071936,-2.1439124079016647,-2.086036406097986,0.1861197007825963,3.0091407167092186,0.3946919625813836,8.086122485291158,0.0510551162598313,-0.07973810226013947,-0.003609776834814884
2.6671648025512695,-0.4267464276637702,0.38475583587147677,-0.04283164632325415,-2.1438811701271008,-2.0861253465914187,0.1861642597396972,2.7208137670803696,0.19273037493238268,7.870476840270879,0.062189878748517016,-0.08571850384886218,0.004699436272473729
2.669184684753418,-0.4267455620955398,0.3847610442467128,-0.04282999275445781,-2.1438725872805042,-2.0861273333209684,0.18611932952626437,2.7633031714425975,0.16551527769443675,8.089096234739822,0.060566901348370665,-0.08352625142539713,-0.0018270710664795731
2.67120099067688,-0.4267481538021172,0.38475635965432736,-0.04283376504748829,-2.143889107063906,-2.0861194518228627,0.1861481538430226,2.8071398438925668,0.6112804128029089,8.01968413691343,0.051617789636222516,-0.0820832807393703,-0.003671116154711252
2.6732165813446045,-0.42674735540370345,0.384776502333422,-0.04282203053770747,-2.143874683498302,-2.0860993447309357,0.18613403411884388,2.347244950523064,0.32340915292782235,8.11124762722618,0.05710306344075733,-0.09284408158268263,-0.00039284873244969064
2.6752336025238037,-0.4267494168979571,0.3847649478848852,-0.04282057234476766,-2.1438539069378653,-2.086107313063017,0.18611493248313507,2.506683832182624,0.560499108566586,8.016369720025946,0.056424466702418095,-0.0879127334819818,-0.0068047221142465445
2.6772494316101074,-0.4267401530572845,0.3847676337121371,-0.04283732470443677,-2.143927424984359,-2.086061420697641,0.18616613357395445,2.8740419544546976,0.636634056261876,8.084264126635047,0.04822826088925473,-0.08262635534690134,-0.005247759390853959
2.6792657375335693,-0.42674602286742586,0.3847344763320033,-0.042843176294254326,-2.1438841436282323,-2.0861508364501544,0.18620412381855436,2.556203090867092,0.16662725971640918,8.122453737876947,0.06043394782901463,-0.08950532442199717,0.0019271861184150165
2.6812827587127686,-0.42674764248000174,0.3847448437436835,-0.04283110659697198,-2.143902110281073,-2.0861069284787535,0.18616898964096965,2.644382149302972,0.5139310258476258,8.106639174357989,0.05725277947067086,-0.08237696809113078,-0.0011611530802361266
2.683300733566284,-0.4267455132707862,0.384775158044988,-0.04282070895868567,-2.1438896332579884,-2.086068784864177,0.18614888634298168,2.828775880005151,0.5764129245980817,7.934942909433356,0.05243754822802155,-0.08136176425290999,-0.00507804552022889
2.6853175163269043,-0.426711377088253,0.38475550537644587,-0.042857121877285465,-2.14397742303719,-2.0861309696933397,0.18613280199500662,2.4990225732415876,0.23889051792714516,8.156448066785874,0.060201661477049744,-0.09077822804023848,0.0016203506316736435
2.6873347759246826,-0.42673963581947716,0.38474382459318296,-0.042834447570014145,-2.143915465611188,-2.0861266349562917,0.1861532901757813,2.646898776783215,0.5730064011747773,8.16003403508994,0.05758135797185116,-0.08433515584754862,-0.006099510780676421
2.6893515586853027,-0.4267459712084917,0.3847871792637084,-0.04281327817221123,-2.1438731673467504,-2.086069742112666,0.1861234904681276,2.899085743042667,0.3998688035969866,7.8340687868316286,0.05316752052272943,-0.0832225898746295,-0.006235168519290626
2.6913723945617676,-0.4267575944585981,0.38474996413001367,-0.04282539838841601,-2.1438626560218883,-2.086129627256847,0.1861392631935961,2.8252622912993712,0.4227915814122807,8.017768944337762,0.05611915126978176,-0.07921297998269305,-0.0005640289793036515
2.6933906078338623,-0.42676141133814605,0.384784853234494,-0.04279749408411629,-2.1438731726996108,-2.086013994124466,0.18615462603583344,2.6143416210739803,0.4448857775054695,8.072376478041912,0.05711942102133285,-0.08390252832599908,-0.0013298475865224871
2.695406675338745,-0.42673513596005447,0.3847705514109181,-0.04282645262882387,-2.1439183622415956,-2.0860885815644816,0.18613859082758522,2.9337954893839218,0.6027447525183365,7.947906890666186,0.051494962978412856,-0.07671231018838531,-0.006735861827606802
2.6974234580993652,-0.4267290216914921,0.38476884962430435,-0.04283102573554004,-2.1439600916607966,-2.0860768893392057,0.1861260928773033,2.604273472146371,0.12046403076073586,8.044059694928379,0.06038119685602477,-0.0873407325470654,0.00032873831683896335
2.699453830718994,-0.42673724672928404,0.38475047399027873,-0.042836062724607854,-2.143887161540686,-2.086145913979689,0.1861523552582857,2.826047851867239,0.32499744530646374,8.076918580237495,0.058804975945775294,-0.07972869751065356,-0.0073551507182571165
2.701493501663208,-0.4267613633882571,0.3847548359746806,-0.04282384095133929,-2.143884249013024,-2.0860756152768634,0.18620143381291626,2.7082303562927024,0.3863156760709313,8.023247363132896,0.05439084747590624,-0.08166455661915924,-0.005569918955789062
2.703509569168091,-0.426731353611697,0.38474226899491576,-0.04283207208457296,-2.143927486958939,-2.0861251172818798,0.18616642051618681,2.830087918624642,0.2703278737420265,7.952329726669284,0.05895410349170796,-0.07721296715325113,-0.002679495813070202
2.7055256366729736,-0.4267524931943182,0.3847623935503054,-0.042826727465770265,-2.1438637566623835,-2.086100276404626,0.18612867771535002,2.8642484233063072,0.420201925922043,8.128435768649336,0.061477981477426016,-0.07813217087135385,-0.0035944976726890437
2.7075588703155518,-0.42673738258378824,0.3847764503083876,-0.04281928054955067,-2.1438814810248155,-2.086104660430344,0.18612430414125156,2.474877498630954,0.38726968827375313,7.874142757754959,0.05503132804187412,-0.08828565134914244,-0.006284831883053182
2.7095754146575928,-0.42673738258378824,0.3847764503083876,-0.04281928054955067,-2.1438814810248155,-2.086104660430344,0.18612430414125156,2.474877498630954,0.38726968827375313,7.874142757754959,0.05503132804187412,-0.08828565134914244,-0.006284831883053182
2.7115976810455322,-0.4267449392482238,0.38476115824972745,-0.042821272628393775,-2.1439010557452156,-2.0860863026644463,0.1861595722231838,2.755499419638658,0.08667943281714144,7.877946905226669,0.061240904465777346,-0.08087442501924372,-0.0033840273157148826
2.7136147022247314,-0.42673226513595147,0.38475696065865694,-0.04282335030046558,-2.1438712845695007,-2.086146023884428,0.18614974331270986,2.7483483713832175,0.5691001134767709,7.869161598042682,0.051562115559315405,-0.08151911223429446,-0.002831235852672618
2.7156307697296143,-0.4267431569144706,0.38475949658696723,-0.04281549489262654,-2.143912007698208,-2.0860840395644242,0.18613894109509688,2.6279597361974063,0.27490892419461055,7.829652343400874,0.05964355477522145,-0.07977469784654996,-0.001066040174257309
2.7176475524902344,-0.42674077097356183,0.3847713929502134,-0.04280556589173509,-2.143890384156757,-2.0860891716610515,0.18615328974514517,2.737440838282973,0.4503434703795089,7.803698471208179,0.05373575226545069,-0.0801983349491513,-0.005799902060715077
2.719663619995117,-0.4267297509923502,0.3847535738309449,-0.042818628986658835,-2.1439453062878804,-2.0860839828038222,0.18617715150470965,2.762412407835992,0.1253594238730333,7.990248565247732,0.0564458098366293,-0.08367584689496038,-0.006118185427913829
2.721682548522949,-0.4267270910509463,0.3847805123771928,-0.04280268228171469,-2.1439167076921164,-2.086072846316491,0.1861116391519897,2.602391425268072,0.46671881437059703,7.9657137882273865,0.053563055655656944,-0.08311010299204127,-0.003590805235058758
2.723698854446411,-0.426741723899189,0.38475853593277926,-0.04281221558964643,-2.1439005511893034,-2.0861054092102607,0.1861458078302775,2.843493425370112,0.4504752395991589,8.019356974034029,0.054853943248151814,-0.07721067778650995,-0.008307166413580412
2.7257144451141357,-0.4267423231008153,0.384769705622142,-0.04281528528816389,-2.143887260181247,-2.086081829247997,0.1861513013198776,2.6678568813156494,0.5024060264069695,7.734115667487581,0.05616251414711144,-0.08131410550109615,-0.0019245961822915904
2.7277307510375977,-0.42674095694870806,0.3847697001515362,-0.04280688679969408,-2.143922851553186,-2.086052974413534,0.1861272050654476,2.7982282240763956,0.4319372887156135,7.933668009206974,0.06045358149227392,-0.07926314897168603,-0.007446509796669709
2.7297465801239014,-0.4267556659445581,0.38476832308022807,-0.04279388457960842,-2.143816725872265,-2.0861207467233407,0.18611648225532498,2.83851876329532,0.615646020533912,8.052203715731736,0.05152836210791546,-0.07911159819053563,-5.1352181179860346e-05
2.7317850589752197,-0.4267249942073064,0.38474239990236814,-0.04283515992548789,-2.143943564762214,-2.086136243554901,0.1861781947274281,2.5070472960850907,0.20707016731053066,7.920111656621197,0.05595416773191445,-0.08877293898695165,-0.006486010742805469
2.7338016033172607,-0.4267401098124345,0.384744845530433,-0.042820384075511086,-2.1438934006247696,-2.0861432642874975,0.18614943006685705,2.9727189926342463,0.17868569041808066,7.923376323881113,0.0616782650123719,-0.0760832645830058,-0.006775273553393814
2.7358176708221436,-0.42675416008213674,0.3847710069828015,-0.04279512690004128,-2.14382986206878,-2.0861031888612938,0.18614491538363992,2.6444163436652968,0.6533797158146986,7.841275729262667,0.04900372128038218,-0.08729652578090803,-0.00676092888395189
2.7378334999084473,-0.4267213585719884,0.3847421903680429,-0.04281820626616767,-2.1438779919267743,-2.0861526006129525,0.1861531388234295,2.5839826507199612,0.21405669186468732,7.8524092674506925,0.05526285176741275,-0.08639561591903956,-0.006881533293253029
2.739849805831909,-0.42673906041894616,0.38474693034235274,-0.04281502235756138,-2.143897249319938,-2.0861246615372635,0.1861687037352474,2.629648878837015,0.23255737920492978,7.8582453557885135,0.06090846007447726,-0.0821321196622702,0.0014568817855564464
2.7418668270111084,-0.42674319157757057,0.38474915834136075,-0.04281665102920465,-2.1439226351336176,-2.086103974499043,0.1861965251396353,2.6813844091140178,0.5137481742168207,7.840171172122419,0.05314196269470158,-0.08148875948364433,-0.009655312946897329
2.7438974380493164,-0.4267346641045474,0.3847629766410653,-0.04280231546635138,-2.1438780139814484,-2.0861025050360893,0.1861463698598597,2.6972390291280233,0.4567783569720454,7.861689109316691,0.054100310322797836,-0.08242179675745992,-0.004309477595255973
2.7459511756896973,-0.4267351419692393,0.3847608024397889,-0.04280393586302225,-2.1438891378010534,-2.0861160032095305,0.1860844773818486,2.4681195245885843,0.4649237558144483,7.964928716793599,0.057107373463108575,-0.09262215255996485,-0.0034863216951489095
2.7479963302612305,-0.4267322937442923,0.38473942107216247,-0.04281561965154229,-2.143936904641164,-2.086113209430638,0.18618969321441028,2.7007135669524294,0.7300437425314884,7.864309255618789,0.050603747478330845,-0.08192700766798217,-0.008076257469524388
2.7500219345092773,-0.42674743590636294,0.3847524688735244,-0.04280127011913762,-2.1438646146501155,-2.0861298205163177,0.18618311207107524,2.700274270971672,0.40428880427142466,7.880727369342392,0.05598020290241401,-0.0824113436120872,-0.006433752417187816
2.7520437240600586,-0.42673598092751414,0.3847723246855491,-0.042787220456849934,-2.1438600258582805,-2.086088199437708,0.18611699315318608,2.5445284690670174,0.12423377682773376,7.916838861091387,0.06357592910106567,-0.08511452499520393,-0.003621673791698905
2.754068374633789,-0.42673973683234767,0.3847599937336202,-0.0427905178489599,-2.1438625524618047,-2.0860990509846498,0.18618151354950402,2.72351692145749,0.6753044423267851,7.709770504681679,0.05112273135217676,-0.08185894566730648,-0.011396750329944855
2.756088972091675,-0.42675038012728395,0.38474782341071356,-0.04278733608820587,-2.143865411471896,-2.086095580922948,0.18615799248509604,2.427234605458792,0.674159177051501,7.647899672188314,0.051918862840725055,-0.089061829835848,-0.007868661709493789
2.7581114768981934,-0.42672530933311026,0.38475632083028266,-0.04279328122671461,-2.1439081280042847,-2.0860950008366723,0.18612904285144408,2.4153447453610237,0.2875880996434304,7.700775648432166,0.057203680543843505,-0.08722941034916487,-0.010379574956822384
2.7601544857025146,-0.42673844032910757,0.3847693828079301,-0.04278384491821588,-2.1438788657478467,-2.086058954742387,0.18616908994070264,2.602884047893421,0.7447987889568706,7.688431941367154,0.05327392958985838,-0.08262341953977055,-0.010530313749263857
2.762179374694824,-0.4267327705559416,0.38476891186440704,-0.042779755547154436,-2.1438932347181794,-2.086083688702399,0.1861219043681923,2.624773926715707,0.3506779040244864,7.5740162473312616,0.059726158597124705,-0.08407997914877652,-0.008222737463031987
2.7642014026641846,-0.4267361338207807,0.38476861809377794,-0.04277575505817438,-2.143870552105672,-2.086088252401436,0.18609822884301314,2.5174242439014893,-0.13636256216355308,7.829383258201033,0.06828823578056524,-0.08302528310381542,-0.005347394697005087
2.7662198543548584,-0.42674305335079415,0.38472448233543854,-0.04278677065385256,-2.1438797633092173,-2.0861554461969574,0.18617456844228136,2.8096344990701825,0.6286119984448727,7.7787735288077995,0.05729783953792684,-0.07779930578991011,-0.011327036671392173
2.768239974975586,-0.42672264611643557,0.3847701930531828,-0.04278444352972863,-2.1439008418492373,-2.0860831283900327,0.18612655807137785,2.744801027060136,0.5978805843010455,7.582155710338152,0.056855881376502965,-0.07709084609747993,-0.010576472977862208
2.770317792892456,-0.42672747248877874,0.38476054955569566,-0.0427789606519382,-2.143904461121838,-2.086093141855305,0.1861046876569362,2.465112700468083,0.47496250911326143,7.600800840366903,0.05970692305373333,-0.08533654628085888,-0.0013777435898142815
2.7723374366760254,-0.4267223192318936,0.3847536248801062,-0.04278476371256787,-2.1439052688098257,-2.086134358366096,0.18612116702161052,2.8359411215960333,0.34199162099682706,7.682800990735333,0.06407015794471917,-0.07162953022222492,-0.011448788167031373
2.774357318878174,-0.42673976436488403,0.3847747150935916,-0.042762820963271886,-2.1438648344881015,-2.086056587988911,0.18612188100171922,2.9123193204223163,0.605518824208234,7.653816593523762,0.04908383687257749,-0.07644764797451711,-0.012511879052912471
2.776374340057373,-0.4267518306965394,0.38474687564793303,-0.04277334485493725,-2.143851384353849,-2.086152456218105,0.18613367983255324,2.5353500400573035,0.10373628630050927,7.739211423707421,0.05925335422356823,-0.08760141526261,-0.005301597121847353
2.7783944606781006,-0.4267136610577599,0.3847636370085862,-0.04278457509477754,-2.1439384637144867,-2.0860961195569505,0.18614165532254756,2.8320779467720048,0.3157821296925776,7.702386390035959,0.05817500556049865,-0.0790239773857617,-0.012200580626311812
2.78041934967041,-0.42673306160302044,0.38475569668753523,-0.04276824831664472,-2.143920377963333,-2.086083883238789,0.18613836301258538,2.6711516979141576,0.1693613029376358,7.5062543713310745,0.06400213139520883,-0.0844896984131322,-0.012057634969198872
2.7824440002441406,-0.4267320968564599,0.3847650722272935,-0.04277566337751862,-2.143899052979674,-2.0860822946156383,0.18614029335627427,2.3887461948227022,0.33779274342839266,7.529442397351425,0.06373526506180036,-0.08961765177723152,-0.013932130361099622
2.784475088119507,-0.42671477572935185,0.384733570062427,-0.04278809559796229,-2.1439363329913927,-2.0861391584755262,0.18616311078677503,2.5705284075052193,0.732366394881262,7.52987633588188,0.051887240861500594,-0.08361908794835554,-0.01187233750596667
2.78649640083313,-0.42673953888941574,0.3847556467562737,-0.04276019923945598,-2.1438342140021014,-2.086147910837756,0.18609784913416585,2.596339828022826,0.4551507040655989,7.43553339934665,0.05013701243231107,-0.08368579806393947,-0.011711498820788906
2.7885172367095947,-0.4267338881039265,0.3847637248927309,-0.042754124190676285,-2.1438952204654402,-2.086073283092695,0.1861488499331728,2.5433549501908645,0.17580163678296148,7.570642365442773,0.06311535186681885,-0.07979903603699191,-0.002712336273342112
2.7905495166778564,-0.4267387138951161,0.3847308440029624,-0.04277035673860938,-2.1438919430533128,-2.086148152693765,0.1861727968032435,2.7554155758633767,0.8437669541291224,7.557776234604495,0.05278157465338323,-0.08089944305985015,-0.008653221788263828
2.7925825119018555,-0.42674750898706537,0.3847726589638736,-0.042736357079396825,-2.143837702498587,-2.086060034231826,0.18615559478947874,2.514037429385379,0.4382554089564168,7.371283986252772,0.06055645057668127,-0.08383099936973601,-0.0031975332117205046
2.794614553451538,-0.426736555005901,0.38477171936053045,-0.04274568232545506,-2.1438835421605518,-2.0860638737550383,0.18612371125819704,2.5007826948862606,0.4367168129390581,7.529824870421498,0.05784052013914501,-0.08489591784843625,-0.004775530451180227
2.796640634536743,-0.4267297206181112,0.3847597304965659,-0.04275172159856097,-2.143892832552181,-2.0860709099704637,0.18612908146823784,2.8177682607281573,0.7250770249716465,7.364673483575287,0.04884361266860755,-0.07715457361453142,-0.003802512218464625
2.7986645698547363,-0.4267464647130389,0.3847605977105069,-0.04273785356079077,-2.1438489036302992,-2.0860809716293995,0.1861381773889764,2.4032946642684694,0.11375710772272069,7.67175909688895,0.058146137650758094,-0.08854349592849048,-0.002159029919436676
2.8006885051727295,-0.4267130889328381,0.384756802984305,-0.042767206648826384,-2.1439498586227184,-2.0860968730968277,0.18612851588991514,2.476294648687323,0.43104184908839016,7.545353224545227,0.056302639554323256,-0.08740121210750838,-0.011140112882927369
2.802713394165039,-0.4267268064172688,0.38476805577608675,-0.042744443373866736,-2.143868044412558,-2.0860800973484266,0.1860862337046825,2.55285779676053,0.4692287878130613,7.347023424504031,0.05562365282435834,-0.08511401952760425,-0.014105770758360114
2.804738759994507,-0.4267460364454926,0.38476595492638505,-0.042732674960398814,-2.143829222238502,-2.0860730139683215,0.1861565939250283,2.47858264708612,0.3395329136387717,7.693762662057463,0.059399496556119105,-0.08798357115175759,-0.0042084073826414835
2.8067636489868164,-0.426728960557151,0.38475206333891515,-0.042752742477356165,-2.143894212995913,-2.086091529641665,0.1861416592808393,2.6835017578985783,0.6051981007786942,7.48404216953355,0.04878885156683503,-0.08253625819954945,-0.008453421583129464
2.8087875843048096,-0.4267221723381751,0.3847639502431181,-0.04274562943419333,-2.1439026504787537,-2.086067883459984,0.1861181084340699,2.464835322858187,0.4630487745515428,7.303960282205361,0.053139493170424094,-0.0850361544439421,-0.004720964614835463
2.810812473297119,-0.42674111026295436,0.38478116668922,-0.042727838057985607,-2.143838895918831,-2.0860593318959677,0.186111836045977,2.6313416256029742,0.3974016747516341,7.508812246927171,0.055943552803193734,-0.08475531852852686,-0.005968547831268085
2.8128364086151123,-0.42672303755201435,0.38475611086523276,-0.042740944031082084,-2.1438807838916074,-2.0861096155645713,0.18609200708734874,2.6606414842650334,0.43810993727652225,7.239620330626524,0.059931465684775365,-0.0855052021627337,-0.016829691381471543
2.814861536026001,-0.4267372460873395,0.3847596914376265,-0.042731681774030694,-2.143838284122884,-2.0861009257229735,0.18614276272489533,2.5909756080411475,0.13305421113095323,7.516098123567348,0.06278330609245214,-0.08412684307031833,-0.004653216216137143
2.8168864250183105,-0.4267308352365519,0.38473962723623784,-0.04273965852969677,-2.143898734328177,-2.0860831346878568,0.18619456883599933,2.672734840759611,0.38454375972016563,7.437190351246707,0.051404904250431475,-0.08025392407261489,-0.007604759326870067
2.8189220428466797,-0.4267493226447745,0.38477902169084166,-0.04271512873317493,-2.143802386348761,-2.0860607806010125,0.18609033754265733,2.517225364385073,0.5200586301423135,7.248520766220954,0.04878320848803369,-0.08466663133881724,-0.007425232979349802
2.820948600769043,-0.4267181724456746,0.38476512322799417,-0.04274144129829954,-2.1438794483229087,-2.0861003857035407,0.18605217672507707,2.2971002193028207,-0.035043193801006345,7.215747010542057,0.0635082030812437,-0.09115714090266877,-0.003487961005978339
2.8229734897613525,-0.42673794487718353,0.38476096992417713,-0.042720619440661134,-2.143818235128073,-2.0860989240602548,0.18613492733123582,2.77858089888912,0.7311095517404533,7.084852900958181,0.04777076975061705,-0.08347367742977359,-0.013782878856591638
2.824998617172241,-0.4267422037726931,0.3847575886372153,-0.042725872474995125,-2.143840658086094,-2.0861026092237545,0.18613986248462558,2.4856418931415067,0.13970689600421,7.196271385131451,0.05881503020337955,-0.0900438315340906,-0.0031149776568369612
2.827023506164551,-0.42673523526300977,0.3847654732398255,-0.04272108934657387,-2.1438351201832977,-2.086091425015848,0.18611390861207788,2.8118548153945397,0.4499843753287684,7.297063441740954,0.05057604291818806,-0.075456048096944,-0.008215055250645274
2.8290483951568604,-0.42673890788794655,0.38476577436879933,-0.04271274205565756,-2.1438423555222577,-2.086067892841115,0.18608262626042493,2.6712422867092562,0.43389445556436224,6.9928363062325305,0.04759386656092206,-0.08150591248819945,-0.009267317661000507
2.831073760986328,-0.42673011139972816,0.38474948611671156,-0.042735520247431075,-2.143884484542622,-2.08607761480001,0.1861577398669544,2.447185425750451,0.1774390899731172,7.266018341713955,0.06273179623916153,-0.08843992545864324,-0.008682873992772391
2.833115577697754,-0.4267241221630397,0.3847609454897924,-0.04272306631494294,-2.1438731651411542,-2.0860778468674455,0.1861036706248478,2.7955964853392157,0.8050297638390849,7.240966329384622,0.04963631767973907,-0.07858119677188245,-0.012114007431491481
2.8351404666900635,-0.4267388986217763,0.38476722076927894,-0.0427067897689459,-2.1438443141516754,-2.0860556571643003,0.1860975519021491,2.427731834162337,0.24193266180748776,7.192147866019048,0.05582914389737089,-0.08961377474508982,-0.008335834071405326
2.8371639251708984,-0.4267341544993823,0.3847705348718433,-0.04271483222031361,-2.143839178675374,-2.086065640245542,0.1860895859483358,2.683376889611786,0.034108947133104056,7.41570454486997,0.05777353664232171,-0.07998964209332733,-0.011055463586712099
2.8391849994659424,-0.42675082653092405,0.3847564705513513,-0.042708829232983275,-2.1438036882565914,-2.0860974627913733,0.18611561497341406,2.910265510442546,0.6730351661239969,7.271915331515569,0.04293974141033566,-0.07967330575016612,-0.011255235557172193
2.8412039279937744,-0.42672522316180594,0.3847705902496825,-0.0427138458988883,-2.1438638948157247,-2.0860537387074523,0.18605280582774944,2.34776176402553,-0.11506302993767681,7.3112959775711195,0.0606516404157685,-0.09497581306293251,-0.006218215359004151
2.84322190284729,-0.4267391534484203,0.38474583703100695,-0.04271942640496185,-2.143870417123988,-2.0860626069955184,0.1861466229265566,2.887106768825346,0.718077176113247,7.15151544887079,0.04646738442811834,-0.08089396734153356,-0.011748225322838663
2.8452417850494385,-0.42673796621203763,0.38476819248520644,-0.042697644013749425,-2.143814522052892,-2.086075800187688,0.1861080403415065,2.480166491226028,0.33082925749219316,7.183515410396795,0.049282204295408534,-0.09110946900506635,-0.007611182874175356
2.8472747802734375,-0.4267505785398816,0.38474913355714757,-0.04270029279197385,-2.1438233524252177,-2.086069293017573,0.18615673917082368,2.7221195339386846,0.3479593420990818,7.3549590349076635,0.04826083992274833,-0.08205645468628617,-0.009424104929742102
2.849292755126953,-0.42674612717112714,0.3847773220188721,-0.04268743945432882,-2.14382519725251,-2.0860059155657495,0.18614049885523307,2.5730998142817336,0.2693648777643221,7.213663952907316,0.0457705468297992,-0.0907113774618045,-0.00464948675216184
2.851308584213257,-0.42674310982169833,0.38478349085104113,-0.04268336913875412,-2.1437618116633717,-2.086057018363955,0.1860775900703647,2.7740767016763646,0.2351093395576071,7.4193057644337665,0.049773028584294415,-0.08123410841731411,-0.010652662333664725
2.853332042694092,-0.42675106356214804,0.38476206032821236,-0.042689408612885255,-2.1438127095728094,-2.0860469072594823,0.18614493757119763,2.5428482225604965,0.32021412793560117,7.07188781348006,0.0468901426797105,-0.09036425050198298,-0.011332415619940235
2.8553664684295654,-0.4267236215356002,0.3847636072025414,-0.042696388323059914,-2.1438653258454035,-2.08603670012213,0.18613531607543224,2.4912650265777003,0.42675805926108057,7.23038315384211,0.04850756120194017,-0.09124245938966748,-0.006045245805384426
2.8573856353759766,-0.4267170918836542,0.3847589232315827,-0.04269478407906721,-2.1438261634523723,-2.0860844549062776,0.1861279115044288,2.6939070691548066,0.6880329359021465,7.070798340917281,0.036219223994170865,-0.08662285259675223,-0.012401687586854023
2.8594014644622803,-0.42672779313435844,0.3847667176406372,-0.04268657351569635,-2.1438228138894564,-2.0860528601283668,0.18611431033182427,2.180487833606984,-0.06440047240565747,7.18101343317863,0.054451934659135844,-0.09346686072443178,-0.001460014780903086
2.8614184856414795,-0.42675207282078276,0.3847791372684727,-0.0426736533755144,-2.143751018418719,-2.0860495969953763,0.1860926207840486,2.4224217687889715,0.6386772467428057,6.990266020863767,0.03660837528866814,-0.09111802770222854,-0.013319345156405019
2.8634345531463623,-0.42674827744855814,0.3847713355231599,-0.04267391557300701,-2.1437562223468416,-2.086051897146364,0.18610100577083188,2.2753015539850994,0.5349021401541942,6.994704136043699,0.044337255798414785,-0.0953887578520032,-0.002524279222072644
2.8654515743255615,-0.42674437586867897,0.3847766037997117,-0.04266696788264007,-2.1437348524327766,-2.0860566919826953,0.18609264641926562,2.787542651182421,0.7073634506687914,6.887666328002313,0.043244641626020694,-0.08526041224845145,-0.014832932802713913
2.867473602294922,-0.4267466641098511,0.38476792730970516,-0.042663286504179276,-2.1437600461202697,-2.0860568766988647,0.1860920563733367,2.43308335777089,-0.032203796205748564,6.960230585490882,0.04716130313438349,-0.09317088744664583,-0.0072149033380619725
2.8695008754730225,-0.4267392499987702,0.38477918045497655,-0.042653574258373794,-2.143785461697291,-2.086040593758771,0.18610891411229905,2.532457357469184,0.4691809210808918,6.857708084109019,0.043907766523940725,-0.09171713381383108,-0.003930524448833488
2.8715176582336426,-0.4267392499987702,0.38477918045497655,-0.042653574258373794,-2.143785461697291,-2.086040593758771,0.18610891411229905,2.532457357469184,0.4691809210808918,6.857708084109019,0.043907766523940725,-0.09171713381383108,-0.003930524448833488
2.8735337257385254,-0.4267481044222907,0.38479465640910376,-0.042641783222362506,-2.1437029265309175,-2.0860319967644307,0.1860325883812822,2.6147220056138663,0.3681378255905986,7.037274332171726,0.043829953358518026,-0.08870652059700782,-0.005159087438438303
2.8755507469177246,-0.4267298062325807,0.3847526637946073,-0.0426723235683944,-2.1437913436450446,-2.0861134201835734,0.186080102874141,2.351820764935381,0.4725040432329811,6.866916551058569,0.03675555807244709,-0.09539944643702063,-0.00594081279725607
2.877567768096924,-0.4267302178429098,0.38478018529817065,-0.04264497490469532,-2.143825019524447,-2.085983003817856,0.18608226625740504,2.4210594417248137,0.37778850100877415,7.062153127507661,0.04449084607710849,-0.09091246612596708,-0.012855631689749358
2.879589796066284,-0.4267427498505413,0.384761035805754,-0.04266129788026177,-2.143776787917472,-2.0860784183910224,0.186114839733526,2.61077041693346,0.3087185139483758,6.855181197010767,0.04375251263473257,-0.09402480945263614,-0.005500493927877365
2.8816065788269043,-0.4267314939164846,0.38475731091952076,-0.042670625416961955,-2.1438079529970717,-2.086092315544697,0.18610928961062062,2.836820273379744,0.039584499705954124,7.026819226921639,0.04500211249856457,-0.08439201338335361,-0.009496926972109025
2.8836264610290527,-0.426745564901897,0.38480510485899583,-0.0426275669898766,-2.143769700742499,-2.085983435353272,0.18605690402927144,2.220648167148835,0.25226313364331465,6.972329577956166,0.05929138869106501,-0.09033268157227037,-0.009096643158887191
2.885664939880371,-0.426724222126995,0.38475999304284386,-0.042672426086199505,-2.1438397550806325,-2.0860779175488458,0.18610859684883954,2.8895859929450705,0.878224183625817,6.892817316071607,0.040741697762263794,-0.08412404572493229,-0.015164798901081697
2.8876821994781494,-0.4267384925875732,0.38477595708319695,-0.042651497744271516,-2.1437870247592334,-2.0860471151835447,0.1860829334058723,2.3515367441877926,-0.07608048392670837,7.058954685869492,0.048658476493503064,-0.08985415517106612,-0.008593161450061504
2.889699697494507,-0.4267400422439398,0.3847613651959872,-0.042661883297944986,-2.143768215531977,-2.0861034984689817,0.1860833415050898,2.7098102965916757,0.25329705091412075,6.903767497865426,0.0383198290110962,-0.07917672764818029,-0.009039466902564146
2.891716718673706,-0.42673130920696406,0.3847643077411707,-0.04265788388077499,-2.14381281667503,-2.0860660682526646,0.18605069159967838,2.316083838268269,0.10390743016163471,6.964438620671403,0.05064181007519994,-0.09524108993536823,-0.005562034707922389
2.8937337398529053,-0.4267430102441381,0.3847662240473559,-0.042658758824673126,-2.1438033078367678,-2.08604628532133,0.18611495781444742,2.688206097546446,0.6703884230330321,6.9540053011687375,0.04490037934053635,-0.08805608038504446,-0.013273471156634716
2.895778179168701,-0.426752949361591,0.38476718643156743,-0.04264937422140849,-2.143768755307407,-2.0860697067711724,0.1860770388451392,2.4947622488429007,0.09103216557177443,6.78080727804871,0.052319314125539675,-0.0909366800586175,-0.003153995437985814
2.897796630859375,-0.4267322910769749,0.38475632750620303,-0.042661671126924844,-2.143827589886351,-2.08607277126549,0.18611764855643959,2.759767676748453,0.18937861219232344,6.820968765140501,0.04400230784845705,-0.07856933513369073,-0.014424800968560482
2.8998138904571533,-0.4267611806413771,0.3847682048141874,-0.04263696663172439,-2.14373493179,-2.0860653299182363,0.1861228033732863,2.5519038938197043,-0.06987900715764635,6.847951330651361,0.04718646070055554,-0.09097826229665436,-0.005304627775986275
2.9018306732177734,-0.42673521833199246,0.3847720975605179,-0.04266662726347034,-2.14380530828878,-2.0860556458590893,0.1861201537135444,2.792063951224362,0.09028074560324159,6.962122636024261,0.04987847046722827,-0.08438555424243856,-0.01460786809930666
2.9038474559783936,-0.4267344118050532,0.3847810128985717,-0.04264831856996651,-2.1438169141702836,-2.0860352507803475,0.18610034840321804,2.517237815400764,0.1868045103890878,6.830048673287969,0.05096940546393695,-0.08937322500794098,-0.006603683252746524
2.9058635234832764,-0.42673669201856973,0.38475953998856643,-0.042664586527625725,-2.1438173393217164,-2.0860840050813323,0.1861290910615464,2.7777577831270834,0.39257930427255305,6.972657821967946,0.049783779943499216,-0.08117174156982163,-0.01137314582809794
2.9078798294067383,-0.4267314852414908,0.38477909605023564,-0.042643921838655646,-2.1438063509941445,-2.0860170835391476,0.1860736141458496,2.594788662848474,0.27403981456962145,6.876970612160657,0.04187280919575038,-0.08874024594177249,-0.0087563971830468
2.9099011421203613,-0.42672987141837593,0.3847396228158973,-0.04266791570060102,-2.1438317161417015,-2.086110950500686,0.18611910719922437,2.427781015694877,0.30669991414171766,6.979330264114184,0.05110837660301194,-0.08870332105367262,-0.00874240173165643
2.9119319915771484,-0.42673121903637784,0.3847642109867418,-0.042663539719082405,-2.14380049113386,-2.086105013271375,0.1860793223398445,2.443102643354841,0.11056267963632395,6.832915751528545,0.053561923858989516,-0.09411855417693357,-0.013945164290387956
2.913949489593506,-0.4267339315792794,0.3847459953330642,-0.04267258434696736,-2.1438083351699593,-2.086108866619452,0.18612269892406924,2.327837875848619,0.05852260699394088,7.057382498380174,0.06335998706439785,-0.09475199706986814,-0.006829540702130627
2.9159657955169678,-0.42673768244782107,0.3847593108502471,-0.042653355149290084,-2.143809368851794,-2.0860580729697626,0.18610185441007107,2.4389760023911,0.48978988043963145,6.944213710154701,0.04544249376589123,-0.08885534045349479,-0.014314925564154054
2.917982578277588,-0.42673914163956056,0.38477946327469287,-0.042642074163994126,-2.1437733508865597,-2.0860584891966676,0.18607471181737179,2.432139058567012,0.04898408416466027,7.124607281273286,0.05144130203704099,-0.088605584423498,-0.005782154869230735
2.9199986457824707,-0.42673517346506434,0.3847659380958436,-0.04267166882448942,-2.1438127514105734,-2.0860799284255602,0.18610166673966394,2.630411986294059,0.32581042206737176,6.900704116323023,0.04630662625420778,-0.08250532929248622,-0.017636931039080577
2.9220147132873535,-0.42674639736934145,0.3847570853061025,-0.042662577982074595,-2.143781646259366,-2.086080617571044,0.18612377294527696,2.0931613335942494,-0.16602841500620194,6.933043440255286,0.05852764193040835,-0.09960366502214747,-0.005689943698963575
2.9240336418151855,-0.426737511244218,0.38475507383766266,-0.04266020576712329,-2.1438129300136475,-2.0860746587429597,0.18609682005968234,2.5962330690784565,0.2982161673879842,6.884382930140972,0.05214282537614875,-0.08724334442049966,-0.010163888188077938
2.9260497093200684,-0.4267326770007051,0.3847421397343402,-0.04267468037233027,-2.1438373590009183,-2.0860935382274475,0.18612283334330323,2.472723071010559,0.2405639589048944,6.986768920511061,0.046941268062495205,-0.09351375597283551,-0.005099937467627085
2.928065538406372,-0.4267308520696557,0.3847691661047088,-0.04267033382334651,-2.1438162621960086,-2.0860544056542163,0.18610028043765,2.5932202209596014,0.14923274405757808,6.929616250081337,0.04817486711035109,-0.08350737747853051,-0.008464814415858713
2.930081605911255,-0.42673420254144573,0.38473778569279843,-0.04266855752757498,-2.1438218018852546,-2.0860824119459407,0.18613333329810797,2.2039913434988803,-0.029490017380650255,6.9852767071919635,0.05094877872152446,-0.0917801508314703,-0.0012047107165504799
2.932098627090454,-0.42673479075009213,0.3847541358566531,-0.04266635351251935,-2.1437862305456554,-2.086097241867874,0.18610429864390893,2.5184990805295735,0.20485760265744676,6.982474459286619,0.052000741149518755,-0.08671529328250825,-0.0146107683865294
2.934114694595337,-0.4267268824959529,0.38475917345885674,-0.042668074858635496,-2.1438673462565303,-2.0860458916343214,0.18614489907208498,2.393389843197302,0.4153046477675704,6.928026240322152,0.04747924096055435,-0.0899372834581697,-0.01122841851529377
2.936150550842285,-0.42673023853769554,0.38475963752032655,-0.04266677663370305,-2.1438212939663437,-2.0860798631127464,0.1860985077178479,2.3964899787434977,0.1765068909164321,7.125211639089999,0.050939453036859254,-0.08939587348232406,-0.008721875056494688
2.938166618347168,-0.4267510856219554,0.3847434969358115,-0.042664688708290655,-2.1437884908906866,-2.086086467017615,0.18614409392233358,2.597319377229887,0.23698195463022192,6.91853185995854,0.04385207827933009,-0.08465274239830406,-0.013640256200538043
2.940182685852051,-0.42673514111825495,0.3847486626353386,-0.04267556275070525,-2.143848949978998,-2.086079190465353,0.18611709158036888,2.31398840713274,0.10343755119707235,7.104031761202459,0.05476253428104542,-0.09106299175514336,-0.005624342376840288
2.9422013759613037,-0.426725967389625,0.3847560722980686,-0.04267807285786179,-2.1438393150511343,-2.0860941000536988,0.18613168843420927,2.5684801696114317,0.6876161992536973,6.877823786689833,0.04338024440331724,-0.0863366139317812,-0.015061588408737715
2.9442217350006104,-0.42671818952317025,0.3847607637225541,-0.04266926187002623,-2.1438603369322164,-2.0860793712589234,0.18609647803921117,2.487857700091811,0.21775499413932037,6.96535779327039,0.05327215392315303,-0.08888039836612965,-0.008122027062405288
2.9462385177612305,-0.4267348077528868,0.38476311382840656,-0.04265721108080539,-2.1438146668377884,-2.0860470302291616,0.18609955437005507,2.554049020040692,0.3290125781860569,6.982038655000215,0.047759821825167546,-0.08386436174925245,-0.011046187447061316
2.9482548236846924,-0.4267322042107898,0.38474300861118793,-0.042678654883414935,-2.1438187008745513,-2.086141302982811,0.18607076207619172,2.5423692204673203,0.34869993483556955,6.854582365669657,0.044648362610641326,-0.08822988756417387,-0.011731098002271794
2.9502716064453125,-0.42673525460994643,0.3847653689081921,-0.042647623859378286,-2.143794315059539,-2.0860476745733725,0.18613267877506465,2.4644060232810996,0.2937076688904173,6.950567471608125,0.051645599624781664,-0.09003407629760185,-0.012911094116737177
2.9522886276245117,-0.42672397691919345,0.3847535217158549,-0.042671547418899225,-2.1438195336985264,-2.086119196970607,0.18608466521600417,2.7505941527954416,0.30775691357846957,6.663549676078669,0.05119196316325824,-0.08418862649008066,-0.013798425861247188
2.9543046951293945,-0.4267270083239171,0.3847414926314805,-0.04267571405002754,-2.143861322959101,-2.086087814846959,0.1861048125751537,2.2916978606240708,0.3418960382530368,6.839523611805824,0.04933753449108855,-0.09388644665806843,-0.00431131286055996
2.9563205242156982,-0.4267297689404367,0.38476348398605226,-0.04266603894650928,-2.143862084211722,-2.0860247173241944,0.18608566864355455,2.468195332842443,0.6148608073363327,6.866339142390124,0.03861469475697412,-0.09244931219565417,-0.012448868709325711
2.95835280418396,-0.4267456783585585,0.3847708534873591,-0.04265722282203188,-2.1437753966670856,-2.0860596741600843,0.18610857552562,2.425419506116611,0.13163725081872857,6.825818994660833,0.051508226394091826,-0.08641089472507958,-0.007136351344349992
2.960369825363159,-0.42672133313103167,0.3847850215279266,-0.04265462650578644,-2.1438365652118416,-2.0860047155131944,0.18605971093685839,2.5692736221041654,0.45694696685118125,6.661261781413142,0.04067693021775313,-0.08338272882918177,-0.01596763359467685
2.9623897075653076,-0.4267116838837797,0.3847383014226637,-0.0426871981243441,-2.143864131039024,-2.0860983553504235,0.18609949476926368,2.1528511805776493,0.25076101803493983,6.899041131993048,0.049721802075410514,-0.09646335022294476,-0.0034901735674302
2.9644055366516113,-0.42672260659170314,0.3847370237876674,-0.042676167686003796,-2.143817779710823,-2.086106290205407,0.18612955311250073,2.478500274953849,0.4959195862990132,6.786380751528377,0.04521888000145373,-0.0859017857746981,-0.013540957974855874
2.966421604156494,-0.4267277538782136,0.3847572661949098,-0.04266882960022267,-2.143824442866177,-2.0860882264445837,0.18609654777110712,2.4409336756105464,0.07879381743869376,6.759850946585675,0.05022108128869525,-0.0881547072367633,-0.006493881406835322
2.968437671661377,-0.4267365241367212,0.38477057531148445,-0.042659431177656776,-2.1438075240373324,-2.0860571671542134,0.18608755128857368,2.442713548908525,0.6503865532420969,6.778902503251914,0.0380358396247069,-0.08788495786414201,-0.008713193133420338
2.970456600189209,-0.4267297521944021,0.38476710211775483,-0.042672035914240486,-2.1438296953143907,-2.086072639007348,0.18608766294725554,2.2163264742910926,0.11418247107987804,6.836660866704473,0.047200198891036334,-0.09476902402431348,-0.009883456513446968
2.972473621368408,-0.4267160310108725,0.38477578084480335,-0.04266111207090159,-2.143821052438351,-2.086047942525515,0.1860429132280562,2.348811821496122,0.36107506335564327,6.619635154977148,0.05037344191410852,-0.0866781099773831,-0.00875491934285855
2.974489688873291,-0.4267292217753709,0.38476187985761906,-0.0426602957396566,-2.143817609747352,-2.0860837140969055,0.1861208668522917,2.3644031238110177,0.1855007190823767,6.688930880595245,0.050944811860496014,-0.08785764337020037,-0.00589152678679281
2.976505756378174,-0.4267317103454379,0.3847620799113866,-0.04266141352210809,-2.1438177441264217,-2.086042874442385,0.18608762077917967,2.271547061736128,0.3080434299087968,6.847798548918596,0.04920602023016581,-0.09192422548673644,-0.010144646947432895
2.9782583713531494,-0.42673840781072314,0.3847646922126352,-0.04266227009960827,-2.143794650814011,-2.086082646966664,0.18611468033362227,2.4167183730345503,0.7110915715177795,6.637923147873597,0.03784729862741796,-0.08887600595994723,-0.011028380999785772
2.980283737182617,-0.4267206804612676,0.38476727193974686,-0.04266110075409674,-2.143853557148781,-2.0860458748469424,0.18607917950962924,2.406301188477491,0.14779003873732827,6.767350917672726,0.054341349758803524,-0.0890256699345561,-0.0066614498891239635
2.9823005199432373,-0.4267440428315802,0.38477476081124545,-0.042649567188385945,-2.143772170983274,-2.0860518224899605,0.18607493046511211,2.605518373773708,0.49186230873552167,6.64324374294488,0.04073071713437306,-0.08736825923657253,-0.017233395037888934
2.9843199253082275,-0.42674226963914413,0.38476144063527756,-0.04265803959601558,-2.1438029332415485,-2.0860802872337416,0.18612413190157895,2.3659153921198293,0.2479131368009576,6.790562699599062,0.046264272531722786,-0.09178973812711036,-0.003783599885697763
2.986356258392334,-0.4267362933903452,0.3847698303645142,-0.042655727351811334,-2.1437733290584244,-2.086065258782383,0.1860890662169879,2.6982159513670654,0.31665900986483037,6.668588139489896,0.042815516702554575,-0.08354080588364014,-0.012146034869658819
2.9884228706359863,-0.42673420139603113,0.3847752459394807,-0.04265137186364787,-2.143804046774471,-2.0860510773621472,0.18609452055115216,2.3004676757879596,0.18325375881024875,6.739073526408031,0.04536650383176391,-0.09388416057138202,-0.0045456140698358375
2.9904580116271973,-0.4267347757094786,0.3847591062839356,-0.042665673221136347,-2.143753000332838,-2.0861276084399276,0.18606548550651952,2.5586446247277905,0.4099476200036831,6.706336267401925,0.039457191193611255,-0.08419206654084017,-0.011169035090630755
2.992483139038086,-0.4267298273843902,0.3847678717733884,-0.04266790575196125,-2.143825722998362,-2.086082425092066,0.18607646078641862,2.38787906442711,-0.11816406035078167,6.782867621514831,0.05123286213980592,-0.09264933888704811,-0.002208946230353715
2.99452805519104,-0.4267361050083351,0.38477256611922506,-0.042659304193595204,-2.143787219332869,-2.0860669429547896,0.18606473827767353,2.4537383438778315,0.47789803055829194,6.658249014277098,0.04007431276834461,-0.08983458180108113,-0.014019446368911125
2.9965715408325195,-0.42674332785469465,0.38476926001884654,-0.042657700749056976,-2.143806623143169,-2.0860338536291363,0.1860832821299842,2.35581715499433,0.16615656196858059,6.763959468722908,0.042344547302860414,-0.09767642105072764,-0.005076521832735036
2.998589277267456,-0.4267468652534553,0.3847690149243293,-0.04265612716964845,-2.143785377405633,-2.08604808388493,0.18608618790752476,2.6344675876249477,0.40190194514839117,6.835787115005822,0.03748845547029673,-0.08828735456105533,-0.012177010159317192
3.0006487369537354,-0.42675624895702435,0.3847914151514802,-0.042636792605195234,-2.1437399978314318,-2.085998457556739,0.18607368693449433,2.1520940344138926,0.11616255707894092,6.894628922274655,0.04041521814803075,-0.0993382022763346,-0.007880805703015706
3.002686023712158,-0.4267644151431431,0.3847766191897287,-0.04263314736682805,-2.143697158501287,-2.086036482970335,0.18604964261717438,2.551950891034279,0.4844655778556998,6.711332838434514,0.03504662153627852,-0.08495159393100807,-0.013999212876053695
3.0047361850738525,-0.42673635444349184,0.38477497725252424,-0.04265647783289722,-2.1438085222840004,-2.086042231749864,0.18606041678866364,2.4122714765856217,-0.012443496942730808,6.846461369534005,0.045415692709898314,-0.09580448901394853,-0.006482266315993301
3.006774425506592,-0.4267522485965509,0.38478215348992123,-0.04264942958154336,-2.1437590349448805,-2.0860130892485103,0.18609059390734808,2.6511927260604726,0.48733799470516886,6.786547591670405,0.03833998496206883,-0.0880492702324328,-0.012795941752876601
3.008810043334961,-0.4267333948078582,0.38477609331583973,-0.04265541734920006,-2.1437751729411865,-2.0860436960237148,0.18605313876219842,2.1696032120301316,0.006186743705759459,6.858997683920807,0.04690034432395525,-0.09890705548768003,-0.002969237659555129
3.0108444690704346,-0.42675221415510844,0.38480199478018223,-0.04262751889405375,-2.1437038593146123,-2.0860125257353537,0.18603807393138802,2.5533952282441037,0.4507320580443957,6.738729638303046,0.035165546871972424,-0.08577472640583207,-0.010774468623963895
3.012876510620117,-0.4267438553248784,0.3848073756680273,-0.04263618931861321,-2.143716546681065,-2.0860122687759763,0.18601101725094582,2.360118632688935,-0.08305974659397909,6.761188563408344,0.04032865356586422,-0.09900000956789377,-0.003871354695902304
3.014904737472534,-0.426740648145434,0.38478655823866653,-0.04264561492831345,-2.143741866684899,-2.0860475382522328,0.18603747605360588,2.855574521802197,0.3670266407029681,6.598414007510591,0.03472831963231695,-0.08567253810256761,-0.011586436250403544
3.0169308185577393,-0.42673279335303754,0.3847695971226965,-0.04266950902099112,-2.1438217526991936,-2.0860107352891304,0.18610922066350594,2.371744378132724,-0.03574938779880164,6.93843139179024,0.04330373620342151,-0.0969769407765442,-0.004093376103553426
3.0189571380615234,-0.42673342793301133,0.3847727507082416,-0.042668842630988135,-2.143773170621361,-2.0860649484610416,0.1860766435954211,3.0397435297087028,0.5976767796372432,6.728991790188839,0.028974874896243733,-0.07836968179422481,-0.010181497783906408
3.021035671234131,-0.42674351453675397,0.38479648716911746,-0.042642800579275525,-2.1437103905644577,-2.086032058965578,0.186062147641457,2.316587687976035,-0.13965133619597792,6.901024439139261,0.040943029793593606,-0.0987614252679742,-0.005746305381189207
3.0230610370635986,-0.42674916716316696,0.38477674160848446,-0.04264732957259787,-2.1437067691410703,-2.0860524728106355,0.18609318364576322,2.7204931993774464,0.26291650951602974,6.693465578289824,0.034455168194664015,-0.0875359332673971,-0.011270250475230418
3.0250866413116455,-0.4267339735908317,0.38479002255415434,-0.04265568872094355,-2.1437751278485986,-2.08600307777377,0.18604052566307372,2.306451355783144,0.13523363201387223,6.756054417679196,0.03744298169412102,-0.09790892305520094,-0.004375019592055598
3.027111530303955,-0.4267536781167107,0.3848193597398712,-0.042634165399945634,-2.1437158506713825,-2.0859650439168362,0.18602275390331388,2.6949257165431844,0.2857204668193986,6.585404829624502,0.03156097526133169,-0.09154712460672874,-0.014641491818553058
3.0291364192962646,-0.4267265721765341,0.38477297856695913,-0.04267209544355316,-2.143801892084081,-2.08604887689942,0.1860629145495829,2.3954100852921236,-0.008668462558164156,6.952161593904748,0.03966211845649556,-0.09709244330137023,-0.0071278704620613385
3.0311615467071533,-0.426742355276429,0.3847944121727246,-0.04264756930893904,-2.1437381534480724,-2.086029160015789,0.18600717690706797,2.5969228329148253,0.5655231387390189,6.846473997255217,0.023495244387671164,-0.09411959451652625,-0.012120252598779843
3.033186435699463,-0.4267380935536627,0.3847841334199798,-0.04265612719826617,-2.1437786135046215,-2.0860059003509877,0.1860445894807217,2.585711031755462,-0.03173453654683403,6.872640937192201,0.037463574453157816,-0.09021671584548836,-0.009905815269003047
3.0352115631103516,-0.42675724116747804,0.384783594092158,-0.04265570045455644,-2.1437186667425294,-2.0860050594317614,0.18610424607165071,2.5593599924383064,-0.02537502535299517,6.787209030357702,0.03224750470815086,-0.09607235537584978,-0.0068767695464576895
3.0372378826141357,-0.4267360273532639,0.3847866141086379,-0.042662645216782674,-2.1437592810203787,-2.0860323732528543,0.18606164814660106,2.6918917710972208,0.24390838950357616,6.926807564936852,0.03513277468227089,-0.09029433139697363,-0.007748846366616515
3.039268732070923,-0.4267262608327245,0.38477241576192034,-0.04266355256770696,-2.1437732245324597,-2.086049269942857,0.18605279885235418,2.5173856149061034,0.10854216461651318,6.868154326081209,0.03087335281430451,-0.0970310016977983,-0.006036699707592543
3.0412933826446533,-0.42674871911334544,0.3847822374378328,-0.0426527476206395,-2.1437177650594013,-2.0860312601345585,0.1860743067799659,2.7493849041316505,0.45830634535049036,6.906462873367934,0.026648095464870493,-0.08428060037780796,-0.011898962077746069
3.043318748474121,-0.42672972309475954,0.38480345422167184,-0.04265281719506217,-2.1437667671798013,-2.0859803517028563,0.18601760679300167,2.577445462585791,0.1287429595306888,6.852593338643627,0.030012407426034934,-0.0948785792862095,-0.003632969736487493
3.0453433990478516,-0.42674803010267565,0.38478382309343334,-0.04265716793845051,-2.143745410984385,-2.0860174941100227,0.18607295668049967,2.7504453012542927,0.7178582362603101,6.885626107209729,0.020367047415761428,-0.0918296185771841,-0.01212876032605779
3.0473685264587402,-0.4267480018183154,0.3847745387202834,-0.0426644214021161,-2.1437473738195614,-2.086032177708605,0.18610265970386766,2.382792022448289,0.21982172129039323,6.89203481735107,0.026830347748229687,-0.10128758334159568,-0.0018831438304528249
3.04939341545105,-0.4267520104491436,0.38478806330368703,-0.04264657161947635,-2.143785997075114,-2.0859559310126112,0.18608916667410821,2.6091569152240908,0.25611358646972565,6.9083887323554025,0.025422902189410238,-0.09634091946381562,-0.009257212430004888
3.0514185428619385,-0.42673382560775874,0.38477856689088247,-0.042665972668100044,-2.143787102266201,-2.0860183946592357,0.18604582260824723,2.4531512053253306,0.037198205254272435,6.8139400161039845,0.034087366249631934,-0.09467211366594058,-0.002578719333693796
3.053443431854248,-0.4267459158173467,0.3848023856550819,-0.04264583709462072,-2.1437505747260244,-2.0859682923901848,0.18600116660881902,2.6955146144648356,0.2845361935305002,6.69078892061996,0.024185082770417435,-0.09575997132399826,-0.011895217529641226
3.0554683208465576,-0.42673891863155394,0.3847991832926271,-0.042653391676601426,-2.143765517375745,-2.0859811917805553,0.1860725911316078,2.6988161087465343,-0.025920970210514302,6.903218898012687,0.03663002084568384,-0.09593206930513803,-0.01145881821259934
3.0574934482574463,-0.4267481033476357,0.38478803261823474,-0.0426577121737122,-2.1437276930365283,-2.0860162168297087,0.18605510792130628,2.540103456359574,-0.2639428701029088,6.8655440109235775,0.03152626546171442,-0.10047510059638308,-0.004628572352502759
3.059528112411499,-0.4267501343408372,0.38478174848667374,-0.042664551422535585,-2.1437103024075106,-2.0860536687609024,0.18603198956714953,2.8490798049200268,0.15500943120853744,6.844006355520409,0.023232946223487264,-0.08963587271005896,-0.011049905762313461
3.0615525245666504,-0.4267438691321336,0.38478446851124287,-0.042660489214186414,-2.1437578905195545,-2.0859831912507083,0.18608017151736117,2.7006297822084733,0.3829907806109259,6.599079513256925,0.016490295908816507,-0.09966138139074941,-0.010161586399537443
3.06357741355896,-0.42676259315092957,0.38478308948880396,-0.042652355467119096,-2.1436929010789085,-2.0860141239030052,0.18607057233953958,2.5127167925478813,-0.21278752002790308,6.8445784451810265,0.0299045918045399,-0.09657003526927155,-0.006197874981293459
3.0656027793884277,-0.4267352575005812,0.38479955378522107,-0.04265840821063813,-2.1437534683262,-2.0859716944756026,0.186047246836296,2.592737245670614,-0.08361522870295487,6.929118906360815,0.02423627315094602,-0.10023836088257722,-0.002993521557316184
3.0676276683807373,-0.4267634049105162,0.3847791773875892,-0.042660683091479634,-2.1436598082219795,-2.086054388127846,0.18609326949090021,2.9264472342547307,0.23998203226144563,6.889598930317011,0.016415231714676872,-0.08922739130758042,-0.0084011361813493
3.0696523189544678,-0.4267622619491216,0.3848055805873198,-0.04263771898351637,-2.1436961909419723,-2.085935886734163,0.18604166574060754,2.540073496680111,-0.23639146642172013,7.136097317991628,0.022923112948529764,-0.10453158221123354,3.6343525891620494e-05
3.0716803073883057,-0.42675083647423534,0.38480803816614545,-0.04264247640184354,-2.1436929046085993,-2.0859772824504224,0.18602425406274056,2.5258424855238726,0.1381196775262471,6.726240285879163,0.01692083407520368,-0.10541532899289008,-0.004797976421222197
3.073704242706299,-0.42675822321833706,0.38480327146636434,-0.042654552021737596,-2.1436930998188073,-2.0859905532618974,0.18604227376407498,2.7732535339381674,0.41376598611122806,6.795128718266452,0.013265400279442547,-0.09928524443272266,-0.005945949427094919
3.075728178024292,-0.4267526368344784,0.38482696971064906,-0.04262582296424006,-2.143697764497522,-2.0858817850951343,0.1860217749858037,2.5478228382420833,-0.36284012572225605,6.832445806895768,0.029293434196145125,-0.10677058548983165,-0.004142872979008181
3.0777523517608643,-0.42676688977300536,0.3847901326109691,-0.04263693966887375,-2.143612382443856,-2.0860031533636705,0.1860157752473705,2.8391125919936977,-0.12259308484578743,6.592779268161834,0.020357740511037222,-0.09217414912849356,-0.012633992673489244
3.0797762870788574,-0.42675451386289603,0.3848026825065351,-0.042651150845793406,-2.143697563554297,-2.0859318744225543,0.1860455689545686,2.895916399293904,0.08432759058908562,6.712346917038034,0.019752840306341894,-0.0953476856341798,-0.008029864835084024
3.0818002223968506,-0.4267462463640484,0.38479295139877473,-0.04265228152023659,-2.1436939491987994,-2.0859931399884566,0.18602527256460735,2.353622784895931,-0.23081260781872676,6.8812311831674755,0.022393779802689404,-0.11126196359827377,-0.006259385154989321
3.0838615894317627,-0.4267529519457203,0.38481348943776456,-0.042645861917535804,-2.1436999257076006,-2.085937943136521,0.18602206081784253,2.567812346373442,0.08786057159160707,6.639116333800153,0.011173108119552777,-0.10717960115212605,-0.010410472334615334
3.0858864784240723,-0.42676713601409577,0.3848271231581458,-0.042632974427473574,-2.143655909750128,-2.085934512579592,0.186024847243449,2.7621593166580825,0.05052881524180523,6.789955468937659,0.014075136971305077,-0.09709476838119371,-0.008486288805051093
3.08791184425354,-0.4267573893366351,0.3848100667913346,-0.04264532318807923,-2.1436833479741986,-2.085949061001794,0.18603870359604915,2.557807394358262,-0.06892447475418588,6.766460494572394,0.01908970768378652,-0.10300235582785557,-0.003025793347893631
3.089935302734375,-0.42675619360457895,0.3848068763493562,-0.042648524912112684,-2.1436581513666675,-2.085992411662122,0.18600006368630193,2.604837989443742,0.23592425761476665,6.708627493077743,0.01142102082634131,-0.10396240838716189,-0.011836518308714312
3.091953992843628,-0.42676397738442945,0.3848176414597341,-0.042640655647455894,-2.143670583056843,-2.085938873741363,0.18600854341973636,2.7089897460926546,0.09913092949424818,6.831390821473803,0.014662992099428122,-0.10235828048386413,-0.0035652953067382654
3.09397292137146,-0.4267577899829415,0.3848110387179375,-0.04264490653650127,-2.143656724574321,-2.0859715551691824,0.1860116440464237,2.8208860651467975,-0.6622776490331841,6.767242328724981,0.029068542848424264,-0.1005332622887541,-0.0040497891206266465
3.0959994792938232,-0.42677047881147595,0.38482452967220154,-0.042620661369267676,-2.143636620243373,-2.0859073971597613,0.1860000759765236,2.5613840485091695,0.03018700601876853,6.65945774546821,0.007323465011703756,-0.10478869540133984,-0.01039394658094361
3.098017692565918,-0.42677506649803515,0.3848314958396152,-0.042618712246451834,-2.143610493265363,-2.08592187577334,0.18601748504760762,2.639168267740892,0.2553452963350141,6.7948651233830955,0.004335662960121207,-0.10360307207405695,-0.006898586080490482
3.1000349521636963,-0.4267579486571791,0.38481993826247873,-0.042641145339813474,-2.1436371425272562,-2.0859702171289607,0.18601430553176876,2.5868659891043664,-0.37510111193013,6.794525547019098,0.021098972107508013,-0.10621209791920477,-0.00551287418144735
3.102052927017212,-0.4267638259011609,0.38480831710764063,-0.04264050292955851,-2.1436366210528366,-2.085999475622075,0.1860372691113556,2.7156978415775965,-0.03890751520666004,6.701729976229267,0.011063299788428207,-0.10462068185847173,-0.007857311072216204
3.104069948196411,-0.4267604807399338,0.38479964438501874,-0.04264578146286643,-2.143649633563726,-2.0860141998780315,0.18600001050952122,2.661786436225862,0.20101582763581072,6.814791482552017,0.008634020236096511,-0.101940741122448,-0.010570368987154046
3.1060872077941895,-0.4267619951277735,0.3848080752263247,-0.042644043881429256,-2.143620855752888,-2.086008541525176,0.18599246266051375,2.5290190740449687,-0.12014043742916912,6.895387075223216,0.011469469424294906,-0.1081804463284956,-0.0008533564803200801
3.108107566833496,-0.42675407398281084,0.38481626187577866,-0.042644294739473426,-2.1436811606745216,-2.0859515987369606,0.1859725553930936,2.5785578757965038,0.05938872560113964,6.619835758985607,0.009798244774884276,-0.10357288436052027,-0.00015464795278030121
3.1101326942443848,-0.4267757217407507,0.3848247302018472,-0.04263091964399196,-2.1436266062790397,-2.085935136106165,0.18602816368835973,2.7968080614902027,-0.08622169055224463,6.742836401317294,0.014326466781808057,-0.10083090283276727,-0.006570368910466175
3.1121575832366943,-0.42676530858505163,0.3848155330724082,-0.04263921981724636,-2.143634079388071,-2.0859743245589097,0.1860169857608823,2.5310467426737135,-0.36038368299135964,6.766204229813638,0.016714830614065045,-0.10493466296783828,-0.002159417706600369
3.114182472229004,-0.4267526234826569,0.3848086271828284,-0.04265057690983451,-2.1437004698588606,-2.085932653540006,0.18603243522261373,2.6027341967156965,-0.05510985535168092,6.73217606625721,0.010109005644041925,-0.10692152870355628,-0.0006536832631672302
3.1162073612213135,-0.4267673688914651,0.3848078667083371,-0.04264397001264053,-2.1436344783607204,-2.085970114990237,0.18603582903588314,2.723871934017485,0.002648201060091143,6.82563580506485,0.006285775757131757,-0.10145641002802461,-0.008555458354084784
3.118232488632202,-0.42676900207899077,0.38480740626760107,-0.04263503249288286,-2.143613943670165,-2.085981829626338,0.18599778461110256,2.6846102967565155,-0.16255577283794076,6.8941489819059845,0.016657148580646035,-0.10562277981583892,0.0035202501238775245
3.1202564239501953,-0.42677303760288876,0.38481160029700007,-0.042637103226991824,-2.143614947172367,-2.085961171489947,0.18600966029760313,2.570102080389373,0.1444027913754204,6.779356040349578,0.005324932452021162,-0.10863464094346684,-0.001392014829362693
3.122281312942505,-0.42675415378939474,0.3848033490822232,-0.04265554452100828,-2.1436950634095457,-2.085985847620579,0.1860114735798619,2.604825389304735,0.3193747915915771,6.713719998818264,0.001253850573165897,-0.10329376294919733,-0.004753406302368569
3.124305248260498,-0.42675757891246197,0.38481305977427493,-0.04265348693675955,-2.143681439986227,-2.0859343495846785,0.18605753572711206,2.454625506382553,-0.05440663162453639,6.863121541057133,0.005806444797446231,-0.10769744444836053,-0.0013438937560043226
3.1263294219970703,-0.42676755476894407,0.3848215497184276,-0.04264315078013953,-2.143647545061444,-2.0859438770657497,0.186007884708848,2.452043543930083,-0.3574446177531902,6.910271870752737,0.010544590777381542,-0.11110739029407399,-0.003803690543436518
3.12835431098938,-0.4267609379345456,0.3848295366118129,-0.04263490867908354,-2.1436523673345333,-2.085917871006628,0.1859938173817654,2.972518733288254,-0.002247952067445144,6.704755770486596,0.0060085487736942274,-0.09844270228800284,-0.0033754025580597195
3.130378246307373,-0.426768360608811,0.3848251089325056,-0.042641980342937286,-2.1436290652002787,-2.0859421656658927,0.1859949024455829,2.730693487527892,0.04205891760455732,6.986538752054128,0.003548729902947691,-0.10438790738973162,-0.006804366606397805
3.132402181625366,-0.42677252260149534,0.3848149040159523,-0.04264966206658441,-2.1436853103848104,-2.085929319447088,0.18604843486217998,2.5342096959903957,-0.38541140490664516,7.109075150703387,0.010094206073893133,-0.10920958593819832,0.0027868212233737046
3.1344263553619385,-0.4267608306539795,0.38481200220446676,-0.042644523852028826,-2.143630715668151,-2.0859653805520395,0.18600165859049445,2.634091655358002,-0.4925910437528308,6.893179314683913,0.010787105439010023,-0.10857380152335161,0.0034996615007710273
3.1364505290985107,-0.4267604507496615,0.3848010828779004,-0.042647334604221265,-2.1436506294494007,-2.085974698871637,0.18599500575039463,2.6642824648678634,-0.12243445537665348,6.76712434962594,0.003487311402100593,-0.10702454162037188,-0.0078081851025291445
3.13848876953125,-0.4267638014151623,0.38481477278239096,-0.04264853788073816,-2.143631588981858,-2.0859382139866782,0.18600114899587547,2.844411814567732,-0.011283068130970991,6.972642405864763,0.004762473501587638,-0.10377192278435576,-0.005398495672400671
3.1405134201049805,-0.42676398603029575,0.3848108169180924,-0.042642594718467985,-2.14363628708368,-2.0859364330846093,0.18606764682049826,2.5797881282228343,-0.1792057777310272,7.076163742285514,0.007221955641962454,-0.10411748807175968,0.002078602152975972
3.1425375938415527,-0.4267733436987937,0.38482033643395713,-0.042647317657529826,-2.143629171274623,-2.0859373617476944,0.1860301873796222,2.6482646284368165,0.09820803856730337,6.899474543137555,-0.005987624503263336,-0.10937700701869074,-0.006155694035878079
3.1445629596710205,-0.4267701658667341,0.3848282155670646,-0.04263681945785777,-2.1436014002628734,-2.0859433738294046,0.18598539888984125,2.9204283965823987,0.2675048576556586,6.882885640134322,-0.004568059737307454,-0.10060823988449036,-0.008271283942246325
3.1466057300567627,-0.4267593998928012,0.3847961048620806,-0.04265069101178781,-2.1436802578641903,-2.085940989493722,0.1860386123196599,2.4325706271868404,-0.03823290139683286,7.059735352976965,0.0022836015730182957,-0.11118696849748064,0.0013880124932491
3.1486306190490723,-0.42677107570700307,0.3848128647908915,-0.04265002599571477,-2.143660607102369,-2.085951850860839,0.18603489184309102,2.636919393230036,-0.1885320699457256,6.936357931682517,0.0028444950327952893,-0.11214183227321943,-0.0010548752345917987
3.150655508041382,-0.42678073390676075,0.38482714374851074,-0.04262939351350656,-2.1435789364568874,-2.0859401193468097,0.1859852863735617,2.86960141950521,-0.1600615146142944,6.844677922111351,0.002442746242136599,-0.1061722527932605,-0.0018614757249233627
3.1526806354522705,-0.42676186729448634,0.3848058788031389,-0.04265221912334602,-2.1436623722375647,-2.0859462585102535,0.1860093146650214,3.1138681575222877,-0.013172005552899574,6.88028033538518,-0.003499926671266733,-0.09697170047144496,-0.003576935897966642
3.15470552444458,-0.42676861270346744,0.38482520008087595,-0.04264257927001622,-2.1436208353929422,-2.0859354766868656,0.1860017799153343,2.6094415574230077,-0.3947725827029034,7.049473533961893,0.004822284782982036,-0.11022436198009922,0.0015460447473095613
3.1567304134368896,-0.42676514979077823,0.38481940190420744,-0.042639178556857615,-2.1436068750678623,-2.0859413506652063,0.1859869726603232,2.546711343683292,-0.3430540901203447,6.92556093206644,0.003938518306663348,-0.113860628360388,0.0016691335963171117
3.1587555408477783,-0.426777300318631,0.38482444939529675,-0.04263751552573941,-2.1436296778523998,-2.0859035608653573,0.18602892184143305,2.8761231545022152,0.21637487809940117,6.7701618724507275,-0.005846262528081013,-0.10404569044447824,-0.0025639224843162366
3.160780668258667,-0.4267680777871925,0.38481546510410386,-0.04265056294333025,-2.1436699312325542,-2.08593937599507,0.18603370045791479,2.9916908269338793,-0.07547524040233558,6.858778126205759,-0.0019495937900341845,-0.1021692489282171,-0.0015357912709888922
3.162806272506714,-0.4267617417352298,0.3848322140328743,-0.042636400582347495,-2.1436484423440603,-2.085893159848627,0.18599161957862312,2.724225652829179,-0.18982408434904136,6.8170291648371855,0.002875779992329651,-0.10596883829069799,0.004581175107949755
3.1648316383361816,-0.426763304563152,0.3848457424474006,-0.042635327306268456,-2.1436466668722844,-2.0858698562380686,0.18598883522829518,2.507693824045636,-0.32509140752025295,7.012454355942004,0.0005647361870663352,-0.11557488660973834,0.005093938470139794
3.166856527328491,-0.4267645988718983,0.3848363368977781,-0.04264323752013127,-2.1436668637131486,-2.0858793577591395,0.18604103915164852,2.6645231856001326,-0.1847107517747532,6.877419879057657,-0.001661434438053777,-0.11408799488228034,-0.0026244041408491564
3.168881416320801,-0.4267711867622291,0.38481425390952706,-0.042646933110674606,-2.1436226851758753,-2.085933287261173,0.18602232827599058,3.2201130486404166,0.029709745795599055,6.728264987075756,-0.0007810050126665446,-0.0963890594241962,-0.0028699657194674387
3.1709065437316895,-0.4267638019530543,0.3848343540943032,-0.042644309390489354,-2.1436456291975237,-2.085913029371757,0.18599046594104718,2.8088825129197894,-0.3186563767938536,6.883835604794941,0.0014569877998111625,-0.10566051904248175,-0.004828114086962912
3.172931432723999,-0.42677290434306914,0.3848335263415745,-0.0426344882618013,-2.1435994187069576,-2.085914306199294,0.18602899835326303,2.7921199758753943,-0.7932690960628771,6.800983753893215,0.006078353980533142,-0.10735212745131051,0.00024039382379674847
3.1749563217163086,-0.4267620768021901,0.3848067374069005,-0.04266549486091506,-2.1437004445988386,-2.085919529744991,0.18604519378567394,2.5853058376219797,-0.2554760108113621,6.874531460624037,-0.006535942026697366,-0.11361064298870967,0.0016551390902251081
3.1769814491271973,-0.42677132389650035,0.38482793361350204,-0.042642363254826426,-2.1436276554720255,-2.0859193710833726,0.18599460438088086,2.8152252759963954,-0.23403338172175725,6.878686342172412,0.0003598533020587044,-0.1124646741680997,0.0005161528945941871
3.179006338119507,-0.4267772206888841,0.3848161544780404,-0.04264175153723207,-2.143600782848259,-2.0859386248310448,0.18600585827225935,2.880665364597308,0.14899702445945193,6.7264829484926745,-0.005151396025600712,-0.10628635659003707,-0.005751739410845805
3.1810302734375,-0.4267817990900901,0.38483647662722564,-0.04262894236825818,-2.1435925764526367,-2.08590286873224,0.18601477734077476,2.7540007938058384,-0.4148496266698407,6.902582995422455,0.0011242575090928788,-0.11205278871072512,0.000837685437138462
3.1830554008483887,-0.4267605906540963,0.384832163625697,-0.04265063271109826,-2.1435966151764383,-2.0859335779121775,0.18597833760121,2.5968832978222833,-0.5185286427846695,6.891094740750839,0.0009599910630288457,-0.11429302632086066,0.005509726432864652
3.185079336166382,-0.42675835117287664,0.38484034969494635,-0.04264376494888156,-2.143626831524839,-2.085910851886502,0.18597444237652314,2.7709799352928526,-0.34731163107794255,6.807761066172737,-0.006818088630644707,-0.11568636774916856,0.000982210495422642
3.187106132507324,-0.42676664374089723,0.38481962555871,-0.042650935909965326,-2.1436048425198466,-2.0859464001245414,0.1859939579761406,2.979049216959625,-0.1917756791280698,6.680450902680486,-0.008178332482629622,-0.10734341374799061,-0.008038239871712888
3.1891672611236572,-0.4267664567627342,0.38482742056419095,-0.04265366700679482,-2.1436343721469395,-2.0859242332034316,0.1860207592851158,2.7419532180805826,-0.13048574902679852,6.7611164220345294,-0.004487237741466402,-0.11183560262706328,-0.0015683207454623396
3.1911909580230713,-0.42676899396914614,0.38483074353141633,-0.042645931253223385,-2.143626060465356,-2.0859182300176062,0.18596427939107527,2.46499000305626,-0.47048589196516943,6.985186526161682,-0.0001456201203516843,-0.11604999646917036,-0.005123640185325615
3.193225145339966,-0.4267700111618163,0.3848366299437031,-0.04264235000002023,-2.143602581707176,-2.085908772521456,0.185963536982277,2.7293183209747203,-0.5564563876012021,6.931241725197706,-0.003219546135410267,-0.11375443081395085,0.0032070620997769585
3.195242404937744,-0.42677199406864047,0.3848278677045623,-0.04265848724445098,-2.143610118957215,-2.085900862067082,0.18603066836449578,2.638965518404799,-0.5092183982669048,6.924343776498439,-0.003187278545121378,-0.11836753344158281,0.005740892246350434
3.1972732543945312,-0.4267546380264638,0.3848362883269575,-0.04264960349889835,-2.143652162403127,-2.0858944841652503,0.18593904984529402,2.8266862390890597,-0.4204815696838215,6.733760171329353,-0.004717597427630752,-0.11155653725886942,-0.00031518595289982084
3.1992900371551514,-0.4267763602104891,0.38483448572498635,-0.04265234456944492,-2.143613946815682,-2.085903950037907,0.18598073619048866,2.955184300334963,-0.06774351041810753,6.8302000562761975,-0.007592218188869752,-0.10758820452016166,-0.005193888230999638
3.2013094425201416,-0.4267679321445212,0.3848216695264527,-0.04265624711966276,-2.1436068029908486,-2.0859198753406276,0.18598799878939662,2.809948523839098,-0.43305033508298174,6.97699724845566,-0.0068374465347934,-0.11168144056480615,-0.0007982418754864479
3.2033345699310303,-0.42677729002561726,0.3848350858115205,-0.04264470937972634,-2.1436255396176582,-2.085878067144605,0.1860357235142032,2.6861996720960244,-0.5283160619309059,7.087989113261113,-0.0038501492445924025,-0.1147372594648445,0.0010149630008336316
3.20535945892334,-0.4267662545775136,0.38483066871313726,-0.04265300053043711,-2.1436193361110893,-2.0859225999422635,0.1860144819740606,2.652540665798169,-0.3039997875888666,7.104210350212557,-0.008838714388955983,-0.11720732088207522,0.0014363032324269565
3.207396984100342,-0.4267859810220118,0.3848286705647928,-0.04265059899515691,-2.143595513632963,-2.0859044126281265,0.1860356401803772,2.8123185567173463,-0.44874357276713417,6.9251887576710365,-0.00801751269084003,-0.11524476587004202,0.005455157195527324
3.209456443786621,-0.4267693278064606,0.3848129844085287,-0.0426685788788522,-2.143631793402907,-2.085940305219944,0.18602192952479035,2.8601723492327107,-0.4029315694675319,6.937159656488665,-0.012610561694333349,-0.11561269118506862,-0.0013670909893000337
3.2114813327789307,-0.42677432010844174,0.38482766726343876,-0.04265046961921448,-2.143605032099023,-2.0858697692265014,0.1860213657149693,2.9121960571872743,-0.17188357697919826,6.939258003628358,-0.01606947567895928,-0.11038088937027177,-0.002405195803960069
3.2135064601898193,-0.4267596868146782,0.3848213019948488,-0.04266472149145209,-2.1436723369270063,-2.0858893051239518,0.18601883348592047,2.9871162208197646,-0.2083358233734549,7.056359766627913,-0.01409816578655484,-0.10562093813797792,-0.0017120860687487663
3.215531587600708,-0.4267567812977088,0.38484887631980036,-0.04265493570300399,-2.1436168522669408,-2.0859236598845428,0.18591006990955805,2.5668601307481786,-0.4090707334174919,7.049762621657622,-0.006697100628183708,-0.11554016361293301,0.0029915405455362065
3.2175564765930176,-0.4267846584659975,0.38484054068182194,-0.04264506046711547,-2.143558294170267,-2.085918279614906,0.1859539634622513,2.585359871066047,-0.3560074494205353,7.110396475486443,-0.010141728317817029,-0.11894025708746829,0.005736951284413606
3.2195816040039062,-0.42677169783924884,0.38485607239323477,-0.04264875961056064,-2.143606291079858,-2.0858613640653463,0.18595003958452702,2.7345805312961904,-0.3295340367820525,7.172510754408381,-0.013431310561947378,-0.11582686729384963,0.004295574694014266
3.221606492996216,-0.42679559714225546,0.3848334727595395,-0.042654330228552056,-2.1435654337431123,-2.0858982747413632,0.1860020238218217,3.0026826697714997,-0.28441753388325497,7.125612158201059,-0.017736335137084794,-0.10927574772508362,-0.0011559643793908857
3.2236313819885254,-0.426775707310375,0.38482009541022394,-0.04267622820598296,-2.1436120884088483,-2.0859532677120742,0.18599566082990798,2.918474804596586,-0.279595284251626,7.210205574580454,-0.011086061254281174,-0.1090999526812011,0.007639945515674548
3.225672483444214,-0.4267795188912446,0.38483978033469973,-0.04266658984435556,-2.143590738007196,-2.085921149380107,0.18597743680340484,2.951287804375238,-0.23058623169279088,7.216973485232243,-0.013013594624875755,-0.11106885115381847,0.0037244191382860238
3.227712392807007,-0.42678233823643213,0.38483360409644385,-0.04266464693344832,-2.1435804119339523,-2.085934813049354,0.185984792413082,2.64613751845955,-0.5347184933366069,7.2402815661911255,-0.005416896738942572,-0.11605265029429325,0.007344945474333517
3.229750156402588,-0.4267610513743554,0.3848202321884817,-0.042705771836065665,-2.143653827060472,-2.0859620352459456,0.18602065620317745,2.660806226919221,-0.6054184223316104,7.228002025930241,-0.008031618988543527,-0.11613333357030739,0.004644861917440247
3.23177433013916,-0.4267826674203629,0.3848186874069523,-0.042688197624765584,-2.1436212994516657,-2.0859395869195647,0.1860320014215894,2.57963286608406,-0.5087580422774713,7.2715826789859435,-0.011443167704215712,-0.11524801161115197,0.007493846391417468
3.2337985038757324,-0.4267764104734787,0.38483102405751685,-0.0426937945120103,-2.143613950609606,-2.0859257937743254,0.18601729700714703,2.79764062574293,-0.1336686630156946,7.189355628818398,-0.014292495349843401,-0.10949517711982999,-0.0018895440489119415
3.2358224391937256,-0.42678244180008684,0.38482012993380604,-0.0426969686301866,-2.143615912642558,-2.085947858518048,0.18602720894067873,2.901233783458138,-0.15336466028743476,7.398075911698137,-0.008559108757309492,-0.110446362956292,-3.8646924839261145e-05
3.2378485202789307,-0.42677119871124447,0.38482299440009404,-0.042708281230740136,-2.143624112177479,-2.0859613058411948,0.18598331031924342,2.8165468460717245,-0.4101453726720916,7.328703312827094,-0.003881281292415769,-0.11103675438721107,0.007758004100243713
3.2398841381073,-0.42676674913541124,0.3848151270179931,-0.04272432716075192,-2.143646818969627,-2.085972405377355,0.1859946340844892,2.4764041589580317,-0.507436212848356,7.4512954797723125,-0.004940250667490212,-0.11142883646400421,0.006427496914700496
3.241908311843872,-0.4267750442399403,0.3848267027585671,-0.042707620459497386,-2.1436538985690277,-2.085934669564419,0.18602854085863135,2.7345958752402693,-0.2684402887215765,7.398490460684317,-0.010176970133959727,-0.10900775846989763,0.002205475812397336
3.2439322471618652,-0.426775021046008,0.3848312920795053,-0.04271148598050559,-2.143631305859687,-2.085945571217283,0.18601069790698643,2.958431623807188,-0.11881204492056963,7.362375333766467,-0.008315672663950247,-0.10613299153156605,0.0019144269760883333
3.245957374572754,-0.4267801266144155,0.38482505075436374,-0.04272372147948442,-2.143621325006516,-2.085974442158468,0.18601172258019588,2.7973443815255505,-0.2872957008618592,7.346192403443431,-0.007049830666021728,-0.10927637704311563,0.005142145063128497
3.248000144958496,-0.42677768024199475,0.384817121508711,-0.04272335008535785,-2.1436269264235457,-2.0859783747234153,0.18600466437116103,2.699106830381901,-0.5315020415561271,7.3634153781952945,-0.005630416861247777,-0.11288783658366201,0.008344170202869473
3.250032424926758,-0.42677692647590454,0.3848046074432156,-0.0427344184493782,-2.1436569288089067,-2.0859732544410354,0.18605516659525037,2.6814420756686888,-0.18770938293472478,7.433030685945789,-0.01134592649605015,-0.11305106793117185,0.004076478229809643
3.252056360244751,-0.42678251622702046,0.3848240785235871,-0.042716657105216105,-2.143601135740361,-2.0859459247606775,0.18602148263914037,3.013123273236067,-0.1624520073937046,7.408697632245883,-0.009563818087506153,-0.10556218426859841,0.0028127580802277865
3.254080295562744,-0.4267731448838298,0.3848197113765427,-0.042738659965962794,-2.143675256843933,-2.0859502744515748,0.18600593628924203,3.2003528366487948,-0.19217422379771568,7.509603043510665,-0.0067500633012803155,-0.09777013415048112,-0.0030876957123008144
3.256105422973633,-0.4267787514083448,0.3848216757149232,-0.042732073003469984,-2.1436716113594447,-2.0859203514568034,0.18606206408103204,2.869896980705246,-0.3743441512971311,7.634823943181994,-0.006744848074416132,-0.10806899684652252,0.004182513118516741
3.258129596710205,-0.4267781731150043,0.3848253797183094,-0.04273915503837891,-2.1436838986825264,-2.0859231020768445,0.18605436795086625,2.8689896004684643,-0.28018411311355773,7.515883162245816,-0.012780650721166678,-0.11273743889530831,0.0013555920214363016
3.2601544857025146,-0.4267745453272384,0.384825317750703,-0.042743602569973865,-2.1436352470685787,-2.0859624118359377,0.18601960442934234,2.964282388231525,-0.20146953223272368,7.525142467367801,-0.012733593060157308,-0.11033181069562516,0.0015890070777635926
3.262179374694824,-0.4267938225846263,0.38483260214718096,-0.04272253571709614,-2.143635112854131,-2.0859088678961566,0.18604342195721213,2.9822508607952463,-0.2220911818269464,7.610088371910098,-0.006674078774414811,-0.10094129708712628,0.0009811851020526815
3.264204502105713,-0.4267643847925065,0.3848346121408892,-0.04274930460697285,-2.1436777395941835,-2.085936036363934,0.1859985545434811,2.8735207102775373,-0.5228802608033807,7.724837600441104,0.0033906875384939906,-0.10609985368805148,0.008248991814097075
3.266228675842285,-0.4267665802152987,0.38483348997162636,-0.04274058628663491,-2.143708460999248,-2.085889288909143,0.18602129609738932,2.905740096108907,-0.20173921615812582,7.8359149376864465,-0.006420469869573661,-0.1099280724803111,0.0024639749546269585
3.2682535648345947,-0.42678100917736256,0.3848231405405132,-0.04274558655588434,-2.1436184060903467,-2.0859642136823924,0.18605055180920768,3.07651083332998,0.027879348219513295,7.788510875088568,-0.015568763789347758,-0.10370349341464942,0.0011305623663896477
3.2702784538269043,-0.42677793945678955,0.38481501956641767,-0.04275620031578678,-2.143681801487432,-2.0859554742050754,0.1860356342629054,2.8928438425033702,-0.09906648651016024,7.709287341832017,-0.016339319858360592,-0.1059647190938638,0.005317191445860436
3.272317409515381,-0.4267821302936369,0.3847932830870506,-0.04277043528522945,-2.143680364849816,-2.0859913701328088,0.18609012017058618,2.983706523808139,-0.6274352540382218,7.786760995748631,-0.008029605702053069,-0.10649363139513161,0.010321011369352715
3.274341583251953,-0.4267734517143036,0.38482988643147725,-0.04274987163470845,-2.143706557260631,-2.0859174506681866,0.18603700362884884,2.76270316962478,-0.05140610739425888,7.8286235856736495,-0.01790566183096855,-0.11275551212799247,0.005202320996986935
3.2763655185699463,-0.42676873441051594,0.38483103247084427,-0.042772492054403005,-2.1436838034307066,-2.0859401514468336,0.1859984767961834,2.9287749185798138,0.00022992765450463581,7.693412125070788,-0.01518638174931128,-0.10579399762225117,0.002937230674807698
3.278390407562256,-0.42678225115035284,0.3848394232282066,-0.04274861125418575,-2.143626850437273,-2.0859429730785615,0.18597597422223153,2.919083667214389,-0.3674026969003923,7.899220025735089,-0.009737865029751146,-0.10641521965038277,0.003630931003785883
3.280414342880249,-0.42676911686289665,0.3848156678768887,-0.042768474531589384,-2.1436973347975554,-2.085945415291758,0.18604840121923036,2.7176869378487383,-0.6132346778702968,7.843791930343019,-0.008034552827999097,-0.11287146939469993,0.015703936641234813
3.2824385166168213,-0.42677963218366916,0.3848298548743286,-0.042758720343056195,-2.1436574488330082,-2.085944814851003,0.18604523021333313,2.827356484329668,-0.4227770130955619,7.842808392079249,-0.012797560756458201,-0.10834897076380706,0.00685002941307375
3.2844862937927246,-0.4267745533523618,0.3848056076345073,-0.04277676068654365,-2.143692144301491,-2.0859711454355896,0.1860622979756473,3.017898198358265,-0.16078981292403977,7.805527588649969,-0.017450708833672175,-0.09989730843413072,0.0034298696416752124
3.2865149974823,-0.42676448863056815,0.3848172413170789,-0.04278050007935422,-2.143689140544939,-2.0859743870255736,0.18601620269186447,2.7695234292438315,-0.22863989183998715,7.8591086784062485,-0.011569582863014398,-0.1061712935824488,0.004881776344521165
3.288539409637451,-0.4267657870859135,0.3848343158341458,-0.04277530078213204,-2.143681946353993,-2.0859603369066164,0.18599105187207646,2.6265805832312608,-0.5710601280520837,7.925615638954995,-0.0053150106915097126,-0.11168235466478027,0.006533837488166071
3.290565252304077,-0.42678092209184587,0.3848319283093518,-0.04277333354556487,-2.1436480577500565,-2.085960038317515,0.1860462813773471,2.7840025401736077,-0.47472889956888853,7.932668918262843,-0.009435419560817171,-0.10869989503589408,0.0036277951720441533
3.2925901412963867,-0.42677622251609665,0.3848271271170857,-0.04277509304788821,-2.1437063142069546,-2.0859377334618223,0.18603195752032342,2.892240660211459,-0.07637393567356557,7.832433982158085,-0.016466092853384493,-0.1003748583286734,0.004203018661215044
3.2946252822875977,-0.4267746370235417,0.38481822215494155,-0.042786626445839415,-2.143713194736757,-2.0859514759233857,0.18608554102289235,2.813969465853785,-0.32223971118912276,7.905023789667481,-0.008630934443440937,-0.1054342683905049,0.003613728116180839
3.296644926071167,-0.4267796877831514,0.384827779402411,-0.04278097795354127,-2.143676653728786,-2.0859517978382027,0.18602623671653404,2.900942119125232,-0.29470894223641775,7.922493866643941,-0.012101174462550636,-0.10677272779255506,0.01222627888262861
3.298663377761841,-0.42675913355494044,0.3848294619719636,-0.04279058714341913,-2.143719963731145,-2.0859389319495567,0.18596977240920978,3.0706884066918576,-0.2083679264165161,7.9287447873313965,-0.015342707283500035,-0.10194462741789462,0.008938570290171614
3.3006832599639893,-0.42678887019824274,0.3848436624819906,-0.042776033818544446,-2.1436688997583615,-2.085905550202566,0.18601136517675068,3.1061950625284953,-0.07025914867269475,7.939989475401423,-0.01767279588097677,-0.09850629255910485,0.0006403087893149986
3.302708625793457,-0.4267725819827216,0.3848302354424607,-0.042786995846682274,-2.1437029922523445,-2.085907136115395,0.18605025078097262,2.96658929732911,-0.6598549751121013,8.055529916315091,-0.0077007081301686455,-0.10347158964594844,0.005678052197388541
3.3047335147857666,-0.42676230290700023,0.3848486678680485,-0.04279220153081259,-2.1437284557024103,-2.0859105235999857,0.18601507917343157,2.9636447244827515,-0.3782017293319909,7.926386450105677,-0.009769653219922889,-0.10241663250211963,-0.00015930910958306124
3.306758403778076,-0.4267742751824577,0.38483117636595204,-0.042799044238798156,-2.143693907775442,-2.0859361270663412,0.18603737151830887,3.166811889389936,-0.12378514372196073,7.867180553971703,-0.014579615642801698,-0.10068750467059664,0.002330717282820342
3.308783769607544,-0.42678187253166017,0.3848293958810854,-0.04279112849470862,-2.1436665608263916,-2.0859452183979124,0.18601595339803148,3.010436975975827,-0.5453987953714049,8.030850118086423,-0.006027074377492418,-0.10518110334872983,0.0061240349450559246
3.3108086585998535,-0.42678029112670623,0.38483662896833803,-0.0427989459491222,-2.1437019625817477,-2.0859153623251707,0.1860483825758357,2.7948966039160705,-0.5881975307864895,8.033216995240325,-0.008211333798216182,-0.10677905279283258,0.01246854202135019
3.312833309173584,-0.4267636169766486,0.3848276014771364,-0.04281058067100579,-2.143724162847173,-2.0859427290515,0.18604264489742622,2.7757471578823267,-0.40683692927483606,8.112120106846836,-0.010596104989648896,-0.10746806433341279,0.010602567124245123
3.3148581981658936,-0.42676554227991076,0.38482290725187307,-0.042812693036033966,-2.14373497474742,-2.0859526628299414,0.18601616629392706,3.1391268427222165,0.059065651781743556,7.930380838714223,-0.01689750640878144,-0.09642747459936027,0.00475354898442901
3.3168840408325195,-0.42677537389599535,0.38485724299982743,-0.042796438948149135,-2.1436811665971383,-2.0859096054188604,0.18599349526923878,3.074063337551409,-0.28297398236265897,8.079176213696776,-0.008443471698692624,-0.09904536726266767,0.012242283331429968
3.3189117908477783,-0.4267798730002389,0.38481666327748865,-0.04281252380427203,-2.1436811704169223,-2.0859857037929235,0.18606779730239953,2.8082057309295294,-0.2235687133104433,8.17336019151611,-0.013507199166214004,-0.1049223119145845,0.008168280537145639
3.320953607559204,-0.42678648739778535,0.38482761917660946,-0.042807836513261616,-2.1436460643746367,-2.0860062966184363,0.1860087135337833,3.048846799702644,-0.30431070001229443,8.024242323703817,-0.011331267163227347,-0.0996641205647971,0.007423894946753379
3.3229830265045166,-0.4267883708877394,0.38482992069084715,-0.04281424498958722,-2.143719974503043,-2.0859019118957813,0.1861076471841385,2.9080861059065644,-0.07754602398480592,7.9513561912755994,-0.012432579990979424,-0.10152267949530366,0.008321948476246495
3.3250083923339844,-0.4267784429289815,0.3848233337266267,-0.04282161727100997,-2.1436697304001933,-2.086018396645616,0.186036775226611,2.6463788944559883,-0.3783385690515806,8.152273491070817,-0.005539169296168168,-0.10892442458636299,0.012221442330272109
3.3270339965820312,-0.4267855191947229,0.3848241703836456,-0.042828369922456894,-2.1437170268627566,-2.085969653762387,0.1860719103551755,2.8101802705606906,-0.027491341625060978,8.130196046489226,-0.012876832008961569,-0.10633084341416375,0.007549115696182473
3.3290655612945557,-0.4267792990538038,0.3848026497638759,-0.0428345320611985,-2.143711978712538,-2.0860000110102503,0.18609783902330163,3.1302599863724843,0.13529195033106559,8.245836747019641,-0.011168254669030852,-0.09706708608148143,-0.002872264262570687
3.3311026096343994,-0.42678153700137583,0.3848263348774957,-0.04282092048913538,-2.143698037638571,-2.085954545127879,0.18603627310931453,2.803772100554835,-0.4567773965996441,8.179421389546508,-0.0030070099296770946,-0.10590057627220914,0.0148118800746433
3.333129644393921,-0.42677963363054444,0.3848443556264884,-0.042829237710850704,-2.1437347001100444,-2.0859103163427406,0.18602370542271088,2.931389776800305,-0.2807188724559976,8.10410235305799,-0.008818711547617736,-0.10581410670586189,0.010225979404018481
3.335181713104248,-0.4267959519558972,0.38482754160488847,-0.04283744589266253,-2.1436595902505013,-2.08598851584176,0.18605358421138982,3.042097932188422,0.09880639452669884,8.132592249142045,-0.009931268706389017,-0.09737725528305735,0.007877239528611857
3.337207317352295,-0.4267841208316797,0.3848065324973201,-0.04283990497842044,-2.1437299492168913,-2.0859728658133028,0.18608513601755272,2.6188425444906915,-0.37715084265081583,8.248799956901342,0.0005222427115783928,-0.10950956845076854,0.008141639833864608
3.339233636856079,-0.426760234765076,0.3848366296170849,-0.04283872708812783,-2.1437642569945874,-2.0859519495037895,0.18602814687582264,2.8900478309994524,-0.396162007650401,8.139814982154467,-0.0046105238798952895,-0.10830780707383991,0.0047680475625629095
3.341278076171875,-0.4267780656797653,0.3848034577551051,-0.04285026287494248,-2.1437199955399584,-2.0860209145327406,0.18606468104149856,3.138174831392917,-0.1765933103855712,8.006594244324457,-0.01264098882349673,-0.09689696381955545,-0.002195749033975277
3.3433034420013428,-0.4267664009544836,0.3848184157562558,-0.04285336616379776,-2.143751170407852,-2.0859841930175866,0.18603702238275724,2.766354229848034,-0.6262912855192362,8.218158094076411,0.0004868872793010171,-0.11011466365686023,0.008672049661094604
3.3453285694122314,-0.42676033974264405,0.3848026518273348,-0.04286384473529997,-2.1437614357720034,-2.0860287065364798,0.18604263680682845,2.8259837625350634,-0.4061198455467785,8.37212409616382,-0.00634717575024756,-0.10933831795509731,0.004828797331128135
3.347353458404541,-0.42676453045528734,0.3848218787796528,-0.04285442959890037,-2.143761882720182,-2.085966170735185,0.18608204955572555,3.091050913009637,0.14184088891014254,8.316363721324175,-0.013844119418108236,-0.0977690024390077,-0.0017384644701259242
3.349378824234009,-0.4267767045915847,0.38482799121129163,-0.04285319716439834,-2.143744188821804,-2.0859542181467843,0.1860800566146445,2.8895859582902848,-0.5224920257177129,8.537060993652773,-0.0016036978544747,-0.10398584906165964,0.0051577711531916315
3.3514044284820557,-0.4267855765049898,0.3848178752704593,-0.04284848305615213,-2.1436921547657555,-2.086006398602682,0.1860565250655971,2.83399504914399,-0.5499770076030307,8.520925141048195,-0.00478593798746139,-0.10865913045834545,0.012710414940994062
3.3534483909606934,-0.42676701084930346,0.3848202473125488,-0.04286454772234738,-2.143775008498541,-2.0859666757492312,0.18605880344520695,2.9993270131925986,0.16940623400527866,8.35110845706706,-0.01893109696399243,-0.09992276602323365,0.0025771854185811854
3.3554842472076416,-0.4267706305048701,0.3848243485920672,-0.04286238882923554,-2.143756693766144,-2.085975992170157,0.18606074269974937,3.006919231270038,-0.4725091883514143,8.5936767695801,-0.00010037439913257798,-0.10020334474793423,0.013666895294230277
3.357523202896118,-0.4267717800553897,0.38483045218615564,-0.04286342539587917,-2.1437363900838218,-2.0859798198476844,0.18604329097773623,3.0168188767625415,0.05951717902213574,8.485892745581467,-0.015426366377080086,-0.09903835183511105,0.002160847640716474
3.3595471382141113,-0.4267717800553897,0.38483045218615564,-0.04286342539587917,-2.1437363900838218,-2.0859798198476844,0.18604329097773623,3.0168188767625415,0.05951717902213574,8.485892745581467,-0.015426366377080086,-0.09903835183511105,0.002160847640716474
3.3615715503692627,-0.42677622658524184,0.38480290140632784,-0.04287092040698873,-2.1437600450807115,-2.0860023744386416,0.18612032372301576,3.054777379477514,-0.1474912944942947,8.6767494191184,-0.005065738688571271,-0.09713385414717235,0.011481000617541297
3.3635964393615723,-0.4267766870090176,0.3848184809134705,-0.04287923732566698,-2.1437746573220133,-2.0859492707369354,0.18611522780714965,2.8403987303211666,-0.3854389413915961,8.553231419734432,-0.005030661875884681,-0.10449778383130609,0.010746291135886623
3.3656206130981445,-0.4267502160913619,0.38481575894089465,-0.042904432574323054,-2.14384677252945,-2.085959986659707,0.18607939760041256,2.8148601812001566,-0.5353445418811611,8.636303414345946,-0.0003119086444980483,-0.1021323348759992,0.012552352449883954
3.367645740509033,-0.42678014101058753,0.38481648839422694,-0.042881086191635914,-2.143754307469782,-2.0859921382764135,0.18608629439443883,2.7318191748011156,-0.3114997738312528,8.426440019427739,-0.005587598667361729,-0.10529311371478528,0.009992455242635754
3.3696694374084473,-0.4267618629242699,0.38480372760965664,-0.042902425198773325,-2.1438134380297713,-2.0859899592826125,0.1861098014994655,3.1520989879844565,0.1932531085656317,8.646003244001607,-0.012102159089988289,-0.09561160279916008,0.008485041262555454
3.371694326400757,-0.42675563458853394,0.38481545307906617,-0.04290499773985945,-2.1438254745510554,-2.0859908976001202,0.18605297621447214,2.8521860830399275,-0.3636531502983389,8.707089452729932,0.0009256228277037906,-0.10345925498505529,0.013189091052709864
3.3737194538116455,-0.42677458316124467,0.38481152952716774,-0.04290311927346377,-2.1437911127844402,-2.0860257529137276,0.18609557851239575,3.022901112373959,-0.141213301191639,8.636971712360324,-0.004320691869369545,-0.10125447298997668,0.01609197147716132
3.375744342803955,-0.42675442031415733,0.38480905675655974,-0.04290923407734268,-2.1438365908696886,-2.0859776817513778,0.1860650031715513,3.0590724289414926,-0.1480052680434205,8.4438594361002,-0.0018262971457918041,-0.09281301175929499,0.006041607481608341
3.3777692317962646,-0.4267806424278102,0.384801823176053,-0.042903604947089335,-2.1438065231001784,-2.0859739872264504,0.18610876470126012,2.765263780695242,-0.07143350729147666,8.566235482080321,-0.003949756432457368,-0.10013384166915516,0.01411824464676782
3.379793405532837,-0.4267643970931865,0.38482240187842176,-0.04289949811022761,-2.1438505217042403,-2.0859475873171274,0.18606232847073306,3.0785052603009024,0.060075829100498496,8.508922609221896,-0.008583881792542625,-0.09542133168187068,0.0035891417811935197
3.38181734085083,-0.4267622509477028,0.3848219041016577,-0.04289838275611482,-2.143774383176272,-2.0859952705480818,0.1860831034248856,2.7455515849242076,-0.050230849095032976,8.543887662997014,0.0014621736221216166,-0.09477169599257355,0.015712531280334778
3.3838424682617188,-0.4267779977974711,0.38482999557134734,-0.042878458897405186,-2.143786251728539,-2.085942487487994,0.1860710758770777,2.8306756501092396,0.10317346339320388,8.422090750008595,-0.0019875901042547693,-0.10181090746151074,0.004040347514713838
3.385866403579712,-0.4267744012235417,0.38481668802699115,-0.04289918279705979,-2.143814576028389,-2.0859634394585,0.1861273148545088,3.4190306041394263,-0.47428676404491144,8.720663824647463,-0.006604682345679456,-0.09971046809899359,0.009782156065233607
3.387890338897705,-0.42677083284843326,0.3848221773389399,-0.042899753535891566,-2.1438309084397487,-2.0859558976043298,0.18608861291205236,2.78697784718681,-0.4149552172163626,8.597242487555757,-0.012964807067125366,-0.10107898364250721,0.017323338678289855
3.3899145126342773,-0.42676226459629657,0.3848289000677325,-0.0428953480931851,-2.1438096011872716,-2.0859515366787744,0.1860650953023356,2.9576818982443758,-0.24808233280512146,8.509789457175597,-0.004731549755073503,-0.09338156092321866,0.009666527380257865
3.391940116882324,-0.42677826907780236,0.38481781568830176,-0.04289718132756837,-2.143785081210438,-2.0859825166809216,0.18608216706810385,3.3099835620403857,-0.094970870843642,8.698749194390167,0.00821989204172828,-0.09413248298931519,0.005179825894562569
3.3939688205718994,-0.42677624979830486,0.3848164731022135,-0.04289438202338963,-2.1437881151124847,-2.0859652178788073,0.18607268995454262,2.845950460782669,-0.07754048132156645,8.702995258232653,-0.00247319708031899,-0.10730789531068198,0.01312225636224751
3.395988702774048,-0.4267782126391682,0.3848221238124494,-0.04289107708979073,-2.143768819589144,-2.0859698833754683,0.18606096135098718,3.3274308256069562,-0.17196642921735106,8.628696378922385,-0.016773713703873053,-0.0859150254717103,0.005962474339529863
3.398049831390381,-0.4267682360573555,0.38481980840866314,-0.042894958110126474,-2.1437899804014116,-2.0859724799025887,0.18607247402927848,2.90500878218805,-0.43642010575532875,8.77341411357113,-0.007925286353022191,-0.09798078159811924,0.014893257029233293
3.4000823497772217,-0.42677044690192006,0.3848277293603645,-0.04291043822404869,-2.143816413760743,-2.0859640521035425,0.1860685487314899,2.7555644726752533,0.02873198679735514,8.840984143599975,-0.007458235012547735,-0.1103488095765949,0.014703525738651625
3.402114152908325,-0.42677017075651996,0.384823469706713,-0.042898673865421455,-2.143826773031641,-2.08594902385283,0.18604511890246903,3.2465340192562064,0.4397201020877284,8.591018044853282,-0.007722967154051072,-0.09437396286411392,0.00871040144466988
3.404144287109375,-0.42676226539596124,0.38483168513962346,-0.042894206958185355,-2.1438021148254705,-2.0859570625964454,0.18602282943486886,2.854354033523605,-0.20463605481955777,8.703420330839812,-0.003624245411702558,-0.09904026100963692,0.01290830427044451
3.406177043914795,-0.4267748900110869,0.3848254220298213,-0.04288662557389267,-2.143769482118868,-2.085991468591195,0.1860423606535262,2.8431004729606246,-0.14877854320576972,8.684867874141894,-0.011742290480977245,-0.10258501989588192,0.00940124088386774
3.4082117080688477,-0.4267821989828394,0.38482309142766896,-0.042895895700329534,-2.143781328379716,-2.0859514723173556,0.18606735105568903,3.1153974284636963,0.011725708342813002,8.67291519418308,-0.01243938837350506,-0.09474833826385745,0.013473292572597304
3.4102377891540527,-0.4267844696619568,0.3848201731422714,-0.042889028024299,-2.143758379493784,-2.0859690576351144,0.18608257873884287,2.7458205538553653,0.046499598286328436,8.625539207413109,-0.010342894813035911,-0.10351552153594984,0.021221357115219774
3.4122636318206787,-0.426758598320047,0.38481210240887564,-0.04291271376793662,-2.143829985834227,-2.085979917076658,0.18606400011563648,3.206453732271685,0.15698078932085327,8.627833801358479,-0.007047108372591563,-0.09439731059111271,0.007291421419601771
3.4142885208129883,-0.4267799909841848,0.3848272213302154,-0.042884843158437325,-2.1437873258516187,-2.0859362931276393,0.18606393573010527,2.7148429689443168,0.10322961669603123,8.74211978990595,-0.005908892791792599,-0.107652549532446,0.016369689524870577
3.4163124561309814,-0.4267781166193769,0.38482292116673594,-0.04290344553656228,-2.143787524941084,-2.085949491233433,0.186114401797787,2.7291216538646346,-0.4532426228172106,8.63821865928049,-0.006794040665772033,-0.10170893158877435,0.014452875492558356
3.418337345123291,-0.42677308091849,0.3848304162842371,-0.042902832435961574,-2.1437862571828,-2.0859758157348547,0.18606609510284078,2.7721679321805266,-0.20654873711760963,8.44425469149729,-0.00759507075754653,-0.09628026166718784,0.013568664040066318
3.420362949371338,-0.42677549049267793,0.3848211880567359,-0.04289212400230405,-2.143780678088792,-2.085945091852337,0.1860816705399647,2.9979224839497176,-0.010965076909041693,8.579125393865114,0.0008246791309880338,-0.0986270827684987,0.016762105586122955
3.422403573989868,-0.42676940225083276,0.3848217644215304,-0.042902095233185444,-2.143810713198787,-2.085953264717006,0.18608563548434906,2.770851386933793,-0.24735687805717224,8.627106141769952,0.0027869139242134963,-0.10539963017673297,0.013293672564487165
3.4244296550750732,-0.4267683204652618,0.38481991853261766,-0.04289521483784339,-2.143802829776251,-2.0859539792083375,0.18607221631746154,3.017074402442505,0.15683714649939662,8.512886336908347,-0.011256516778462644,-0.096549454849201,0.00744359116517925
3.4264752864837646,-0.42677197139863987,0.3848153875310997,-0.04290202312042815,-2.143778138912424,-2.0859918951549536,0.1860695973728694,2.748454084238772,-0.26981286128315923,8.739447821493489,-0.0009879185640864663,-0.10030621101892506,0.018095254619257897
3.4285025596618652,-0.4267784655263365,0.3848348372670134,-0.04289037103999044,-2.143801464955803,-2.0859244466298166,0.18608207638868954,2.966973069633757,0.06770180723449573,8.434142562984608,-0.005590911019439122,-0.09568284940979821,0.010787483763801129
3.4305288791656494,-0.42677878951167086,0.3848139891401532,-0.04291123213894463,-2.1438143677300094,-2.0859921688359093,0.18611880532184433,3.0085094494876348,0.35570613680823737,8.559670255117265,-0.006386732429023959,-0.09404193610064818,0.008700307179841996
3.432554244995117,-0.42675910814239065,0.3848318107094347,-0.042896895694034765,-2.1437937772549063,-2.0859744065101795,0.1860520425536414,3.006148496108035,-0.2497122331603408,8.557482860748928,0.00394643820175611,-0.10316915304341456,0.014511515224722521
3.4345786571502686,-0.42676331301932163,0.3848282836849749,-0.042901195908433054,-2.1438186069303797,-2.0859640663126746,0.18605420386894547,3.092285077325613,-0.06690116974678069,8.192610423136163,-0.004347005115099034,-0.09782067305344974,0.010849548404180124
3.4366025924682617,-0.42677141589907475,0.3848366307306089,-0.04288514343248348,-2.1437814250759226,-2.0859643712239317,0.18604737257922702,2.981988593906513,-0.17124178699234024,8.467691797941713,-0.0007851694634337728,-0.0957548460511717,0.01092061198096701
3.438626527786255,-0.426778599200625,0.38480574695635217,-0.04289798501745476,-2.143798858543141,-2.0859655422417034,0.18610753634945593,2.7665936467171113,-0.13822475880548307,8.512192481151983,-0.0019454061800843595,-0.10199480669290702,0.012803407273634833
3.44064998626709,-0.4267640032101963,0.38481854011382854,-0.04289911252876005,-2.1438108976978016,-2.0859598722178596,0.1861041782396157,3.187655022946242,0.24635067976782818,8.481408776452986,-0.00400192018534546,-0.0954944401257077,0.00725928382769467
3.4426686763763428,-0.4267667873880817,0.38480700732690226,-0.042908350256557454,-2.143819123141692,-2.0860011770711213,0.18607432676969693,3.01704500446961,-0.1977593028365164,8.438503552620745,0.007624434100947269,-0.1023817647493194,0.014555810479067986
3.4446887969970703,-0.4267738717532292,0.3847956248045419,-0.04291490046726454,-2.143788629757839,-2.086047902792508,0.18609751924587659,3.0559869380174063,0.05680652392732019,8.450800549302743,-0.005925452818014778,-0.10018110521878507,0.010961792535524345
3.4467062950134277,-0.42677560224483096,0.3848284154418011,-0.04289747246696929,-2.143808133338938,-2.0859431338341903,0.1860718982487168,3.0685993884443397,-0.028616510482620622,8.359302615956299,-0.0036321424538223674,-0.0939804022198281,0.006358675314814325
3.4487247467041016,-0.42677870521155326,0.3848269154652966,-0.04289479137861266,-2.143780446793759,-2.085966337980977,0.18609770171837273,2.5839371713086168,-0.347508297592078,8.4747267441696,0.005668935432113692,-0.10606956530617417,0.012617574096061766
3.45074200630188,-0.4267830857893187,0.3848167535775237,-0.04288374232092168,-2.1437540285124332,-2.085987417345446,0.18604453385560785,2.9473062547725672,0.2619423226093671,8.299132845026469,-0.007470190003645765,-0.09909131725999272,0.009123249666429635
3.4527623653411865,-0.4267898914748381,0.3848167088148824,-0.04289111464863571,-2.1438115251551726,-2.085955413756489,0.1860997046155514,3.063696666103544,0.2642153443376258,8.481577699087792,-0.00216804570021846,-0.09271163373180813,0.00925432881811064
3.4547863006591797,-0.4267746057422027,0.38484965015916817,-0.042886830369989415,-2.1438216817838405,-2.0858975240014708,0.18606646520667963,2.603306536664333,-0.5430413441684366,8.560948736472461,0.012298484886313101,-0.10752276876477017,0.016984591025687567
3.456810235977173,-0.4267806989168205,0.3848220161116946,-0.042889832883796275,-2.1437537167063914,-2.0859809253818256,0.18607058256416972,2.970803433989665,0.17186333205110488,8.404307855966062,-0.0038538936874587745,-0.0955492168495955,0.010035679757632773
3.4588348865509033,-0.426775409936388,0.38480799111900144,-0.04290510294488717,-2.1438036905018203,-2.0859750076741705,0.18609992472704256,2.9511964110583255,-0.3163773547709295,8.5529620731675,0.008999266993075556,-0.09542744131688817,0.011954892245236961
3.4608936309814453,-0.42677431032749624,0.3848060875663811,-0.042898630505924545,-2.1437699609294065,-2.085993610485516,0.18609278686013206,2.7302865312669233,-0.25781220553442014,8.495768578210791,0.006571875140619091,-0.10780076376192801,0.012304581193955142
3.462918281555176,-0.4267588669932763,0.3848146974992249,-0.042902116545189634,-2.1438346897557987,-2.085976910489892,0.18605921818437032,3.1211392275188805,0.2982881550307452,8.368127535914724,0.003451990858274676,-0.09538770047313554,0.00915454297619531
3.464942455291748,-0.4267668876323869,0.3848247133108535,-0.04289953565243709,-2.143819185835926,-2.085965308839907,0.18601710021305895,2.7028745697445515,-0.10522059208265433,8.46898689059275,0.005284153852813063,-0.10456549855449812,0.016027064932307863
3.466966390609741,-0.4267812549963442,0.3848099782724323,-0.042898684678409016,-2.1437947404474014,-2.085989963950261,0.1860896155608805,3.111939983422811,-0.21721701721862735,8.478267388611329,0.0043663368668097795,-0.09139176362841743,0.01184459077902154
3.4689905643463135,-0.426763632664111,0.3848159103949623,-0.04290554153714282,-2.143837450327364,-2.085950963432664,0.18608319104565194,3.109587334729654,-0.02216270504808812,8.558685209515902,0.0047994619191007275,-0.09644490635817828,0.011492153858980505
3.4710142612457275,-0.4267798914200665,0.3848223359137068,-0.042889629370421456,-2.1437750324285956,-2.0859680026436007,0.18608081829262377,2.762795288965547,-0.2704295995148151,8.562332797459714,0.010169379812105916,-0.10512251131968242,0.010184240127882889
3.4730384349823,-0.4267694174496186,0.38480796787806754,-0.04290692805533863,-2.143816313932876,-2.0859868236591175,0.18613424916713003,3.383107270201098,0.2613028642076078,8.475724412124984,-0.003673149044105264,-0.09093395483373998,0.003618485482102825
3.475062847137451,-0.4267765371176746,0.3848204790987985,-0.04289057948157346,-2.1438168364669323,-2.0859640867110976,0.18606389953832245,2.861493868038882,-0.19014960069807463,8.641227562411801,0.008012621504766192,-0.10241009337269774,0.009903002594310477
3.4770872592926025,-0.4267707981651395,0.38482011263241667,-0.0428998449211247,-2.1438059341852918,-2.085971046845067,0.18606634607855604,2.897618027030691,-0.23907267687342235,8.531624480266183,0.0018439548039788944,-0.10315948762165397,0.01104808719262925
3.4791111946105957,-0.42677868282228393,0.38481179624320655,-0.04289531716603742,-2.14377372389314,-2.0859833208912764,0.18606312000829112,3.1998428782816126,0.47584738229071927,8.487679932254176,-0.006879264891718637,-0.09203671880269754,0.008912299984199923
3.481135368347168,-0.42676662716535857,0.38482339846999375,-0.042900613027775036,-2.143826290104446,-2.0859485011714813,0.18607239267353193,2.6756026049128843,-0.19809328980123647,8.664518481072074,0.007074872290446088,-0.10541988809466064,0.01158056455808021
3.4831607341766357,-0.4267722241755328,0.38481179954560646,-0.04290333438789573,-2.143824294403424,-2.0859834065700413,0.18608420225399183,3.0983068092333372,0.30653941698929676,8.565601118533355,-0.0035378931372796693,-0.09924645176144352,0.005861637701610012
3.485194444656372,-0.42677419598302146,0.384817060161038,-0.04289528142976706,-2.1437841840623464,-2.0859683779568208,0.18607149890319433,3.0403730214028792,-0.34716849359075286,8.783000196073115,0.009298937656540529,-0.09418851211908989,0.010079580346000577
3.4872186183929443,-0.4267620757632834,0.3848070392337031,-0.042908978642306084,-2.1438951674845215,-2.0859601072093343,0.1861124948943551,2.8707352400710233,-0.278712708280775,8.652899881412315,0.004591838807590886,-0.09950845037726876,0.008362403734082362
3.489243268966675,-0.42676234701740806,0.3848144055780378,-0.042900746176553956,-2.1438574910775614,-2.085938264467587,0.18613864542398642,3.3110766855171616,0.5564286871600433,8.597864665489222,-0.006177154075247843,-0.08663280292364542,0.005408504200740977
3.491267442703247,-0.4267681855020209,0.38480986329784045,-0.04290576203162996,-2.1438309037231265,-2.0859905409179427,0.18610542540096858,2.7353758479365724,-0.21542214038904856,8.619552209822603,0.010060216268592343,-0.104530663061751,0.01844173562660282
3.493293523788452,-0.42676363074664975,0.3848090431647475,-0.04291040097676718,-2.1438576487193126,-2.085966723851773,0.18611335611628507,3.0608996326883764,0.4498713179199712,8.50197054653637,0.000959375819352782,-0.09380734364835967,0.004280823644004106
3.4953207969665527,-0.4267577784303069,0.384813858118487,-0.04289844735424403,-2.143830303171856,-2.0860012541460216,0.18608147024370705,2.7117002418282974,-0.3140671521931825,8.676281946466895,0.012978326170122281,-0.09932162131799989,0.011942383339258794
3.4973466396331787,-0.42679219053035883,0.3848071829580563,-0.04289078231498769,-2.143747088825181,-2.085990712706743,0.18611203069585613,2.822676260445753,0.04362553282240117,8.594877456372245,0.0030252462727725863,-0.09992984131445161,0.007823754093712491
3.4993724822998047,-0.42677023444826523,0.3848153071636858,-0.04290264764468191,-2.1438453559791593,-2.0859642680083383,0.18606768019808242,3.0220118418871884,0.16031809686526963,8.670176022420614,0.003406839374841064,-0.09163542107704374,0.009145821853455492
3.5013976097106934,-0.42677359326699893,0.38479887726900247,-0.04290188099458084,-2.1437885189644166,-2.0860229294588373,0.18609008217744355,2.8465095108030307,-0.11514481159860118,8.54885362342792,0.009896816763122249,-0.09753302303338333,0.009569745775556119
3.503422498703003,-0.42677228925094157,0.3848027212059632,-0.04290101897233775,-2.1438116814001686,-2.085989957031813,0.18611713972231006,3.272732537554858,0.09641364686243234,8.561505992028087,0.012613691579330576,-0.08843986761391283,0.006945307724627226
3.505446434020996,-0.4267665636437842,0.38482268448821905,-0.042892903209540395,-2.143817035767538,-2.0859698655256165,0.1860859211244961,2.6407189130736524,-0.32529679081872664,8.607363813279196,0.0161923225566994,-0.1070248159430382,0.01327281052799834
3.507498264312744,-0.42676685778693524,0.3847902609141748,-0.0429075062704716,-2.143830526355974,-2.0860298955057175,0.1861119677248715,3.070216121996312,0.3403526327359877,8.468071833294674,0.005560301452994888,-0.08846018969281852,-0.00012896151372914768
3.509523391723633,-0.42676179614481025,0.38482492647313304,-0.04289407518305674,-2.1438371915079872,-2.0859644031897937,0.18602013571739429,2.5156762716017784,-0.10624518786406056,8.556943868698449,0.015470138822991196,-0.09870555422933762,0.014367409329949257
3.511547565460205,-0.4267726587130204,0.38480546504847296,-0.042898251507283436,-2.1438261473786278,-2.0859943846558098,0.18611788873319007,2.8805617225616693,-0.17837065692536283,8.54379650140017,0.023011054579653495,-0.09409869407809537,0.012410004139206737
3.5135724544525146,-0.42676780489414706,0.3848062299868229,-0.042899839546297114,-2.143845087427895,-2.085991947268084,0.18609896225677117,3.1075714845868063,0.2817661790387106,8.42595142463953,0.012231863678747863,-0.08752680380316062,-0.0016030542009188241
3.515597343444824,-0.42676780489414706,0.3848062299868229,-0.042899839546297114,-2.143845087427895,-2.085991947268084,0.18609896225677117,3.1075714845868063,0.2817661790387106,8.42595142463953,0.012231863678747863,-0.08752680380316062,-0.0016030542009188241
3.5176212787628174,-0.426774390606982,0.3848044158281567,-0.04288900710604429,-2.1438197525829077,-2.0859965278811856,0.18611659624840987,2.9425469770575177,-0.06385383612528264,8.614619602749281,0.022146153071144634,-0.08783862848775673,0.006734955483354327
3.519665241241455,-0.42677507399481773,0.38478688683848905,-0.04290547777743761,-2.1438312813431706,-2.0860401173110357,0.1861403779929572,2.725959034576344,-0.2317437760841665,8.669050705991518,0.029212726216996242,-0.09230970990717585,0.008082309127156998
3.5217039585113525,-0.42675609234574585,0.3847951530592092,-0.04290696756176823,-2.143852031609123,-2.086053230688503,0.18608180613454017,2.998188282976827,0.25865534834515236,8.567033915294191,0.018732210721631178,-0.08796116923535946,0.0018121327832328355
3.5237464904785156,-0.42676260121347015,0.38478383648716713,-0.04291117991609508,-2.1438549847223274,-2.086041656826798,0.18614132527686034,2.8070896117727098,0.08763541357318713,8.491021886928095,0.023817076588292515,-0.09237093873369885,0.010315371352893324
3.525770425796509,-0.4267612200998068,0.3847949528320849,-0.04289933303721169,-2.143824599196817,-2.0860623840420573,0.18609930576007755,3.1625146330622633,0.1801775810012019,8.433202433626272,0.021365131209194574,-0.08295258044172278,0.0012087642632322019
3.527794361114502,-0.4267488707620887,0.38480036870435036,-0.04290883144578925,-2.143893352211641,-2.085999186546115,0.18613151249601653,2.5566216385510994,-0.1871974245091714,8.521968926822701,0.0289719784491456,-0.09118089658931092,0.010665401578023658
3.529818534851074,-0.42676467208006774,0.38478503928535507,-0.04290268221750898,-2.1438604495766986,-2.0860252654204605,0.18613344786046876,2.9317861808841283,0.4069870643815635,8.502907474822063,0.024120597665174527,-0.08381013000442984,0.0011804130587975518
3.531843423843384,-0.42676301195660976,0.3847756978519894,-0.04292168956759243,-2.1438952464892904,-2.086046579084395,0.18615838679882646,2.7045939567574355,-0.07874658688615377,8.507789690437152,0.03201933428285696,-0.09252044336400406,0.008003923120802621
3.533867359161377,-0.426767515520488,0.384787773784478,-0.04290923425957932,-2.1438883998511673,-2.086013702719897,0.1861691903768286,3.097072753276036,0.20697278161594126,8.47192315702911,0.027612892236155963,-0.08132419682748694,-0.00289638982111525
3.53589129447937,-0.4267498085321719,0.3847983905259823,-0.042905355541186546,-2.143890169044658,-2.0860029495509647,0.18613185817720315,2.4827892067455934,0.06944214174341742,8.414698671285649,0.02637092929586488,-0.09487503994135761,0.00387838576320275
3.5379152297973633,-0.4267588733183719,0.38478574871056753,-0.042913164233629675,-2.143868463738127,-2.0860384809120713,0.18617738456310104,2.7107327685062357,0.40482161217636353,8.328326591020168,0.02837534327491245,-0.08149062231660717,0.006363056149916349
3.539952039718628,-0.4267431512747665,0.3847935758600716,-0.04291620307480748,-2.1439199185381344,-2.086027618923355,0.18610656163212586,2.797309192603146,0.24821357854392478,8.35124493528924,0.028720578450760297,-0.09064736491061623,0.002963408980603906
3.5419905185699463,-0.4267569341317668,0.38477085570723435,-0.04291030770239146,-2.143888516531464,-2.0860754248318774,0.18612810698154272,2.7583281749483413,0.45815582796893695,8.547521386524519,0.02886665646659556,-0.0876420426279726,0.011224116877540123
3.5440144538879395,-0.42674883058462937,0.38480134096638785,-0.042909407377144854,-2.14390948539188,-2.0860260500313945,0.18610826633120076,3.0982548664685297,0.49318170201824096,8.408991209762037,0.025115622786221342,-0.07774474411123669,0.0019614095470163895
3.546039342880249,-0.42675498093409375,0.3847884415100105,-0.04289713383159918,-2.1438886509652155,-2.0860330888103125,0.18612410881005143,2.3439883212030166,-0.138057754795911,8.653703164016768,0.040043821493027223,-0.09462068049514301,0.010500378002533521
3.5480644702911377,-0.4267602783583952,0.3847953382433029,-0.04290051321527846,-2.143873393320395,-2.086028115669515,0.18612359285642166,3.042095081402385,0.29648038637348273,8.526789004014361,0.03185918935717497,-0.08144030033345694,-0.002470021098874545
3.5500893592834473,-0.42677755941926515,0.3847761938995182,-0.042899704222943036,-2.1438320902978982,-2.086085493423573,0.18614962472075294,2.559033374878055,0.2969551107257988,8.54533789293563,0.03183012933729168,-0.0914358448619276,0.009104870358814398
3.5521135330200195,-0.4267521784152563,0.3848028762367074,-0.04290167775047532,-2.143889940640621,-2.086005284822506,0.1860979913700229,2.8412225859468334,0.18762139581483564,8.632531494758352,0.03976951603480342,-0.08306485412046152,0.0029433601587683777
3.554138422012329,-0.42674560150036694,0.3847989383052528,-0.0429125163076709,-2.1439210427054984,-2.0860189717815167,0.18608161317808622,2.786356614374001,0.26238390458988814,8.59836318646186,0.029907929963716155,-0.08767434025449872,0.0035148688395225287
3.5561635494232178,-0.4267719512264919,0.3848003007200122,-0.042893468570497334,-2.143837290193975,-2.086021984780031,0.18612938696559833,2.6653864844065414,0.33971537158684706,8.600006059549363,0.036296815957834815,-0.08622332433461113,0.0051405055228823365
3.558187484741211,-0.42676564270954054,0.38478498413229756,-0.042893989245714914,-2.143822462730262,-2.0860765237000933,0.18612769780411062,2.627250865583367,0.5671620344473657,8.523981519182746,0.02285444666461736,-0.08755027147984973,0.003436647682473615
3.560211658477783,-0.42675277845061355,0.38478028974145956,-0.042911933047094286,-2.143915950278973,-2.0860327333953648,0.1861347170587245,2.404632966966326,-0.02700139811384694,8.65095720392012,0.038921276588746515,-0.09265857706036103,0.007764305616820901
3.5622355937957764,-0.4267582591267519,0.3847898580323783,-0.04290240422583283,-2.1438945059344876,-2.0860159740659676,0.1861332402625163,2.9215764534343274,0.3411844506455153,8.493313473131714,0.03644429884487324,-0.07888290803257457,0.000508447686933285
3.5642595291137695,-0.4267432487689197,0.3847726953547148,-0.042910724312272386,-2.1439386391754205,-2.0860407018559664,0.18614331213088495,2.6295901935648613,0.20917674752440973,8.453363753004306,0.038190792911496754,-0.09021487115912318,0.0007632442102432774
3.566283702850342,-0.42675970484031867,0.3847774240272116,-0.042899797437680964,-2.143849650769046,-2.08608057767585,0.18612022894135913,2.903033694824008,0.5913208745738225,8.605222946552455,0.03251459896943079,-0.08288717469977655,0.0055387316707229085
3.568307638168335,-0.42677013983385437,0.38479185344436573,-0.04289892360853842,-2.1438445042942376,-2.086048702553041,0.1861106475839206,2.8884471880212517,0.5057138041296934,8.44516779792358,0.03265631479077538,-0.08199387138936855,0.00012563429677715527
3.5703325271606445,-0.4267510447916348,0.3847893961242675,-0.04289965641883242,-2.1439093869701735,-2.086033302996835,0.1860889333598355,2.501400203238803,0.2684487268647562,8.637840241270013,0.03529496558304643,-0.0912061446448464,0.012446171123942269
3.5723564624786377,-0.42675051120691465,0.3847783739129563,-0.04291305298915615,-2.143918491077491,-2.0860496961660675,0.18614538534128183,2.80256879975029,0.3538169322548593,8.597271379627072,0.037385326886099045,-0.0805873115546246,0.001784020234182086
3.5743813514709473,-0.42675906794369517,0.38478157437004684,-0.04290590418359469,-2.1438777498345623,-2.08607285966709,0.18610455391734343,2.5324082059696282,0.3320947325191994,8.316084708355886,0.03630676763659721,-0.09239077589710798,0.004032307431885552
3.5764052867889404,-0.4267529376799068,0.38479189087481663,-0.0428926809862428,-2.143872183674403,-2.0860487965535857,0.1860926642968779,2.567971647214244,0.5981402586925701,8.517676365477548,0.038910483575181114,-0.08828758741994054,0.004840743810534249
3.5784292221069336,-0.42675876658979744,0.38478626717422837,-0.04289633398945486,-2.143910913780696,-2.0860352365857757,0.18614588633179024,2.896596542250613,0.829717186706485,8.429973756455588,0.03322341714945248,-0.07929603400036911,0.0035826358573001985
3.580477237701416,-0.42674021251323646,0.38476869872459046,-0.04292115711166286,-2.1439160478550394,-2.0860727925463443,0.1861616202273119,2.5211174611654847,0.6602742813138256,8.484486815420029,0.030570084123923244,-0.08844492400244557,0.001859820863052566
3.582502603530884,-0.42675840065611537,0.38478465773333437,-0.04289942434016253,-2.143868491422296,-2.0860725284721644,0.18612314178824269,2.7755778653675884,0.18817749847010318,8.591477999463782,0.04749819084663672,-0.07960409160764455,0.0015669904265969148
3.584540605545044,-0.4267659782646294,0.3847900560095825,-0.04290196019786949,-2.1438438654542185,-2.086078254675089,0.18615712836988976,2.939863916433822,0.5931346857300174,8.471056079063537,0.03848612394798538,-0.07809413482653087,-0.0034946498263041786
3.5865795612335205,-0.4267535691752455,0.38477554895118043,-0.042904484267699244,-2.143892850024925,-2.086091115498968,0.18614814417490158,2.6594884178594542,0.28432067598321165,8.434311774849494,0.046942257575619366,-0.08392916040779835,0.00030222856941499593
3.58860445022583,-0.42673670959451504,0.38476561471316617,-0.04291548320765992,-2.1439334118706137,-2.086092126229218,0.1861542316828385,2.396971719412951,0.5046331211600908,8.644875053148466,0.04220130826146236,-0.08735118089882848,0.004149866105206479
3.5906283855438232,-0.4267597802709686,0.3847906263868469,-0.04288204088560918,-2.1438621115517518,-2.0860545249484983,0.18612656888106724,2.6228340240551513,0.4224835454898131,8.621815114921999,0.04241185977154667,-0.07935388981977023,-0.0021385678323527267
3.5926523208618164,-0.42674582730476907,0.38478390333834217,-0.04290014754652752,-2.1439274984818697,-2.0860673067787,0.18611629394603055,2.56503409950167,0.35845523108625676,8.514216524734248,0.04551862217128176,-0.08259771886601487,0.0008324927617729058
3.5946764945983887,-0.4267352883617804,0.3847696386154984,-0.04291497532594621,-2.1439832768732567,-2.08606028981275,0.1861459741917367,2.8442716468557614,0.3981527950594696,8.418105048051029,0.0511940968974451,-0.07486095088436787,0.00258938339867674
3.5967018604278564,-0.4267567182229266,0.3847633123065577,-0.04290100942013564,-2.143904270205254,-2.0860940406285744,0.18616778920937588,2.8047532834976523,0.678318518872865,8.587154855350546,0.041334613831964316,-0.08101550432487871,-0.0009113214159449101
3.598721742630005,-0.4267356167100999,0.38477102071112046,-0.04291608581476383,-2.1439732873027455,-2.086067090279586,0.1861192105389068,2.4688443073108055,0.20535149910966402,8.527350603164365,0.05275286121213239,-0.08639314055717186,0.0038855236379121798
3.600738048553467,-0.42675038869947857,0.3847675737009454,-0.04290231895263397,-2.143934567066788,-2.0860662195364323,0.18616310562316135,2.6295930544645527,0.3018077417904278,8.725743133509281,0.050115613329731724,-0.07952829002112982,0.003133314324466339
3.6027543544769287,-0.4267488719021676,0.3847659478181771,-0.042916739032601625,-2.143934476563667,-2.0861003194117753,0.186159989919588,2.625721641032454,0.5325023084068506,8.441786866784081,0.04491521977641703,-0.07965093037336818,-0.005847726140922724
3.6047708988189697,-0.42675982154137304,0.3847645247297725,-0.042913326962089576,-2.1439240564546402,-2.0860991584368187,0.18619834035656277,2.5012268462811913,0.38731994974435124,8.492527024424886,0.05144597404978029,-0.0872085703383864,-0.001805867399961105
3.6067874431610107,-0.4267523645733747,0.3847527815249642,-0.042905798549552676,-2.1439375534376577,-2.086119554571167,0.18617454255073046,2.6197168832485387,0.47818598867676876,8.532104914184135,0.053566243002070746,-0.0826811828654724,0.0017627964174581953
3.6088061332702637,-0.42675344434933954,0.3847770315462707,-0.04288859153208516,-2.1439244748081108,-2.0860665813767634,0.1861699243562365,2.8828419810656403,0.7018108098539871,8.523845911697551,0.04688285770586122,-0.07434376847269097,-0.005762110548956706
3.610830068588257,-0.426741355029003,0.38476698140936383,-0.042913444445172366,-2.143938121462929,-2.0861190305103365,0.1861815476653936,2.5906755096870224,0.7394308478248559,8.323482348261699,0.04545223165875608,-0.07857881442628518,-0.0016893730984301383
3.612854480743408,-0.42674109286624373,0.3847674276412348,-0.04290009691781124,-2.1439609530894055,-2.0860783432469536,0.18613225491974494,2.5039064919999907,0.3090048606142012,8.455592993568942,0.054045265795551634,-0.0827583399087844,8.920736544565898e-05
3.6148812770843506,-0.42673447439502304,0.3847662182363688,-0.04290358827891752,-2.1439726486545174,-2.0860798377378384,0.18616369272758013,2.871851496907524,0.6129702891158518,8.52727104138662,0.05213040594754108,-0.07082734282690865,-0.0006420862644656231
3.6169066429138184,-0.4267416736458291,0.38478017951659554,-0.04289459811432575,-2.143949912760294,-2.086056701588654,0.18615489006051344,2.9600489539888906,0.8450534077453216,8.394307888078643,0.04736249805255645,-0.07166501797674618,-0.0025916805401795754
3.618931770324707,-0.4267549215251379,0.38475815049516665,-0.04289728838206733,-2.143929289870733,-2.08610053209423,0.18618413460316127,2.487166642334584,0.4650850581673467,8.46965753674604,0.05437877571633383,-0.08729590166961555,-0.00046012886740461577
3.6209733486175537,-0.4267372204422632,0.38474458849106824,-0.04290767385392294,-2.1439775357540274,-2.0861074518870533,0.1862004730664092,2.815176244213966,0.5340663751937544,8.509366395812243,0.05462825635128792,-0.07497789845489315,0.00031445370828240074
3.6229987144470215,-0.4267309318271837,0.3847748812647425,-0.04290133904919077,-2.1439617119132643,-2.0860858344844524,0.1861411402247635,2.783002039092665,0.38495479303618174,8.429946364282403,0.054752876465586686,-0.07274431536803802,-0.006744879235845862
3.625023603439331,-0.42675294273155506,0.3847558242433219,-0.042905450723311034,-2.143954763375603,-2.0860979724659323,0.18623372749625905,2.6845053057946706,0.6800027914674961,8.443888003406315,0.04840780949853578,-0.07758646707017344,-0.005985872399017267
3.6270484924316406,-0.42674166193211616,0.3847545372985626,-0.04290641124650893,-2.143958974757777,-2.086108322028588,0.18618803634648545,2.5634584327244103,0.3679137069611518,8.391694270521834,0.06065662478631053,-0.08217477384964082,-0.00235379952124138
3.6290736198425293,-0.42674896428626663,0.38473678895003577,-0.04290128134759305,-2.143958836116852,-2.0861297398780345,0.18623248003376525,2.5775026055293573,0.5275241421380342,8.43410050336727,0.057415300198714006,-0.08096944367829645,-0.0027332761867451642
3.631098508834839,-0.42672870617637015,0.3847585248553477,-0.04290489696969832,-2.144006437470638,-2.086085556545613,0.1861709915644965,3.0348210766863146,0.7470807118875646,8.238394360248808,0.05130727199071416,-0.06593731114326011,-0.008525218451988378
3.633122444152832,-0.4267388472989,0.3847498169606494,-0.04289693527712604,-2.1439647890983116,-2.086112763595797,0.1862016386276973,2.360271109654301,0.4342457466625728,8.403070022131999,0.05311213472989599,-0.08346265683523542,-0.0032542236675429936
3.635146379470825,-0.4267405291723491,0.38474618551680073,-0.04291153176508011,-2.1439424940553664,-2.0861516900218318,0.18620036271994733,2.7408710367753386,0.20873815873871512,8.426708767357132,0.06266158978798515,-0.07488359284507272,0.001567711785385487
3.6371712684631348,-0.4267253864964991,0.38475265565360417,-0.04291739147800977,-2.1439766902849455,-2.086139979876567,0.1861750379472699,2.6150810613286706,0.6801002557909962,8.297009905853795,0.0530897177908616,-0.07843173110325231,-0.005217128354855646
3.639195442199707,-0.42675046156202046,0.3847791862189187,-0.04288457373251606,-2.143920265479156,-2.0860852737299678,0.18614277582627323,2.6515405747448253,0.500979020823086,8.327230714696407,0.05363896443169508,-0.07761859077467499,-0.00042617213840561406
3.6412205696105957,-0.4267364121463652,0.38476734553486175,-0.04289910501248967,-2.1439519819842667,-2.0860803293854886,0.18616252817437273,2.5105901148409693,0.5229111555919265,8.310306300101182,0.05449422328635168,-0.08040730444463154,-0.0024138041205065946
3.643244504928589,-0.426740372834697,0.38475231533077553,-0.04289662586266901,-2.1439559209105443,-2.0860909281272955,0.18618225529979995,2.6453948983898736,0.29913242403853735,8.502020224381475,0.0639065789649613,-0.07422355705725919,-0.007388317559933329
3.645268440246582,-0.42674988133459835,0.3847656217920312,-0.04289070062997144,-2.143948149701126,-2.08608499174961,0.18614260682863645,2.6656270121126138,0.7597731538387812,8.37335198264137,0.05478959376360409,-0.0737012952954713,-0.004836293496464873
3.6472926139831543,-0.4267308098666259,0.3847636730177771,-0.04289503579862969,-2.1439463813695356,-2.0861179560104617,0.18616351422673724,2.7300924017683537,0.8262572940411729,8.336692500334655,0.05175545241138878,-0.07380335664224169,-0.005989728676703663
3.6493303775787354,-0.4267255626628937,0.3847530430901286,-0.04291094707667806,-2.143983330877097,-2.086150676107934,0.1861051336212818,2.6352815414805644,0.5590384497086709,8.300903106670122,0.055407171265432834,-0.07363247350422232,-0.0031814971189968472
3.651352643966675,-0.426731986189885,0.3847643102178154,-0.042890670374420375,-2.1439626382648034,-2.086093874393335,0.18615738880046473,2.6835766268793897,0.2571128213352398,8.470541474205328,0.06030755328001419,-0.07595557799348696,-0.0009898172700002518
3.653378486633301,-0.42673695514668986,0.384748716491113,-0.04290577382339686,-2.14396058379373,-2.0861561448458628,0.18614145183719044,2.828545059679548,0.7912792867039996,8.34026239198453,0.053709983687226605,-0.07125934457619114,-0.006637623028852063
