Timestamp,Pose_X,Pose_Y,Pose_Z,Pose_Rx,Pose_Ry,Pose_Rz,Force_X,Force_Y,Force_Z,Torque_X,Torque_Y,Torque_Z,Q_w1,Q_w2,Q_w3,Y
0.0020775794982910156,-0.11396180861451242,0.43635002685922125,-0.06549448283158833,1.9684329159761214,2.0535931786054107,0.3324899709672034,1.7630406120443827,21.01031362118279,-7.049636094832094,2.367645149921611,0.14762268412709864,0.7065585266325576,3.7018377023884277,-1.919410530720846,-1.4293902556048792,1
0.004195213317871094,-0.11394344734198972,0.4363205032239945,-0.06551491472272586,1.9683414265700967,2.0535814996987702,0.33240377989292236,1.9325686185149744,21.361571618201133,-7.1406870022193925,2.3667641343333745,0.14470220342825396,0.7075334618901553,3.7018658357807617,-1.9194186369525355,-1.4294408003436487
0.006232261657714844,-0.11397054026433664,0.4363442644138159,-0.06550473000834063,1.9684017514516334,2.053624041290838,0.33244286097727827,2.1254863833222934,21.356677576202618,-6.954665087635064,2.3701082469295347,0.14458356622967072,0.7073206124672665,3.701842947597168,-1.9193876425372522,-1.4294098059283655
0.008277654647827148,-0.11394587891858579,0.43633406248895407,-0.06551019772111802,1.9683683476003813,2.0535519808347704,0.3324267409731002,1.7618649751967737,21.143006730169343,-7.046211573639119,2.3678801294608913,0.1278537850236533,0.7093364721294365,3.7018930154987792,-1.9194296042071741,-1.4294059912311
0.01030421257019043,-0.1139399704225107,0.4363205156817331,-0.06553094708384395,1.968377709535041,2.05355645913479,0.33236292911097576,1.9440031016939254,20.90385456262398,-6.616584421154489,2.353308164074802,0.12228226566730009,0.7015312133722458,3.7018462854572753,-1.9193947950946253,-1.42942983308901
0.01234126091003418,-0.11395398382505048,0.4363371442685012,-0.06553540848818096,1.9684191490877905,2.0535910959022736,0.3323776650165686,1.6437254171007663,20.986824358646043,-5.944470446377952,2.3260335291787793,0.12362642617246275,0.6878143277119368,3.7017947870441894,-1.9193666617022913,-1.4294260183917444
0.014394044876098633,-0.11395121952570827,0.43635371976303183,-0.06553074339335724,1.968399469066167,2.0536275199939897,0.3324495298280224,1.4799429171739955,21.365944956056204,-5.20549857779881,2.322371468710887,0.13708604585478415,0.6824224610535133,3.7017428117939453,-1.9193947950946253,-1.429457966481344
0.016483068466186523,-0.11395647184934565,0.4363302362986233,-0.06555369408402933,1.9683396446022414,2.053630965657815,0.33240667541063035,1.200387571582758,20.79634016170503,-3.8744533926090186,2.296700705194406,0.13850241387477832,0.681884740262971,3.701734705562256,-1.919398609791891,-1.429457966481344
0.018584012985229492,-0.11395195986358037,0.4363318087685753,-0.0655670789065112,1.9683629992067788,2.0535980416367567,0.3323807105066105,0.9397550355148514,20.18664514549633,-3.088901561701306,2.272954518750287,0.14836062169458736,0.6655592700184122,3.701729937190674,-1.9193909803973597,-1.4294417540179651
0.02064681053161621,-0.11395091153910364,0.4363077725008797,-0.06559631832560334,1.9683094718587941,2.0536017413195746,0.3323411840028299,0.6132131011894626,20.018671188279416,-2.8250434988880713,2.2557260806050183,0.1432010175478611,0.6609174929779236,3.701685591334961,-1.9193947950946253,-1.4294541517840784
0.02275252342224121,-0.11394033121000059,0.4363247125341819,-0.06561428015456212,1.9683362109878553,2.05361174336954,0.3323925945717653,0.6658775710540483,19.53102361061157,-0.909598034573103,2.1951442229786218,0.09589187148617473,0.635321253803429,3.7015668588825683,-1.919405762349264,-1.4294779936419886
0.02483081817626953,-0.11393454715767454,0.4363394802182831,-0.06562225438864423,1.968332920625973,2.053648037511276,0.33242845120815484,0.24078523153395803,19.784482819279553,-0.2992024044001874,2.179713482310986,0.08365156069976144,0.6223212041649643,3.7014877039143066,-1.919410530720846,-1.4295209089862269
0.026897192001342773,-0.1139387363968804,0.4363393756712589,-0.06563820294071346,1.9682910022180746,2.053666199445993,0.3324466779664136,-0.10123796007513103,19.07296382143202,0.584114565525869,2.1622531753342256,0.07576883391460891,0.6121611391350004,3.7014481264301757,-1.9194296042071741,-1.4295294920550745
0.028986692428588867,-0.11392486040305916,0.4363318065432339,-0.06566072260403148,1.9683032753374374,2.0536477675016873,0.332361651305123,-0.31068692480661075,18.924893558848762,1.4921131095644422,2.117783195078686,0.07530420621392284,0.5880808374801234,3.701430006618164,-1.9193947950946253,-1.4295571486102503
0.031114578247070312,-0.11392192545351665,0.43633232259432725,-0.06568029219781986,1.9683360629095972,2.0536449829993666,0.3323545255868516,-0.45508580542441834,18.15905612274753,2.199388353668603,2.0998894080997963,0.08450703460718237,0.5747344527533722,3.7013541895100097,-1.9193790594684046,-1.4295581022845667
0.03320622444152832,-0.11394335284628263,0.43632158481655375,-0.0656986887141136,1.9682909848171315,2.053728406015917,0.332335936017349,-0.7840229762895834,17.67821890229733,2.3763039650638946,2.0758131837369014,0.08380295195334672,0.5612840803287511,3.701282187099121,-1.9193514029132288,-1.429589573537008
0.03530144691467285,-0.11391823318342972,0.43631663103031265,-0.06572387644279644,1.9682829697577122,2.053707779089463,0.3323394559052587,-0.7212869406757341,18.07527134373644,2.4421751992116456,2.057725954833824,0.08747258705497213,0.5457500736826407,3.7011911112019042,-1.919370476399557,-1.4296258131610315
0.03734779357910156,-0.1139094191734177,0.4363474175631312,-0.06572095090637083,1.9683186335647933,2.0537045689864915,0.3324502920646409,-0.6160632681478017,17.81737963928269,2.689293885040139,2.03971852178862,0.09890004151324226,0.5349982881141967,3.7011119562336425,-1.919410530720846,-1.4296258131610315
0.03946280479431152,-0.11391568560622362,0.43636110768281766,-0.0657302548397349,1.9683288749562666,2.053739756203097,0.3324744666616366,-0.8207803782850006,17.381840998512473,2.838942905694442,2.00628309941219,0.10482818542245781,0.5144433519958248,3.701047106380127,-1.9194019476519983,-1.429641071950094
0.04152035713195801,-0.11391515175438768,0.43634584148845146,-0.06576105735001901,1.96833522537536,2.0537613352013224,0.3324238290724733,-1.2434956227242027,17.321947931820226,3.294222899160565,1.9772732842086664,0.11606068400058074,0.4972620982769931,3.7009522157856445,-1.9193666617022913,-1.4296649138080042
0.04360342025756836,-0.11390926395651141,0.43634228648392753,-0.06579082129104659,1.9683199491878058,2.0537940892722264,0.3323773086696958,-1.0918395295055645,17.172806318416978,3.0552078953120527,1.9648387596595043,0.13486989666439295,0.4828810553942512,3.700866861934326,-1.9193394819842737,-1.4297168890582483
0.04564094543457031,-0.11391193702665905,0.43635001131603995,-0.06580751902417313,1.9683374729776033,2.0538021489875926,0.332418166919416,-0.9950800235708515,16.943562092386912,3.1868782392212824,1.9412763184393216,0.134209918951346,0.4728726201410628,3.700779600734375,-1.9193475882159632,-1.4297097365008753
0.04769539833068848,-0.11389807010575496,0.4363269417492082,-0.06582790632605456,1.9682999944860204,2.0537793145294074,0.3323976594481735,-0.5484862729522578,16.88897721433294,3.5798012821187917,1.9263834631798653,0.12482545103252891,0.4545150675287154,3.700742407436035,-1.9193666617022913,-1.4297216574298304
0.04974365234375,-0.11387750831342211,0.4363513641535176,-0.06583978089350184,1.9683163662060754,2.0537927183379128,0.3324574585077449,-0.6665777384500163,16.56392726582768,3.855439042245072,1.9065250772093296,0.1062788820428335,0.4496669200942612,3.700631304378174,-1.9193866888629358,-1.4297731558429163
0.0517888069152832,-0.11388199114708239,0.4363291241051494,-0.06587908647289299,1.9682701413579882,2.0538116283292562,0.33243901088957967,-0.792573496107026,16.619435615160317,3.9938726912254987,1.8795097513426926,0.0924840338334138,0.42313055519931536,3.700531168574951,-1.9193900267230433,-1.429781738911764
0.0538330078125,-0.11386316589993484,0.4363540697983262,-0.06589107688247821,1.968379980328994,2.0537800494213694,0.3324897358701624,-0.9394308289746409,16.60056899724121,4.362577695752102,1.871950518096214,0.07591017994365211,0.4148085178903873,3.7004071909138183,-1.9193828741656702,-1.4297788778888147
0.055963993072509766,-0.11386065694993175,0.43637245810420977,-0.06589261646817077,1.9683603449129667,2.053845785710413,0.33256115454932206,-0.821198492409144,16.247983302687825,4.885023425924434,1.8709679642828925,0.06722972960698087,0.409372122165895,3.7003084856220703,-1.919398609791891,-1.4298365751849573
0.05802154541015625,-0.11385399252294343,0.43635442061900165,-0.06593828984247793,1.968334572423564,2.05385518991754,0.33248164886852416,-0.9177409630617386,15.906595681899587,6.1683970408052,1.8444178531365127,0.04916705458206189,0.3792149857013369,3.7002193170734863,-1.919370476399557,-1.4298728148089808
0.060125112533569336,-0.11386371443080717,0.43637778043479186,-0.06593928242229916,1.9683136774022003,2.053936763851168,0.3325788461934308,-1.3191561351192642,14.966036865718221,7.5274541159433905,1.7970453445554515,-0.0016775300590111198,0.35380279009737564,3.7001115518757324,-1.9193900267230433,-1.4299138228045862
0.06218099594116211,-0.1138332470907696,0.43636247144255214,-0.06596958404576268,1.9683039768291501,2.0538690398305546,0.3325805574250307,-0.7189522355797,14.884777923493909,8.646086685351625,1.7563954747919581,-0.0589819595908381,0.3330636422303011,3.7000395494648437,-1.9194296042071741,-1.4299176375018519
0.06422162055969238,-0.11384357417931851,0.436363928137063,-0.06598315451049805,1.9682485852920268,2.0539693648043946,0.3326130636420247,-0.14482837324736497,14.494630364200244,9.571760692202245,1.7240320063177796,-0.1378092265595901,0.3210780196294205,3.699927492732666,-1.9194257895099085,-1.429983917866842
0.06626272201538086,-0.11383603795597033,0.43638845255241127,-0.06599840329628424,1.9683074087068049,2.053964374026112,0.3326520254390703,0.36283085381200975,14.38786560225313,10.501143464587512,1.6827215540720892,-0.200698643589472,0.2909325252664036,3.699831648463867,-1.919422451649801,-1.4299886862384241
0.06830763816833496,-0.11381426220864563,0.43638564579405037,-0.06602116037929426,1.9683457390019843,2.0539299864314327,0.3326650172515269,0.5772415100137578,14.37709014793738,11.309664083643836,1.6440863889600144,-0.24230910951609053,0.2629996360912278,3.6997272211262207,-1.9194305578814905,-1.42999774614443
0.07034802436828613,-0.11380450743317491,0.4363885602981047,-0.06603601882476345,1.9683748582532192,2.053946919129495,0.33271082990457224,0.5601979435938675,13.946482900477962,11.988392238315495,1.608371808563776,-0.2752717510422588,0.2503852052608467,3.699596567744873,-1.9194343725787562,-1.4300215880023401
0.07239007949829102,-0.11379454886472556,0.43639027491141014,-0.06606623305531326,1.9683596766690656,2.0539570477135163,0.3326839011484378,0.7582611813186029,13.372963811066995,12.868451343528825,1.571128894814839,-0.3067465230854529,0.22850317487236227,3.699519320125244,-1.919426743184225,-1.4300606886493128
0.07443070411682129,-0.11378790681576664,0.43639992227823554,-0.06607756158546498,1.968377351170449,2.053970673787829,0.33273433683336556,1.2088734905220466,13.046307637871642,13.488194149307358,1.5407243618206836,-0.3414933376769152,0.2058196559964886,3.699420614833496,-1.91943866411318,-1.430077854787008
0.07647061347961426,-0.11377283583188158,0.43639420140751917,-0.06609810510900281,1.9683215506585137,2.0540062730526683,0.3327492625114266,1.5075672321582605,13.087159885951985,13.960546589795314,1.5132603787863868,-0.3842665413405662,0.18707316660817747,3.699324293727539,-1.9194586912738245,-1.4301450888263147
0.07851052284240723,-0.1137503091799407,0.4363857797500567,-0.06612117656642134,1.9683445946301057,2.0539410557234525,0.33277913526801345,1.569740426935418,13.028071773186488,14.540689323916412,1.4883277933285843,-0.43063331531075005,0.17057414818473887,3.6992437082478027,-1.9194944540606897,-1.4301255385028284
0.0805516242980957,-0.11372759881983005,0.4363971341555442,-0.06614913799956777,1.9683185446841256,2.054008300785445,0.3327700428719229,1.8950965090956133,12.770705855787428,15.437331483439031,1.4315423729297923,-0.48540494143881463,0.13735370422008836,3.6990954118916015,-1.919478718434469,-1.430244270955221
0.08259320259094238,-0.11372759881983005,0.4363971341555442,-0.06614913799956777,1.9683185446841256,2.054008300785445,0.3327700428719229,1.8950965090956133,12.770705855787428,15.437331483439031,1.4315423729297923,-0.48540494143881463,0.13735370422008836,3.6990954118916015,-1.919478718434469,-1.430244270955221
0.08465242385864258,-0.11370166070403936,0.4363871763286084,-0.06619214574322176,1.9682463951083107,2.0540186874528064,0.3328908545400306,2.1979048167909383,12.135521404727147,16.37084526487501,1.4125045782285162,-0.5359824244763958,0.10999785367882553,3.6988717752644042,-1.9195688406573694,-1.4302924315081995
0.08670425415039062,-0.11369099372317051,0.4364100188157012,-0.06620940043998515,1.9683087628580063,2.054044209595,0.33287701874728864,2.27283850453368,12.104399509051257,16.80882329822032,1.3951408725460326,-0.5662444881361148,0.09895284195426324,3.698767824763916,-1.9195268789874476,-1.430340592061178
0.08875823020935059,-0.11367151101662823,0.43639983920346787,-0.06623402033925314,1.9683160831987183,2.054012137222742,0.3329228294725166,2.271634865737358,11.861390601879497,17.023052301343128,1.3950755435263718,-0.5943103706769196,0.08992383859676917,3.6986490923115234,-1.9195626417743128,-1.4303415457354944
0.0908048152923584,-0.1136796119093626,0.4363834030506848,-0.06626975720265027,1.9683046859973323,2.054055232611485,0.332845552826489,2.268385026707678,11.898718509618346,17.395439412473497,1.383550232731591,-0.6194356952375915,0.08664157335999179,3.698563738460205,-1.9195120970355433,-1.4303725401507776
0.09287238121032715,-0.11364629534702247,0.4363762342621379,-0.06629291383066012,1.9683074955299096,2.054013253902496,0.33287058372989264,2.538283306365858,12.39415050269875,17.522125168001743,1.368269836223878,-0.637612921555486,0.06968927392193514,3.698460741634033,-1.919546906148092,-1.430401627217428
0.09493851661682129,-0.11362266201817003,0.43640810613353986,-0.06628941015151539,1.9682690074380906,2.054048508300756,0.33298045536159754,2.709015452315814,12.047757455145753,17.884054343493133,1.371740991969375,-0.6597910878524276,0.06720997860974887,3.698376341457031,-1.9196060339557093,-1.4304793516742151
0.09699630737304688,-0.11362292166603177,0.43641007884724786,-0.06631052073091358,1.9683032151905429,2.0540748755333755,0.33302004889423653,2.8921448736297206,12.209236289862249,18.589230411946325,1.3575541656932149,-0.677287741144687,0.053972840403000544,3.6982337671467285,-1.9195988813983362,-1.4304893652545374
0.09904313087463379,-0.11359145478210322,0.4364135631337945,-0.06632006688561695,1.9682675522489972,2.0540522281495903,0.33308568637702507,2.8636028660214743,11.758068705412642,19.05803368395536,1.343635372110344,-0.6940922780539724,0.04537306877868624,3.69816176473584,-1.9196613470660608,-1.4305322805987757
0.10109615325927734,-0.11358996606079624,0.4364189854207238,-0.06633506158013375,1.9682664674086918,2.054091371559837,0.3330622947208967,2.829439884714195,11.552734908900549,19.6284725232746,1.321204759736037,-0.6999506054488447,0.041100109856376854,3.6980997759052734,-1.9196351210223597,-1.4305766264544886
0.10314679145812988,-0.11357097716283565,0.4364050675004287,-0.06635760126733736,1.9682739008199384,2.054075889154518,0.33307178161141954,2.837595738374863,11.486114175626247,19.892186334863368,1.3123485861092272,-0.7130790374187566,0.05118507929872346,3.697992964381836,-1.9196465651141565,-1.4305971304522913
0.10519289970397949,-0.11353955102340019,0.4363955205941167,-0.06639113708481681,1.96824793682824,2.054012918769452,0.3330443432909765,2.669974510419558,11.201276701192766,20.156555249659533,1.2885626846009248,-0.7320274196974538,0.04634570804075311,3.6979471880146484,-1.919678036366598,-1.430617634450094
0.10723876953125,-0.1135426781486952,0.4363870859973494,-0.06640305620042455,1.9681910399722236,2.0540905971512475,0.33305396729880044,3.151856009075072,11.047888052539992,20.690623471371644,1.268195868478619,-0.7429904005608386,0.03561796907948517,3.697859926814697,-1.9196746985064905,-1.4306815306292933
0.10931563377380371,-0.11351310679967815,0.4363843009265504,-0.06642598656104051,1.9681970158423416,2.0540443763211496,0.33308865461923526,2.9158985940722753,11.19183743083067,20.863088403065284,1.246203480042344,-0.7562505129223434,0.041035118935402626,3.69776360570874,-1.9197137991534632,-1.4306977430926722
0.11136174201965332,-0.11350581447401395,0.43640456861592253,-0.0664252451676158,1.9681847761166373,2.0540911363583882,0.33314128434979545,2.9305733610739377,10.982233023338969,21.531433176471097,1.2288855739708928,-0.7603309528471695,0.03994538755065974,3.697695417995117,-1.9197261969195765,-1.4307530562030237
0.11340761184692383,-0.11347648535518397,0.43638376614892593,-0.0664618397184178,1.9682249291773195,2.0540568051107777,0.33311269216083883,2.7029481554278103,10.517345713415313,21.95450886288917,1.2067146532555935,-0.7668976963657461,0.03097758788432703,3.697549028987549,-1.9197152296649378,-1.4307807127581995
0.11545395851135254,-0.11345924402754096,0.4364072660920115,-0.06646429710293925,1.9682378699467016,2.054063954145631,0.3331646524676834,2.4307248140214357,10.900829356747687,22.079568419646662,1.1837293770574657,-0.7650422581035432,0.02717080658152843,3.697484179134033,-1.9197347799884241,-1.4308212439166468
0.11749958992004395,-0.11346057862436625,0.43640553205323007,-0.06648046155879106,1.9681995221875654,2.054108262816349,0.33318514116362735,2.15905799308263,10.769776954541072,22.255146730471175,1.1835773363398063,-0.766981337078304,0.032150398109236256,3.697404070491455,-1.9197428862201136,-1.4308574835406702
0.11954927444458008,-0.11342272880722842,0.4364020908384878,-0.06649537149254078,1.9682110832507547,2.054081977180721,0.33321557501326815,2.226657004650293,10.602778925835697,22.43760693494597,1.1880259982590822,-0.7705929419124216,0.03247778806518942,3.6972929674335937,-1.9197705427752894,-1.4309094587909144
0.1215977668762207,-0.11341017822429725,0.43640628850620844,-0.06651371538386423,1.9681563087201257,2.054082825294933,0.33322551773999765,2.255422794575326,10.616186308543378,22.58625151967889,1.1925236938828772,-0.7749560467716573,0.03403113901452276,3.6972600656696777,-1.9198020140277308,-1.4309452215777796
0.12364625930786133,-0.11338873672362862,0.43640768130325547,-0.06652164925442966,1.9682003915462254,2.054072180954455,0.33323329564071064,2.2499357734352277,10.722656599473023,22.62254216414725,1.193466311827857,-0.7761640503146281,0.03836578968675175,3.697176142329834,-1.9197948614703577,-1.4309762159930628
0.12569403648376465,-0.11335959149039651,0.4363938787112678,-0.06655451720934011,1.9681289756179141,2.054074177862969,0.33324940147560456,2.1464648259052304,10.632902313564863,22.71420136505506,1.190121260432519,-0.7732922605161894,0.03941373777834911,3.697060747737549,-1.9198392073260706,-1.4310444037066858
0.12774133682250977,-0.11334514672123462,0.43642552677349244,-0.06653889703270857,1.9681042695066302,2.054104585210654,0.3333946200343204,2.0356958662662796,10.683900419553217,22.765487228063254,1.181150838551874,-0.7739654060126665,0.037034905539946095,3.6969920831867675,-1.9199088255511683,-1.4310882727252405
0.12978839874267578,-0.11332506522141378,0.4364049638324041,-0.06657182540896477,1.9681445566193523,2.0540469402327215,0.33331580211628237,2.104017010976448,11.091104537235656,22.839186523176405,1.174067019469549,-0.7684678510606509,0.03758246136348259,3.6969358164020996,-1.9198821226703089,-1.4310854117022913
0.1318376064300537,-0.11329877396842314,0.4363951149876549,-0.06659108437930285,1.96817556988954,2.054009226259127,0.33336120124202345,1.8833238927530251,11.16506215434473,22.90330316388835,1.1770128725830893,-0.7708746087543489,0.0402839007588468,3.6968094545551757,-1.919910732899801,-1.4310935179339808
0.1339101791381836,-0.11327621957434048,0.4363960114017453,-0.06659938090456549,1.9681257796624203,2.054027399288167,0.3333726266539848,2.119830468599666,10.90784743682359,23.243485338552638,1.1791431742591136,-0.7684574041357163,0.04184442800448929,3.696760340327881,-1.9199350515948694,-1.431164566670553
0.13596129417419434,-0.11326425805324644,0.43641441474245873,-0.06661124305616593,1.968144284078684,2.054015446158803,0.33342391792847603,2.069964546497105,10.97578376235593,23.266615482020292,1.1823431851689554,-0.7674734812455054,0.04211398166350011,3.6966888147541503,-1.9199588934527796,-1.431174103413717
0.13800978660583496,-0.11323757387956462,0.4364006042779617,-0.06663544099757412,1.968123126124986,2.0540095492196655,0.33341281970707665,1.9000495805141266,11.082569160377357,23.29629440381481,1.185047263417655,-0.7747605908482599,0.04065826072389528,3.6965924936481933,-1.9199708143817347,-1.4312284628497522
0.14005756378173828,-0.11321583683092046,0.4364015904608615,-0.06664392950519031,1.9681233271405976,2.05399628093579,0.33345380913474965,2.026985609302206,11.074751344869764,23.45467754206434,1.1839011834360533,-0.7791293299604893,0.04754796605130546,3.696517153377197,-1.919999901448385,-1.4312570730792444
0.1420912742614746,-0.11319298446287765,0.4364053945232726,-0.06665346728123736,1.9680793009327082,2.0539747007469935,0.3334906581197632,2.083382369718115,11.019567380567157,23.775339622223935,1.1843647450029364,-0.7834342491980802,0.04051427687416104,3.6964871126362304,-1.9200504461871546,-1.431289021168844
0.14413142204284668,-0.11314726155027421,0.43641978781806506,-0.06666189849261557,1.968078014301436,2.053933763906812,0.33356825738760215,2.0486678893729158,10.803390569122335,24.0422493590511,1.188264399667344,-0.7994302248072961,0.0430704211331665,3.696392222041748,-1.9201138655291956,-1.4313443342791956
0.14617466926574707,-0.11314021247546785,0.43640421541942637,-0.06668401891145172,1.9680309647934844,2.053958232448719,0.33357908776293715,1.9113912550229237,10.808744469996162,24.354648430431816,1.1759248639550293,-0.8103034178624146,0.04665487984532768,3.696301146144531,-1.920131031666891,-1.4313800970660608
0.14821863174438477,-0.11311136839418369,0.4363954415299611,-0.06670510799046234,1.9680092126798359,2.0539649111760303,0.33352901263313883,2.076028180335334,11.001677864871537,24.502844520453355,1.1700123335119652,-0.815715705043867,0.035373745014945224,3.696232958430908,-1.9201200644122522,-1.431460205708639
0.15026235580444336,-0.1130645646412878,0.4364098648134547,-0.06671451669436022,1.9679895847664748,2.053884797270662,0.33363598648917997,2.144004754044814,10.897856386374276,24.718928727970432,1.17158209592455,-0.828666386289535,0.03788151012372504,3.6961681085773925,-1.9202221075641077,-1.4314802328692835
0.15230655670166016,-0.11305486158149668,0.43640509881415257,-0.0667366951501211,1.9679718519438245,2.0538986045535466,0.3336289267039311,2.334527602519442,10.901350574556073,25.153557154930297,1.17157834441483,-0.8355496766531935,0.0361184567551891,3.6960884767719726,-1.9202230612384241,-1.4315159956561487
0.15435075759887695,-0.11302977983160925,0.43640380236049525,-0.06675188477070232,1.967951289183545,2.053872198318156,0.33366037680836674,2.1048691932108508,10.795616992994054,25.155567851609394,1.1715339250658776,-0.8579866979254472,0.040066005996275356,3.696024103755615,-1.9202631155597132,-1.431544605885641
0.15639352798461914,-0.11299040810347569,0.43640335757177884,-0.06675280851736254,1.9679053436971814,2.053848748090077,0.3337302176609678,2.138348455195148,10.771373071969258,25.343619560230277,1.16977727477984,-0.8622995544227438,0.037290348147547614,3.6959640222736816,-1.9203336874591272,-1.431603733693258
0.1584336757659912,-0.11295643575309552,0.4364072165587633,-0.06677750405422778,1.967969099688934,2.0537532485018546,0.33372563001160305,2.2404376176457603,10.991817779775847,25.313078844134523,1.16842980370635,-0.8673859192264064,0.03510839113129183,3.69590346395459,-1.9203503767596644,-1.4315889517413538
0.16047239303588867,-0.11293000537024811,0.43640679379784547,-0.06679196463331812,1.9679210088835353,2.0537649770392155,0.3337666212019382,2.407328225555684,10.843268201604285,25.570478176721974,1.173666052818865,-0.8735154355442774,0.04205711939352497,3.695811911220215,-1.9203913847552698,-1.4316561857806605
0.16256093978881836,-0.1129085713151386,0.4364069819651842,-0.06679233712811758,1.9678514656938304,2.053792116279236,0.33383314734798986,2.386136095298701,11.275723869425363,25.390252431522676,1.1823221081387747,-0.8833262584994164,0.04402443547883783,3.695748491878174,-1.9204462210284632,-1.4317238966571253
0.16461873054504395,-0.11283788512263941,0.43640846117453463,-0.06682895577004186,1.967885875932279,2.053696174267543,0.33389676767706683,2.7577832063297514,11.512535641310844,25.455268250123055,1.2129518986387815,-0.8943444770779861,0.05233339325901015,3.6955620485493164,-1.9205153624164026,-1.431779686604635
0.1666584014892578,-0.11280470373421897,0.43638779252708637,-0.06685723383812998,1.9677965166635278,2.0536246514053857,0.33391122751777286,2.7556011799417597,11.51025313907215,25.218197243756787,1.2256261244825715,-0.9087231092142868,0.06407702233328383,3.695540590877197,-1.92059833208193,-1.4317930380450647
0.16869854927062988,-0.11277359705680758,0.4363993392624617,-0.06686893378509791,1.9677695842809797,2.0536372452993192,0.33391791984922475,2.879367663282295,11.622181186299139,25.014548742552464,1.2539525880185765,-0.9098748917026939,0.0689577215754602,3.6954728800007324,-1.9206145445453089,-1.4318798224078577
0.17073869705200195,-0.11273788525057082,0.43636550950577446,-0.06689097430658905,1.9677669039453733,2.0535633941770643,0.3339115765343818,3.0063535916336726,12.085153897690047,25.093098960981965,1.264815485637519,-0.9118905603271489,0.07661393453199383,3.6954004007526855,-1.9206503073321741,-1.4318841139422815
0.17277836799621582,-0.11272430316561594,0.4363692861746711,-0.06690889992834957,1.9677303978930785,2.053560417594847,0.3339379767228634,3.1457808262635485,12.141980922111221,24.962286695471125,1.2801874807342075,-0.914104020452447,0.08235234575606504,3.6953436571308593,-1.9206832090960901,-1.4319127241717737
0.17483282089233398,-0.11267659812401264,0.43638483075120527,-0.06692440871988903,1.9677344279317386,2.053497093097201,0.33403292575202026,2.9128352484412385,12.32696734069579,24.87446537537651,1.2992725460578962,-0.9177909154164514,0.08730761399636416,3.6952339845844726,-1.9207623640643519,-1.4319489637957972
0.17687249183654785,-0.11264909183290242,0.4363736306412971,-0.06694469849136819,1.9677395335323713,2.053475616228537,0.3339836990236947,2.919689448280508,12.248073056176603,24.703709212149263,1.3168483664052795,-0.9154943431841166,0.09520139690653306,3.6951767641254882,-1.9207513968097132,-1.4319966475116175
0.1789264678955078,-0.11261565239315736,0.4363750759797785,-0.06695347938002097,1.9677079981893746,2.053435376244199,0.33408049013048685,2.9874127868537528,12.275621905744043,24.7532307369566,1.330735403499124,-0.9096908762716642,0.10679130908189505,3.6950928407856445,-1.9208343664752405,-1.4320209662066858
0.18096661567687988,-0.11256875544214162,0.43636801930926894,-0.06697458234559141,1.9676556120039415,2.053370112567951,0.3340808831850089,3.0797134696041413,12.847427069757995,24.426800730394802,1.338611833650395,-0.9105931149435101,0.1054505340421884,3.695060892696045,-1.9208944479571741,-1.43207294145693
0.18300819396972656,-0.11254792488665638,0.43634237426751465,-0.06700907464053718,1.9676295644286899,2.0533589476757306,0.3339989162973619,3.098909575719521,12.92482661377697,24.286726399748037,1.358234716311066,-0.9154079323958084,0.11463824678971535,3.694995566005371,-1.9208763281451624,-1.4321206251727503
0.18505001068115234,-0.11251131621952981,0.4363597729413477,-0.06701459409054633,1.96763162984265,2.053315311731981,0.33408097131232706,3.1261747144020218,13.212300969273475,24.104356520262762,1.3822835425193196,-0.9136376099009178,0.12047137477830638,3.6949240404316406,-1.9209397474872034,-1.432153050099508
0.18711328506469727,-0.11248638961174232,0.4363453283187591,-0.06703610789705335,1.9675907317445491,2.053287112715767,0.3341173083750383,3.23292106535954,13.38167563920166,24.004533269150766,1.4069608401490177,-0.9099105370035194,0.130928030095725,3.694840117091797,-1.9209917227374476,-1.4321768919574183
0.1891627311706543,-0.11244196480111901,0.436351601357532,-0.067056010388575,1.9675132107037407,2.053265357124514,0.33414748244036935,2.8866741226397865,13.519547915168953,23.423209313307332,1.4247073792429326,-0.9180033296747045,0.14288597977442713,3.6947800356098632,-1.921058479939596,-1.4322636763202112
0.19121098518371582,-0.11239990639138148,0.43633451894557274,-0.0670862908899562,1.9674743890286484,2.053183330313086,0.3341710134762142,3.04315162668199,13.695775006111994,23.61049940305069,1.4487255062327329,-0.9052025922411194,0.14849374544207727,3.6947080331989746,-1.9211295286761683,-1.4322798887835901
0.19325876235961914,-0.11237139950163443,0.4363415155208344,-0.06709693388265589,1.967500626054679,2.05316817655632,0.33419125727756205,3.0258316562517367,13.858827238409074,23.552343877553376,1.4646101151713569,-0.9001869488052913,0.154216293624031,3.6946207719990234,-1.9211395422564905,-1.4323247114764612
0.19530391693115234,-0.11233569943811869,0.4363370282967871,-0.06711799190694957,1.967481636344168,2.0531255315969568,0.33424581640035456,3.0105269418888287,14.096908363126818,23.20215446690703,1.485474846412121,-0.9038710079540939,0.16338093679427146,3.6945172983356933,-1.9211986700641077,-1.4323566595660608
0.19733262062072754,-0.1122921241198483,0.43635309813070267,-0.06713090349903272,1.9674704466401585,2.0530996662882126,0.3342977037790721,2.932347184207055,13.881126403752253,23.036072605103573,1.516655073642725,-0.9057229835758348,0.17889436131238767,3.6944262224384765,-1.9212477842914026,-1.432427708302633
0.19937515258789062,-0.11226452039131066,0.436341549774131,-0.06715622785796503,1.9674301074761977,2.0530786296325316,0.3342796860023274,3.255545687909743,14.404208938379428,22.9370727264342,1.5326504328486081,-0.8985188866845377,0.18430877077452557,3.6943647104450683,-1.9212716261493128,-1.4324758688556116
0.20142126083374023,-0.11222716096806529,0.4363279808093495,-0.06718422357731207,1.967417344397151,2.0530213942342814,0.33428589313317136,2.951751672838558,14.537211383929481,22.841091938007033,1.5237103894578294,-0.9153877826866681,0.210734025768888,3.694276972407959,-1.9213116804706019,-1.4325044790851038
0.20347070693969727,-0.1121823051806107,0.43633610458205196,-0.06720295372471151,1.967361067795052,2.0529670197884853,0.3343422623380879,3.495484656477383,14.51322931628171,22.739695371753434,1.5391308937437822,-0.9282958458410406,0.23784633435310487,3.694220705623291,-1.9213951269732874,-1.4325559774981897
0.20551443099975586,-0.11213996146475826,0.4363074368155781,-0.06722910484064584,1.9672406771417128,2.05293247033903,0.3343752782518877,4.026291643954529,15.121131355182431,22.207990887100983,1.5643522984668237,-0.9513655251741083,0.2742884296166473,3.6941491800495605,-1.9214866797076624,-1.432619873677389
0.20755863189697266,-0.11210551015417142,0.43629543533005416,-0.0672493291942329,1.9671772055491814,2.0529122665257242,0.33437618894322807,4.694468612808133,15.42112760181233,22.01485821734255,1.5867631849242447,-0.9711473966049582,0.30279797881913156,3.6940924364277343,-1.921530548726217,-1.43268329301943
0.20960235595703125,-0.11206195876869156,0.43629538018086045,-0.0672866196729322,1.9671689488975603,2.05285477400057,0.334392017952772,4.759607975766237,15.158209518913141,22.224207567899782,1.6003739185479584,-0.9678678300275743,0.3273590762046586,3.6939741808125,-1.92157489458193,-1.4327276388751429
0.21164536476135254,-0.1120190438962188,0.43631143515883786,-0.06729631656653604,1.9671786338348463,2.0527923269256103,0.3344546569234943,4.335371554772076,15.30531373542086,22.01985378083901,1.6070315886115116,-0.9597202985538165,0.3506410351312827,3.693908854121826,-1.9216349760638636,-1.4327600638019007
0.21368837356567383,-0.1119896526691469,0.4363074024817132,-0.0673209817556313,1.9671611356242364,2.052779473084353,0.33449092438591776,4.364928158321414,15.431152705694783,21.848210152651625,1.6188365927426271,-0.9381766849137904,0.36848288187786504,3.693786306972168,-1.921671215687887,-1.432807747517721
0.2157735824584961,-0.11194302497743328,0.43629232812247093,-0.06735199065929412,1.967111773957476,2.0527195010123074,0.33445513079539685,4.5016113455820825,15.680919118328134,21.458654059434405,1.6356809503257441,-0.9342743816586694,0.3790826122747576,3.693737192744873,-1.9217107931720179,-1.4328678289996546
0.2178175449371338,-0.1118915059292228,0.4362928042175184,-0.06736360053508257,1.9670657409938324,2.052647250102887,0.3345457447757978,4.699182605732691,15.779201867061426,21.285425934397836,1.652000981640441,-0.9315482821555023,0.3963799779924999,3.6936656671711425,-1.921814266835348,-1.4329074064837855
0.21986031532287598,-0.1118565775844663,0.43629193762939983,-0.06738260602628143,1.9670921684491218,2.0525890135908837,0.3345726916877117,4.630845286815405,15.859175142658094,20.77363584812645,1.675122238710909,-0.9251435496537053,0.4059716141007961,3.6935769754597167,-1.9218466917621058,-1.4329245726214808
0.22190356254577637,-0.11182553781585844,0.4362762846840974,-0.0674195876928878,1.9670509074293137,2.052572844936941,0.3345665224587798,4.673454129092053,16.561528968499612,19.924487737288423,1.695081528736111,-0.9156406520345153,0.4112535452285801,3.693458243007324,-1.921875301991598,-1.4329808394061487
0.22394633293151855,-0.11177906191841636,0.43626993308205725,-0.06745302965754846,1.967006466286186,2.0525240592399263,0.3345561112960585,4.416016663342104,16.7364958739299,19.396250888070895,1.7232392510947938,-0.905752428809943,0.42579796645751455,3.6933771806904296,-1.921920124684469,-1.4330475966082972
0.22599077224731445,-0.11173111536197378,0.4362533299417252,-0.06748329893305713,1.966991160000838,2.052450084067273,0.33452329136354264,4.32980122269996,16.96943661536563,19.078537493653684,1.7562197003219164,-0.8897108796599361,0.4239852767179018,3.693312807674072,-1.9219520727740687,-1.4330924193011683
0.22803568840026855,-0.11172070481567171,0.43626081261771393,-0.06750796951374066,1.9669518656345284,2.0524869633174845,0.33462418975255714,4.2391354734978215,17.21577842024514,18.590971801279775,1.8112652755233136,-0.8774614028655631,0.43683158766820585,3.6931468683430175,-1.9220040480243128,-1.4331353346454065
0.2300877571105957,-0.11166098963664392,0.4362529666409059,-0.06753019532646727,1.9669393587058441,2.0523523426859422,0.33462728033959926,4.4701634771070085,17.30189634530999,17.783793791215583,1.8623754371837211,-0.8668575157453287,0.435790701272256,3.6931330400654296,-1.9220793882953089,-1.4331486860858362
0.23214983940124512,-0.11161052757742225,0.4362701191482617,-0.06754829283393743,1.9669341696683253,2.052321639099784,0.3346753768438182,4.474868260064972,17.105613619439037,17.525804336022667,1.899387420619142,-0.8458055744860795,0.4203534170069706,3.693020983333252,-1.9221275488482874,-1.4332311789142054
0.2342061996459961,-0.1115827706563938,0.43625139475757657,-0.06758795827833074,1.9668821184831444,2.0522918040584264,0.33465616813480986,4.231956878890087,17.175410410031127,16.93539187618875,1.9209284906210635,-0.8336211955458439,0.40688313195903225,3.692929907436035,-1.9221599737750452,-1.4332712332354944
0.23625779151916504,-0.1115586728136087,0.436276659934391,-0.06760376199083808,1.966916527275373,2.052281649405787,0.33466197899103567,4.134029445907013,17.519885165548597,16.82270836829279,1.9303810375905672,-0.8085079715585036,0.3832444412737145,3.69285695135083,-1.922157112752096,-1.4333189169513147
0.23833131790161133,-0.11152174730583106,0.43627989296147457,-0.06762934359477618,1.9669108528539905,2.0522124989443515,0.334788647370724,3.850693846206725,17.471832300044948,16.938670742022907,1.9347594407662996,-0.7786425513662686,0.35112419240843046,3.6927105623432617,-1.922255818043844,-1.4333165327655237
0.24038267135620117,-0.11148074143598677,0.4362789508405202,-0.06766242641765743,1.9668825432669368,2.052183286028795,0.33476120803742593,3.416344013567876,17.480687509107963,16.745719884867846,1.9287229157756038,-0.7466620740787354,0.32223858770117114,3.6926252084919433,-1.9222763220416468,-1.4333913961993616
0.2424147129058838,-0.11143907361485811,0.43628444022056295,-0.06768162113278954,1.9669176291370385,2.0521286147603406,0.334863600434791,3.156897672381807,17.65753172589035,16.723462602126865,1.9033335521047507,-0.7310507868710994,0.3051399391187928,3.6924630838581542,-1.922340218220846,-1.4334123770343226
0.24447917938232422,-0.11140209599710951,0.43627344173504273,-0.06770509863996287,1.9668148146945712,2.052100148663374,0.33488551936946204,3.4523149617813065,17.2987154001348,16.871347620613303,1.8925223156175244,-0.73895139053774,0.30587683940270927,3.6924173074909667,-1.922415558491842,-1.4334757963763636
0.24651837348937988,-0.11136578502230333,0.4362804008300115,-0.06772325833057284,1.9668088606346623,2.052064791030118,0.3349684679762638,3.7836562156081897,17.297111677916373,17.132875710134325,1.9017572637844395,-0.7488250060462714,0.30618465265595873,3.6922942835041503,-1.9224794546710413,-1.433512036000387
0.24856805801391602,-0.1113055376129922,0.4362521418515301,-0.06778416717264359,1.966733867308224,2.051993734023763,0.33492957757555075,3.3213115968885187,16.61461084736423,17.216172214065168,1.8914801809421073,-0.751119796590318,0.30666785214801867,3.692157431239746,-1.9225366751300257,-1.4335921446429651
0.25061678886413574,-0.11126893113504734,0.43627989618763985,-0.06779489125694418,1.96672942733599,2.0519923176699453,0.33502643514503694,2.820496134916011,16.945122044778017,16.969605684613054,1.9000529324082693,-0.7451141116728393,0.308949687007425,3.692030592555664,-1.9225924650775355,-1.4336631933795374
0.25266575813293457,-0.11122309491440419,0.43628462010519775,-0.0678106455208301,1.9666345184558773,2.051967050463295,0.33513911398356133,3.1830971005448907,16.607875661005757,17.561289278426866,1.8832929418719715,-0.7457471209074757,0.30064237718479997,3.6919304567524414,-1.9227073828326624,-1.433735195790426
0.2547144889831543,-0.111191878443462,0.43628365541847997,-0.06783587713588057,1.966614678929204,2.0519228571852186,0.3351613858334374,3.2540300683264185,16.366956972372922,17.751219480591875,1.8632647078976214,-0.7414342656086397,0.2950778480206568,3.691854162807129,-1.9227517286883753,-1.4337638060199183
0.2567625045776367,-0.11116414660013679,0.43627709166263035,-0.06786623543672994,1.9665717948608414,2.0519097100537356,0.3351727898667576,2.797259063405243,16.766257064679714,17.219709867679494,1.8628144631075163,-0.7210933953231203,0.28917754826748654,3.6917545038410644,-1.9227874914752405,-1.4338153044330042
0.2588346004486084,-0.11113353164858322,0.4362858706417556,-0.06787960549584904,1.9665558968695642,2.051894902509953,0.33523365837262387,2.5418284434187877,16.645547341392803,16.84125214745059,1.8584590580807159,-0.6944929139836525,0.2948600962670152,3.6916586595722656,-1.922835652028219,-1.4338634649859827
0.2608799934387207,-0.11109122672863425,0.43627615587546487,-0.06790304544427578,1.966466734637543,2.0518599852187593,0.33527673126202245,2.4668402401246494,16.341944022609706,16.597934430901766,1.844325968532458,-0.6756068938151958,0.29354607414953526,3.6915857034870605,-1.9229186216937464,-1.433927361165182
0.2629249095916748,-0.11107552309094794,0.43627027221842807,-0.06792630326169513,1.966463632915428,2.0518742520754945,0.33526724648270045,2.29031826284152,16.59614743029937,16.202880918971502,1.8381702007851914,-0.6498931450487712,0.29803491313771163,3.691481752986572,-1.922912899647848,-1.4339750448810022
0.2649695873260498,-0.11103112643672744,0.4362806272383882,-0.06793843774795846,1.9664402654601163,2.0518357908359723,0.33532669337559246,1.9361037207984317,16.48888135163444,15.383720037823295,1.85058552874651,-0.6026093281330869,0.30635856557902125,3.691401644343994,-1.922976318989889,-1.4340351263629358
0.2670145034790039,-0.111003088619781,0.43628120054524283,-0.06795596531534431,1.9664241953234098,2.0518148775477454,0.335398400944188,1.508691255929195,16.86221830980945,14.505269003799116,1.859612243073804,-0.5607763027264409,0.31111085949238737,3.691286726588867,-1.9230316321002405,-1.4340670744525355
0.26908278465270996,-0.11097338729751932,0.4362854927258521,-0.06798716853411382,1.9664101250357873,2.0517998265330135,0.33541990497945434,1.354450728510625,16.895574150981616,13.814957858103263,1.8699234381652121,-0.5191014690186918,0.3181695851622319,3.691166563625,-1.923060719166891,-1.4341190497027796
0.27112865447998047,-0.11095436872539553,0.43626673103627683,-0.06801891508224785,1.9662994994186938,2.0518264909712274,0.33543215202426224,1.313890473761668,17.17461775176203,13.030413657133321,1.8955656261958014,-0.45913958703293944,0.33120414538757115,3.691070242519043,-1.9231084028827112,-1.4341910521136683
0.27317380905151367,-0.11091683409432516,0.4362650042375933,-0.06804535137703269,1.9663209912019743,2.0517538536652538,0.33542992027863133,0.9891719355678852,17.659235427205243,12.034938232211235,1.9343470882128462,-0.39960533138208976,0.348037186066043,3.690997763270996,-1.923136059437887,-1.4342077414142054
0.2752196788787842,-0.11088897125061514,0.43625724023193047,-0.06806301025302784,1.966238435343026,2.0517639123681253,0.3354514603882951,0.6268861673518198,17.854329157683118,11.380969343484159,1.9627553310366346,-0.342034107496453,0.36742987035598507,3.690929098720215,-1.9231842199908655,-1.4342830816852015
0.2772634029388428,-0.1108474597304851,0.43625395680381224,-0.06809132355950645,1.9662424774720288,2.0517339286132867,0.3354540900036967,0.3072846570839296,17.79981938592131,10.65850138586012,1.985712467696977,-0.2803177970107622,0.3788596212626524,3.69080559789624,-1.9232047239886683,-1.4343469778644007
0.27930259704589844,-0.11083107588119362,0.4362751546821063,-0.06810870478828467,1.9662331965342184,2.0517368915369634,0.33553214055306707,-0.23486660338434895,18.246141026624986,9.948832453756562,2.019590838275778,-0.21008984585409823,0.3924998610555143,3.6906987863728027,-1.9232481161700647,-1.4343789259540003
0.2813425064086914,-0.11080230175473471,0.4362788350768852,-0.0681332657455332,1.9662338644199129,2.0517238189654385,0.33557623225121636,-0.7896820691746718,18.457609019151512,9.43596087569854,2.036931543848165,-0.14438326492355052,0.4100959214560809,3.6905667024799804,-1.9232800642596644,-1.4344237486468714
0.2833824157714844,-0.11078814448900244,0.43627769182191545,-0.06817172819051363,1.9662840074489094,2.0517167487953367,0.335546059137106,-1.4033852557508415,18.25489390065468,9.277159198057992,2.0489397422898668,-0.08563373768404212,0.42081250638830936,3.690426989192627,-1.9232500235186976,-1.4344475905047815
0.28542280197143555,-0.11074641756500062,0.4362736827927687,-0.06818238325156321,1.9661776100456574,2.0517264600362672,0.33560321181461206,-1.9650600755982013,18.309292111134056,8.784680378062495,2.0594701511749554,-0.03156114629789244,0.42587794675820495,3.6903506952473144,-1.9233282248126429,-1.4345510641681116
0.2874641418457031,-0.11072519975972804,0.4362448733300633,-0.0682403042850892,1.9660836715152226,2.051714842600471,0.3355291207639302,-2.7350324783010698,18.393485640419982,8.482681331983033,2.069259809377914,0.03020355222979396,0.4405926650125256,3.6902620035358886,-1.92334491411318,-1.434605900441305
0.2895090579986572,-0.11069878156818902,0.43625549378023387,-0.06825802214046747,1.966127317181454,2.0516800402549795,0.335586335637224,-3.1065075842900742,18.395463919534595,8.122455324858329,2.0834057184426245,0.09546567661845615,0.44769937141149646,3.6901418405720214,-1.9233725706683558,-1.434620205556051
0.2915537357330322,-0.11066808838937553,0.4362630652626734,-0.06828408738441692,1.9660887919582106,2.0516875859176507,0.3356452870502517,-3.685279301271234,18.635429270805517,7.887083126930426,2.082347454611886,0.13187597372388524,0.4465678201868163,3.6900030809589843,-1.9234207312213343,-1.4346912542926233
0.29359889030456543,-0.11063710642474094,0.4362514248334827,-0.06832046980153715,1.9660389685454007,2.051659718355435,0.33564357579197257,-3.9366229252744604,18.055997355102935,8.072251742304543,2.071615093891265,0.1531179158654206,0.4460243632346577,3.6899067598530273,-1.9234603087054651,-1.4347389380084437
0.29564380645751953,-0.1106085835416741,0.43625452405648774,-0.06834112801383414,1.9660571963947864,2.051635933844972,0.33570318119214154,-4.243910579536743,18.025480075996366,8.465658702750522,2.05948985086728,0.15763425010927062,0.4481396801431957,3.6897713381000976,-1.9234960714923304,-1.434768025075094
0.29768872261047363,-0.1105858344300048,0.436231807061542,-0.06837607832951806,1.9659971314325646,2.0516029316307036,0.3356940448751778,-4.257783006801286,18.10417397715915,8.713082042368683,2.0598028828123214,0.16704502167008434,0.4454920066114856,3.6896983820148925,-1.9235370794879358,-1.4347918669330042
0.29973363876342773,-0.1105489452612656,0.4362479755888581,-0.06840114650871938,1.9659436137946058,2.051631132031652,0.33574328244095053,-4.456166742993865,18.183271328978538,8.462785421831905,2.059468494328936,0.16762043467392437,0.44441151795938866,3.689559145564697,-1.9235799948321741,-1.4349020163165491
0.30177879333496094,-0.1105317254044412,0.4362322400846284,-0.06842572346702318,1.965882238661232,2.051631517669885,0.3357887561605379,-4.363746560726427,18.482175858606357,8.666737268184413,2.047033356614457,0.1833701051651574,0.44310652407762796,3.6894542413898925,-1.9236319700824183,-1.434934441243307
0.30382347106933594,-0.1104981481375218,0.4362615725991703,-0.0684452892006747,1.9658925224062382,2.051588613183755,0.3358723513546145,-4.505956480285126,18.042416734458975,8.758602724745497,2.0567214221951895,0.1915893762289598,0.4475767825324032,3.68935410558667,-1.9236920515643519,-1.4349635283099573
0.3058810234069824,-0.11048229994156816,0.4362510747215181,-0.06846667465383524,1.9658522544421988,2.051613570291107,0.33589333748053335,-4.589512428710554,18.028927948919588,8.848456504647979,2.0594004911620263,0.19581763492354717,0.4509108766406688,3.6892425256916503,-1.9237125555621546,-1.4350183645831507
0.30791735649108887,-0.110442172888912,0.4362341325007615,-0.06850926417757881,1.9658625389643047,2.0515233299218867,0.335880732260288,-4.350154701899012,18.020286788359645,8.96960009906027,2.059764729026418,0.19135904048141494,0.4472806996288396,3.689138098354004,-1.9237483183490198,-1.435023609791891
0.3099782466888428,-0.11040937459070346,0.4362546039439393,-0.06853145465636075,1.9658290723944611,2.0515350747408934,0.3360142346416486,-4.258801668704675,18.129064860150336,8.784957355331567,2.058315002386655,0.18636049727722676,0.44209284608598154,3.688955469722412,-1.9238279501544397,-1.435091797505514
0.3120107650756836,-0.11037129364777476,0.43624792834467624,-0.06855516254628242,1.9658186769930515,2.0514759907560425,0.33605498933963046,-4.011533776918517,17.92195375600551,8.829350530257535,2.0593943001497865,0.19329088956507662,0.46049407296205336,3.6888596254536132,-1.9238842169391077,-1.4351156393634241
0.31409525871276855,-0.11032559644585517,0.4362528601893113,-0.06858148765862689,1.9657688890204552,2.0514509230566143,0.3361014535080381,-3.8975410046027026,18.02544404878983,8.939215017581738,2.057140356656814,0.18602644638559673,0.4503244797466136,3.688746615047119,-1.923948113118307,-1.4351947943316858
0.31615447998046875,-0.11030134032042238,0.4362552004437834,-0.06861005420901137,1.9657501411703038,2.051458720977734,0.3361221642305616,-3.6158829652988187,17.98014732690724,8.772439815929078,2.055379591341699,0.17629933707946835,0.450327942922471,3.688619299525879,-1.9239681402789515,-1.4352548758136194
0.3181936740875244,-0.1102803401479388,0.43622856975692603,-0.06865728876305204,1.965740686174816,2.0514378348330418,0.3361042147693194,-3.613592644138313,17.813096502315236,9.229182074171954,2.049750444378785,0.17941058004577168,0.4514029026255693,3.688464327449463,-1.9239772001849573,-1.4352787176715296
0.3202335834503174,-0.11024212068902946,0.4362289396070099,-0.06867039689472604,1.9656776217983565,2.051418596678263,0.33617052068148423,-3.932276454815467,17.513723152351034,9.61209683799003,2.0368868246513716,0.18217763960165462,0.4476080677930095,3.6883832651325683,-1.9240520636187952,-1.4353426138507288
0.3222947120666504,-0.11020978267280623,0.4362631349823668,-0.06869215743547745,1.965776597614081,2.0513697071612964,0.33624180519584873,-3.945186069486821,17.666553454020733,9.64544836243871,2.02876169371241,0.18545361726253107,0.44246805976768094,3.688232584590576,-1.9240692297564905,-1.4353554884540003
0.32433438301086426,-0.1101930581977054,0.4362376059921147,-0.0687214852603356,1.965656448864076,2.0514064042676434,0.3362135158505843,-4.063231777637201,17.603015939410344,9.655521827608224,2.024473397204681,0.18534862665962337,0.44769905774989466,3.688166304225586,-1.9240973631488245,-1.4354384581195276
0.32637572288513184,-0.11014697464940978,0.4362315076535045,-0.06875530854301143,1.9656101053584043,2.051351869321904,0.33628657145063484,-3.688107331086525,17.445636843900182,9.9042373714622,2.015827914358807,0.1883037801382674,0.44061656005318295,3.6880270677753906,-1.9241846243487757,-1.4354828039752405
0.32842087745666504,-0.11012939686043358,0.43624582966570113,-0.06877693817903345,1.9656058107535657,2.05134058675918,0.33635727437837676,-3.868045263619063,17.335702993364396,9.973588071901567,2.0050657109719854,0.18537427253042968,0.4365108656364818,3.687915487880371,-1.9242284933673304,-1.4355033079730433
0.33046674728393555,-0.1101029627137119,0.4362496968392408,-0.06880595603129898,1.9655657365809658,2.051358112000798,0.3363675110310041,-4.122870715069258,17.51133345744564,9.777892889908388,2.004987024452785,0.18943106292440506,0.4347323320163647,3.6877991396137695,-1.9242494742022913,-1.435582462941305
0.33251166343688965,-0.11007297598949613,0.4362497424954128,-0.06883239307681895,1.965584368243359,2.0513432587023837,0.3364012922479934,-4.474206558015645,17.280120131283354,10.041259837669514,1.9973539102107678,0.19465112533488813,0.4371100256329995,3.6876513200947265,-1.9242695013629358,-1.4356268087970179
0.33455681800842285,-0.11000813888413627,0.4362653543255869,-0.06888512609215569,1.9655610315747214,2.051285220115063,0.3364918800047378,-4.451461672759731,17.257576574696852,10.21113785323213,1.9621695969968944,0.19199476445276875,0.4227864776280141,3.687427206630371,-1.9243605772601526,-1.4357107321368616
0.33661842346191406,-0.10998345875619735,0.4362547425985475,-0.06891089179418346,1.965514154788946,2.051289979321451,0.33654365552009985,-4.337913247331153,16.94604223084085,10.387341207301894,1.9576276463505056,0.19177468745032503,0.42390367713281696,3.6872917848774414,-1.9244087378131312,-1.4357622305499476
0.33872222900390625,-0.10995110425251803,0.4362312135271443,-0.06895923798143758,1.965487321049285,2.0512504663785753,0.33648648031590683,-4.465794157829208,16.83384643334345,10.545417776348875,1.944615066384838,0.20201169924148693,0.41911977140532225,3.6871835428425292,-1.9244173208819788,-1.4358065764056605
0.3407871723175049,-0.10992903033895682,0.43624346439512485,-0.06897624937554807,1.9654549534110657,2.0512894410119595,0.3365325016055989,-4.693719135772683,16.863321855719878,10.378171733825507,1.9425719283021405,0.21808667552621536,0.4148868456972654,3.687060518855713,-1.9244416395770472,-1.4358895460711878
0.34284305572509766,-0.10988979562936213,0.43623538945756335,-0.06900532446619828,1.9655174100940223,2.051203692943254,0.3365660392563619,-4.965119723627944,16.907403584590604,10.304000915850436,1.9398551141526867,0.22917687820328078,0.41242025573583313,3.686924620265625,-1.9244735876666468,-1.4358833471881312
0.34488534927368164,-0.109879425316604,0.4362237234036789,-0.06904381317632921,1.9654618704385254,2.051225121667706,0.33655247330629345,-5.049005040329479,16.689905132137287,10.74193263893679,1.9225758083784685,0.24402117932457465,0.40282458842929103,3.6868154245563964,-1.9244855085956019,-1.4359315077411097
0.346935510635376,-0.10984675004642191,0.43625352932623485,-0.06905241413687367,1.9654515558693615,2.0512389517590472,0.3366430931369025,-5.256494204144832,16.602328846704907,10.640521447852176,1.911344272777629,0.25626697193488507,0.3921158620799219,3.6866957384296875,-1.9245336691485804,-1.4360101858722132
0.3489820957183838,-0.1098141026285332,0.4362594030513661,-0.06907408775519329,1.9654421444314714,2.051219632596385,0.3366765830835139,-5.425724483337408,16.934833065566497,10.218959797475575,1.9225223994313148,0.27083716944494046,0.39769262044723314,3.6865908342548828,-1.9245684782611292,-1.4360626379596155
0.3510293960571289,-0.10978254635606077,0.43624069099302243,-0.06910538291951629,1.9654380701049234,2.0511905778112305,0.33671050092890464,-5.523667764219926,16.740786223228433,10.081566251329873,1.9270952831638966,0.28149991051491396,0.3979251748565027,3.686436815852783,-1.9246047178851526,-1.4360945860492151
0.3530762195587158,-0.1097756333474585,0.436262566762094,-0.06913241872289162,1.9654696892068195,2.0512208675264536,0.33677329102443254,-5.492774087493947,16.49315427979088,10.409034118943918,1.9173262167872271,0.29480609265695584,0.39445676551807285,3.686269446010254,-1.9246094862567347,-1.436127010975973
0.35512304306030273,-0.10973481470502541,0.4362430161775383,-0.06916422976829883,1.9654324385791464,2.0511830271371863,0.33673737738418896,-5.845663688905799,16.560188723290004,10.299324631241795,1.9177434438082934,0.3078403927819616,0.38940388057444714,3.686187906856201,-1.9246333281146448,-1.436190430318014
0.35716891288757324,-0.10972685371796834,0.4362469125817951,-0.06919913948427792,1.9654639095574786,2.051214632492219,0.33670849277566917,-5.970184679946332,16.976315475354692,10.48490571139728,1.9124043410277323,0.328706458825067,0.3824320407723771,3.6860453325458984,-1.9245947043048304,-1.4362385908709925
0.35921502113342285,-0.10968568354622851,0.4362437938871787,-0.06923018308224098,1.9654145451378944,2.0511687797455234,0.336753842760678,-6.17500485593527,16.655914611672234,10.605014360851749,1.8945925875376266,0.3300860923069434,0.38134477836940794,3.6859399515339355,-1.9246657530414026,-1.436286751423971
0.36125969886779785,-0.10967314301473113,0.4362436405057925,-0.06925736753568042,1.9653939329953771,2.0511798948426976,0.3368123280554303,-6.184046243048979,16.534056237521696,10.633857306668872,1.8957874928574052,0.3455780856678068,0.36857944987492997,3.68580071508374,-1.9247005621539515,-1.4363153616534632
0.36330509185791016,-0.10965102421159989,0.4362542212833169,-0.06927522138607133,1.9653941000530708,2.0512259976012164,0.3367868797883184,-6.5095585598995385,16.752028484880302,10.453748583134557,1.896124232688589,0.36204099185110056,0.3792304646915961,3.6856962877460937,-1.924673859273092,-1.4364140669452112
0.36535024642944336,-0.1096174956366677,0.43624721405688105,-0.06930168967680449,1.9653799014499274,2.0511942006938875,0.3368228610314399,-6.522582224826127,16.37137068516153,10.763795213447867,1.8860312953037925,0.38834971414867697,0.3671603521333941,3.6855761247822265,-1.9247172514544886,-1.4364531675921839
0.36739468574523926,-0.10959214379727238,0.43624674829229326,-0.06932523226515887,1.965375129677338,2.0511871470253733,0.3368526117685692,-6.9228513380440475,16.38647712583069,11.02760075515062,1.8644614826532013,0.4016766465062953,0.34223884614784134,3.6854559618183593,-1.924741570149557,-1.436497990285055
0.36943960189819336,-0.1095835362631789,0.43624106291865977,-0.06937168914772299,1.965381987595618,2.0511928200018383,0.33681720157441064,-7.296620301433839,16.285378219188836,11.192938596741762,1.8482627647572443,0.42528497497175066,0.34027267758870755,3.685321016902588,-1.9247220198260706,-1.436526123677389
0.37148356437683105,-0.10956591414963604,0.43625426844922993,-0.0693833297984821,1.9653710651237892,2.0512134136636835,0.33690993618993625,-7.662689148396849,16.31250704878376,11.208083675100305,1.842936271094874,0.4512100390727918,0.33911907679059666,3.6851884561726074,-1.924765412007467,-1.43657094637026
0.37352490425109863,-0.10952477650976387,0.43624484202002634,-0.06941789534842364,1.965388806367848,2.0511504753064354,0.3368847794274621,-7.654957368909063,16.16689812385374,11.266753897154064,1.8416013284873016,0.47359575925569286,0.3269085121069376,3.6850878435322265,-1.9247806707965296,-1.4366067091571253
0.3756115436553955,-0.10951335739892362,0.43625468740978,-0.06944326926596443,1.9653704054104237,2.0512060760045614,0.33688788821023374,-8.010876002005674,15.988337113948445,11.255480409442708,1.8310690317070273,0.4755802969587614,0.32350000476802193,3.6849605280109863,-1.924769703541891,-1.4366863409625452
0.3776528835296631,-0.10948045368580138,0.43625478107096555,-0.0694629242622843,1.9653568750308053,2.0511826841690524,0.3369231948378805,-7.978023654971956,15.835281852745904,11.556634881048415,1.821185784545672,0.5008017151561498,0.3211775639704759,3.6848599153706054,-1.9248088041888636,-1.4367340246783655
0.3796966075897217,-0.10947326777814065,0.4362505151438786,-0.06949416743683548,1.965386563889911,2.051197271086332,0.3368933617915638,-8.410493646164555,16.488078137548268,11.303704061541833,1.8223388991884646,0.5292189217731577,0.3177535745799633,3.6847397524067382,-1.9247773329364222,-1.436763111745016
0.38173651695251465,-0.1094586171818947,0.43623410529867923,-0.06953756455355209,1.9653321888361401,2.0512248477137445,0.33686940462329307,-8.603768370395576,16.118496398674242,11.163204049658113,1.828033904476429,0.5386888779404563,0.3167658807148939,3.6846043306538085,-1.9247821013080042,-1.436826531087057
0.38378047943115234,-0.10943231500733039,0.436235723638862,-0.06955707690278758,1.9653611436640872,2.0512138738217685,0.33687555714064177,-8.936706633750049,15.77390704980346,11.436967512335489,1.8255693184214838,0.5540017297656797,0.31163971892762105,3.684493227595947,-1.9247821013080042,-1.4368708769427698
0.3858194351196289,-0.10939285657472342,0.43623595835739865,-0.06958341289205734,1.9653025062187988,2.0511876615412272,0.3368867217843465,-9.295339342723732,16.194365691555845,11.428929240602063,1.8298383271273726,0.5784165908862215,0.3147652749985312,3.684420271510742,-1.9248326460467737,-1.436941925679342
0.3878602981567383,-0.10939471412023902,0.4362659743422559,-0.06959187178190382,1.9653640759365545,2.0512410620441677,0.3369848602139921,-9.35271652747789,16.198082763452263,11.555144995411343,1.840522183833799,0.6006852407892309,0.31501702674502663,3.684252901668213,-1.924828831349508,-1.4369667212115687
0.38991713523864746,-0.10936772347031563,0.43624755211085636,-0.0696334765534855,1.9653817649671919,2.051214436832541,0.33688410490534443,-9.547240019333394,15.750395251876025,11.929974601598381,1.8201630640434243,0.5849226613150109,0.3087995469632132,3.684164209956787,-1.9247906843768519,-1.4370148817645472
0.3919558525085449,-0.1093307635209327,0.4362570839966551,-0.06965909780949339,1.9653889448439614,2.051186243308512,0.3369641799629625,-9.329039627316682,16.031150784767345,11.962659086376366,1.8231657129101655,0.5878332759031166,0.30847878978567433,3.6840059000202636,-1.9248445669757288,-1.4370587507831019
0.394000768661499,-0.1093224054799494,0.43624880124319404,-0.0696833183576771,1.9653420571221265,2.0512322974175556,0.3369416635093851,-9.637263931335962,16.223760837758697,11.600908144112893,1.8494071023934249,0.6101436406776416,0.31130976017344625,3.683917208308838,-1.9248374144183558,-1.4371259848224085
0.3960456848144531,-0.10931282037845454,0.4362436385273918,-0.0697204171523667,1.9653262000599396,2.05124259034428,0.33693052610310165,-10.021990364391627,16.190449165867435,11.885665633025402,1.8418437665738274,0.6531143836137819,0.30415326301483586,3.6838008600422363,-1.9248374144183558,-1.4371588865863245
0.39809083938598633,-0.10929570449341522,0.4362323140953478,-0.06975810736832253,1.9652708765937674,2.051271125844656,0.3368698679150013,-10.639795749622223,15.696733292166643,12.174548764573005,1.8251317773257547,0.6851818722137176,0.29730652080023445,3.6837121683308105,-1.9248254934894007,-1.4372380415545862
0.40013575553894043,-0.10925788044468093,0.43626062453986386,-0.06976064916187254,1.965375806144311,2.051239330183357,0.33696865252393554,-10.712168756248442,15.600736711812397,12.429235957883666,1.818314704550909,0.7225506261696552,0.2926085808450156,3.683553858394287,-1.9248459974872034,-1.4372699896441858
0.40218186378479004,-0.10923721063418235,0.43624991876074526,-0.06979569103329451,1.9653279356890236,2.0512394784321213,0.33695434822497705,-10.989227343239193,15.781350346809749,12.516064789933345,1.8139581293694076,0.7347870327760935,0.28405710352166763,3.6834565836140136,-1.9248650709735315,-1.43732196489443
0.40422773361206055,-0.10922860772892048,0.4362320344919261,-0.0698308224661656,1.965311204994307,2.051264630836434,0.3368813799969443,-10.897204186676026,15.891961153674192,12.743300382369792,1.7937885318137559,0.74575366910801,0.2750798911144432,3.6833645540424804,-1.9248297850238245,-1.4373739401446741
0.40627288818359375,-0.10918344432039229,0.43624100500141916,-0.06985128769595358,1.9653420310362717,2.0511856010283083,0.3369461831929882,-11.41176175829352,15.648586282802365,12.817597266474152,1.78211496609194,0.763048916175349,0.26875047025403703,3.6832563120075683,-1.9248889128314417,-1.4373911062823694
0.40831780433654785,-0.10917556272856935,0.4362254151138372,-0.06988760698127335,1.965292613011107,2.0512460470625795,0.3368730500941531,-11.820503855515089,15.266773585051537,12.851640875821683,1.7770347705738492,0.7835075237952753,0.26349781886461193,3.6831514078327636,-1.9248531500445765,-1.4374778906451624
0.41036391258239746,-0.10917794088954985,0.4362470604339677,-0.06990577247211356,1.9653227589143096,2.0513017162353315,0.3369444573524331,-11.983668887199258,15.665854136832982,12.937135082600843,1.7515659355640867,0.7960877972980276,0.2558478365112898,3.682990236873291,-1.924849812184469,-1.4375103155719202
0.41240906715393066,-0.1091538592402056,0.43624105338615465,-0.06992858204339433,1.9653047336874234,2.0513082384912478,0.33692467797114745,-12.038829291427634,15.569654276002183,12.962430876955118,1.745833257305141,0.8004591137052249,0.24699340382455676,3.682901545161865,-1.9248507658587855,-1.4375742117511194
0.41445469856262207,-0.10914802816302605,0.43625040075982124,-0.06994446525976537,1.9653359903400267,2.051327072418718,0.3369661697131552,-12.197993237679345,15.557150116294896,13.01727438691732,1.7374304038192825,0.8105020666019507,0.2426445437603883,3.682781382197998,-1.924849812184469,-1.437594238911764
0.416515588760376,-0.10910593063103904,0.4362600242954869,-0.0699678411210382,1.9653781291245103,2.05128911645625,0.33699444738236306,-12.23530790578561,15.336301636475456,13.34117649440899,1.7318060024703201,0.8304185958579113,0.24001615019449962,3.68264548360791,-1.9248688856707972,-1.4376466909991663
0.4185764789581299,-0.10910904490752424,0.4362496617972343,-0.06999827367897436,1.96530989877097,2.051368002935652,0.33692554245074535,-12.549095868138899,15.15088424653824,13.294373758962456,1.7393862867597711,0.8487572773840883,0.24107778213169018,3.682572527522705,-1.9248335997210901,-1.4377287069903772
0.42063307762145996,-0.10907321129648845,0.4362373282430525,-0.07006161776255128,1.9653790935432587,2.051352794662342,0.3369020421951972,-12.83922449521164,15.290112264780419,13.416792524767578,1.7280757654579446,0.8765843085319779,0.23705536277503497,3.682302637691162,-1.9248059431659144,-1.4377859274493616
0.42267870903015137,-0.10904804879847135,0.43623720908337793,-0.07008991532054684,1.965370971562862,2.051322079672103,0.33688867243850185,-12.959175226613276,15.199109172805688,13.347895855848135,1.7290534983560055,0.8867656992135283,0.23033508834312671,3.682232542628906,-1.924821678792135,-1.4378188292132776
0.42472386360168457,-0.10903183591506099,0.4362643150274806,-0.07009790105169104,1.9653801897659533,2.0513789548759234,0.33696658230801857,-12.963148947507273,15.449155175753209,13.349754432340655,1.7145874557088485,0.8962024656568572,0.23261062941293603,3.6820856767841796,-1.9248335997210901,-1.4378975073443812
0.42676782608032227,-0.10901497274190906,0.4362464402829331,-0.07013973935076791,1.9653526666277839,2.051382771707966,0.3369184398617111,-13.156877390688928,15.162902252412888,13.310270499759904,1.715958734253122,0.9107310884933225,0.22477336101027456,3.681973620052002,-1.9248254934894007,-1.4379456678973597
0.42882680892944336,-0.10899755056600188,0.4362611590129341,-0.07014805612962015,1.9653702698797149,2.05139953654672,0.336942501028443,-13.382143004136063,15.181887857271374,13.017025705688145,1.7154903098554142,0.9248975693453273,0.22324559851039733,3.6818887430378417,-1.9248254934894007,-1.4379971663104456
0.4308664798736572,-0.10897764108733052,0.43623528977282633,-0.0701912824954895,1.9654023249083405,2.0513534365054324,0.33690615962389026,-13.224163600981163,15.264740619418259,13.154299275892354,1.7166138188132178,0.9495428763257907,0.2186636568547859,3.681757612819336,-1.9248178640948694,-1.4379947821246546
0.4329066276550293,-0.1089658019803976,0.4362529391736337,-0.07021061016786634,1.9654145106846395,2.0513959101429866,0.336891848242269,-13.853731003753865,14.921296837779657,13.3353034760094,1.7095777220920927,0.95970796822194,0.21749205032178381,3.6816608148762207,-1.9247906843768519,-1.4380658308612269
0.434955358505249,-0.10894339190337887,0.4362589409554981,-0.07022885781319664,1.9654229858138237,2.0514121919285913,0.336919963374963,-14.006529764465906,14.733072345615719,13.507820153716438,1.6995233743623466,0.9827611280387691,0.2099365061963684,3.6815334993549804,-1.924797836934225,-1.4381254355060022
0.43702268600463867,-0.10891650730641564,0.4362650702836466,-0.07025301129328647,1.9654814471706337,2.051361214008963,0.3369583397018544,-14.424996958945421,15.03401302511675,13.588074396428944,1.6889803234441727,1.0025870525780192,0.20397006086050123,3.681409998531006,-1.924816910420553,-1.4381268660174769
0.43907928466796875,-0.10890533967593771,0.4362757750960931,-0.07028414079151606,1.9654365234387798,2.051444547838079,0.3369101544332229,-14.548055871300484,14.910302417623685,13.4300962343562,1.6971522885659565,1.0183628461996024,0.20272421492643689,3.6812984186359863,-1.9247821013080042,-1.438244644795553
0.4411613941192627,-0.10889296141524801,0.4362569201879233,-0.07031024973915152,1.96544125606701,2.0514265860727745,0.3368664768259845,-14.521276567877901,14.972633830086384,13.58333562421723,1.6941782383359283,1.0317736254947754,0.19609223285063698,3.681232138270996,-1.924769703541891,-1.4382579962359827
0.44322776794433594,-0.1088723739380775,0.43626938206784516,-0.07033250199749277,1.96547655833406,2.0514166683156407,0.33688966080771326,-14.566700973376065,15.053540853003248,13.547538240844816,1.6947528031197583,1.045704703763313,0.1982073087361786,3.681116743678711,-1.9247735182391565,-1.4382899443255823
0.4452648162841797,-0.10885786762362512,0.43625554203885575,-0.07036018231374376,1.9655485702432423,2.051417505809829,0.33681920469882726,-14.926693058486752,15.204851010333396,13.253389348256707,1.6951812384474947,1.0635882582309208,0.1971222937719166,3.680997057552002,-1.924711052571432,-1.4383223692523401
0.4473137855529785,-0.10884028868179521,0.4362774098019898,-0.07037463859320357,1.965480849946111,2.051452008189479,0.3369342363800641,-15.076469416598039,15.234897008942058,13.3764921099548,1.689816207474924,1.0756642213468084,0.19380985208392532,3.6808783250996093,-1.9247844854937952,-1.4383857885943812
0.44936227798461914,-0.10883418798279423,0.4362543226816373,-0.07041235652504182,1.9654473390553262,2.051490112223601,0.33683353289969725,-15.17099376015124,14.79913162983331,13.835755788610484,1.6858813692801768,1.0796124093241324,0.19392828064900047,3.680797262782715,-1.9247377554522913,-1.4384496847735804
0.45140862464904785,-0.1088015887853023,0.43625760331670776,-0.07043668941281662,1.9655326504888841,2.0514552160876756,0.33683555765660894,-15.083124152417575,14.991353586250872,14.213598784668733,1.6733303780947435,1.0928881575730527,0.18228027535491464,3.6806503969379882,-1.9247220198260706,-1.4384806791888636
0.45345520973205566,-0.10878858316083176,0.4362666679440343,-0.07046014907946836,1.9655513207804756,2.0514570424484515,0.336821922653316,-15.38661941859663,14.71133655855038,14.44035496385132,1.6742664746450575,1.1041114891323762,0.1807237635512271,3.6805688577839355,-1.9247096220599573,-1.438514534627096
0.4555027484893799,-0.10877811125955601,0.43624859865224075,-0.07049275359098327,1.9655218893800046,2.0514874523238524,0.3367847874483653,-15.603808055057671,15.20373466995903,14.450523776026033,1.663993173238549,1.1141095631522242,0.17556074152311507,3.6804563242145996,-1.924694840108053,-1.4385698477374476
0.45753908157348633,-0.10876014038037646,0.4362602175910201,-0.07052041030536703,1.9655649185641935,2.051470042060246,0.3367747305600856,-15.587106066213213,14.799638004516401,14.295420817442183,1.6695085222274144,1.1086715267838005,0.18237710378384964,3.6803576189228515,-1.9246824423419397,-1.4385946432696741
0.4595987796783447,-0.10874496532008762,0.43626471428031677,-0.07054268341277117,1.9655731027869898,2.0514856773447696,0.33673846326868934,-15.150744433016023,14.601440298291775,14.72783197220317,1.6623877251908072,1.1062828299670484,0.18246152728691672,3.680280848140381,-1.9246586004840296,-1.4386499563800257
0.46164369583129883,-0.10872430772742404,0.436264817594981,-0.07056346719964614,1.9655938813294906,2.051502109004371,0.3367457083035194,-15.44485218918224,14.777886419272585,14.645127964790849,1.6635942607116911,1.1013290428507574,0.17608896759639064,3.6801487642475585,-1.924650017415182,-1.4387062231646937
0.4636878967285156,-0.10871115603514389,0.4362667310607303,-0.07058794884768226,1.9655840568288931,2.0515332841154628,0.3367816649554473,-15.529695948986788,14.755736258860601,14.567097551034276,1.6671977453974252,1.1101717323156128,0.1799500634444664,3.6800057131000976,-1.9246609846698206,-1.4387577215777796
0.4657275676727295,-0.10868476308763941,0.43624061445164497,-0.0706139019652865,1.9655485119660532,2.051522657514549,0.3367353981058558,-15.694288060702092,14.58332007723199,14.366240896450961,1.6597550740657905,1.1092819735879629,0.18414831841622503,3.6799327570148925,-1.9246647993670862,-1.438812557850973
0.46776747703552246,-0.10867593236010765,0.4362554878931273,-0.07064623662070929,1.9656215935248478,2.051535907496157,0.33666183218679696,-15.358943503464747,14.606003412951225,14.396375586030665,1.6696606576736024,1.10821138180547,0.18336659909480668,3.679833098048828,-1.9245947043048304,-1.4388535658465784
0.46981072425842285,-0.10865435087382502,0.4362463089738548,-0.07066675426486355,1.9656704075003835,2.0515033006908925,0.33665957064997587,-15.252181900567486,14.797956611918705,14.358050458761305,1.6764942532376088,1.099050953855882,0.18729853066731755,3.6797286707111816,-1.9245899359332483,-1.4388635794269007
0.4718656539916992,-0.10864175401348483,0.4362481263768071,-0.07069020020015623,1.9656733701510802,2.051550721691943,0.3366401382631556,-15.363305598418895,14.804939741100128,14.602516999596123,1.6718646394708867,1.0959891666323964,0.18811935724395307,3.679605169887207,-1.9245622793780726,-1.4389374891864222
0.4739069938659668,-0.10863465078164863,0.4362503095945616,-0.0707187289811271,1.965722124033657,2.0515839967021363,0.3365945029743697,-15.369982768516238,14.856420399442772,14.781148033833773,1.6657469656886346,1.1132830296462948,0.18794515690383456,3.6794778543659667,-1.924506966267721,-1.4389856497394007
0.4759507179260254,-0.10862873782595259,0.436236391506067,-0.0707545037531734,1.9656337399304045,2.051624722947548,0.33654031771105825,-15.731711550846608,14.719447938934723,14.799114551000217,1.6657584926670688,1.122466346791405,0.18749185754399655,3.6794168192097167,-1.9245055357562464,-1.4390528837787073
0.47799181938171387,-0.1086031247055589,0.4362555288016107,-0.07077518026317565,1.9657668733795537,2.051567389572945,0.33654566889658577,-15.68552050215807,14.756469932161101,15.075005138691896,1.6727344219229672,1.1345828527543245,0.1880217950828456,3.6792966562458496,-1.9244783560382288,-1.4390466848956507
0.48003673553466797,-0.108582436227615,0.4362432348700688,-0.07080978315098183,1.9657443726516097,2.051593397142738,0.33648733921696794,-15.621634088339224,14.692712529365956,15.355279665273901,1.6724476304904838,1.1405022586084417,0.18475733690340035,3.67918507635083,-1.9244545141803187,-1.4391263167010706
0.4821345806121826,-0.10858242314052419,0.4362521250198069,-0.07082130080473248,1.9657554546837428,2.051647794260808,0.3364955274602291,-15.735714108688168,14.730035773199615,15.271998498623807,1.662182870541037,1.14605639331392,0.18158097625951253,3.679088755244873,-1.9244306723224085,-1.439174000416891
0.4842066764831543,-0.10855257065886025,0.43623099610113203,-0.07085142033008901,1.9657356196082616,2.051627822791986,0.33646117830266137,-15.765371598888102,14.802562296409512,15.027783913074737,1.668114781846023,1.1511324628222324,0.18163809537120534,3.6789933878132324,-1.9244378248797815,-1.4392254988299769
0.4862477779388428,-0.10855519321868612,0.43623765196328995,-0.07088052323082814,1.9658063043543494,2.0516755793062695,0.33634419539364974,-15.872313637388675,15.239662751766097,15.141685199661408,1.6698963207190958,1.1495482912194182,0.184395739333157,3.6789094644733886,-1.9243314901935022,-1.439277474080221
0.488292932510376,-0.10852544743768675,0.4362253781516164,-0.07090339981604021,1.9658135871484352,2.0516383619227994,0.3363436629868543,-16.140421640562078,14.688862084026796,15.239886022907566,1.6684226189992049,1.1412309301979662,0.18544563105300887,3.678816958064697,-1.924349610005514,-1.4393060843097132
0.49033689498901367,-0.10853024750264514,0.43624596921563275,-0.07092833875674483,1.9658433804568352,2.051718127278008,0.3363376004701643,-16.333970081048175,14.66042304472919,15.342654147888847,1.669096101295752,1.1501063338932382,0.1821373333555243,3.6786743837543945,-1.9242995421039026,-1.4393695036517542
0.49237680435180664,-0.10850153535259521,0.43623014227776136,-0.07095345222566676,1.9658097654651994,2.0517150876762456,0.33630283416965095,-16.313961675024125,14.670436744086503,15.423622285556885,1.662987272574402,1.161630067240066,0.189388420560267,3.678593798274658,-1.924305264149801,-1.439437214528219
0.4944183826446533,-0.10849672640452793,0.43623791291647457,-0.07097489264458161,1.9658986398746767,2.0517143196173064,0.3362994613507975,-16.563191853223824,14.515176802310727,15.356304846831707,1.6618917801165618,1.147633936595057,0.1891274911118238,3.6784702974506835,-1.9242656866656702,-1.4394381682025355
0.49648451805114746,-0.10847956422984277,0.43623263895491116,-0.07100409626846979,1.9659247486656932,2.0517315189188947,0.3361800122835723,-16.308040178067138,14.83055784152207,15.613531669189362,1.6573740768804526,1.1533439196759452,0.18937734204616413,3.6784087854572753,-1.924194637929098,-1.4395101706134241
0.4985325336456299,-0.1084619648152502,0.4362394651267913,-0.07102264853493735,1.9659160552432278,2.0517685421274114,0.33622072088241395,-16.46940573326809,14.564510955357518,15.730262943094635,1.6648849546628286,1.1575421874571536,0.19390465282291963,3.6782700258442382,-1.9242056051837366,-1.4395774046527308
0.5005927085876465,-0.1084680057301674,0.43622310264003517,-0.07106389611199705,1.965931845775945,2.051779279084769,0.33607733211581514,-16.21859940079056,14.919617078327944,15.599721971172588,1.6573023404242733,1.173087487603553,0.18792927658154412,3.6782333093830566,-1.924126450215475,-1.4395940939532679
0.5026504993438721,-0.10842643399761112,0.43623539019552354,-0.07110373623742114,1.966030481217173,2.051786276330517,0.3360460737426828,-16.303294577601054,14.73533764101941,15.965176044292999,1.6514017853081933,1.1721702463424393,0.18723824774947967,3.678009195918701,-1.9240735212909144,-1.4396899382220667
0.5046908855438232,-0.10841397420487034,0.43625207773884234,-0.07111920432790059,1.9660239032611964,2.051856995937708,0.3360549234075157,-16.454111197383366,14.363598423072938,15.92354271148698,1.6519843316876148,1.1628776304215902,0.1924605304023319,3.6778861719318847,-1.9240534941302698,-1.4397848288165491
0.5067319869995117,-0.10839867890350198,0.4362271340896648,-0.07114897855060502,1.9660832857844,2.051829137362431,0.33593606258438885,-16.32055596220678,14.659045826495722,15.809805777556525,1.6487782042831618,1.1603828492522625,0.19117314971456922,3.6778251367756347,-1.9239862600909632,-1.4398015181170862
0.5087885856628418,-0.10839825353354145,0.4362451126004096,-0.0711676359191421,1.966144432257523,2.0518713658287346,0.3359355035194439,-16.23269086544715,14.681998326403917,15.592063257140868,1.6502977128260852,1.1551640561661753,0.19335027369724717,3.677701159114502,-1.923941437398092,-1.4398372809039515
0.5108420848846436,-0.10837243149050575,0.43622913413412473,-0.07120434939313508,1.9661547229810334,2.0518672127279656,0.3358873598293487,-16.237226093394845,14.455299544122315,15.851664584568764,1.6476752546951052,1.1596222729693013,0.19168523015047928,3.6775705057331542,-1.9239214102374476,-1.4398940245257776
0.5128829479217529,-0.10836835363292341,0.43624817972551927,-0.0712258750867944,1.9662074685276925,2.0519235534640243,0.33580005603156343,-16.196315263680795,14.328633073607948,15.872400825037534,1.6411641822098886,1.1541801850671563,0.19331758498965568,3.6774932581135253,-1.9238346258746546,-1.4399693647967737
0.5149226188659668,-0.10834688125069426,0.4362381299662807,-0.07124765101424044,1.9662464292718578,2.051908366317482,0.3357858706351626,-15.894719420490189,14.362013887091619,16.013199479051494,1.6355663528243345,1.1432764956844692,0.19030450941740923,3.677382155055664,-1.923821274434225,-1.439997975026266
0.5169637203216553,-0.10833992167195111,0.4362477765353774,-0.0712764929509696,1.966221549533923,2.0519548679605575,0.3357651624147452,-15.563045162951237,14.413882405022383,16.055267146503727,1.6326265115117513,1.138191513664177,0.18929116884442992,3.677286310786865,-1.923805061970846,-1.4400652090655726
0.5190320014953613,-0.10831555724068379,0.4362378102618835,-0.07130102782885404,1.9662775441600744,2.0519531907272013,0.3356363351008321,-15.849949842154071,14.484885279968772,15.976569377657022,1.6358943264200545,1.1296479604990035,0.19290892596370895,3.677225275630615,-1.923725430165426,-1.4401329199420374
0.5210716724395752,-0.10830944309135154,0.4362160010988503,-0.07134446404640205,1.9662725596388781,2.051967744032822,0.3355718202855353,-15.696693308926696,14.796798682321793,15.872215816601173,1.6320141350010073,1.1243389199170792,0.18811364481637466,3.677105112666748,-1.9236930052386683,-1.4401653448687952
0.5231118202209473,-0.10832385982415621,0.43623952188098025,-0.07135574540704433,1.9663655255653276,2.0520422564513408,0.335530057843996,-15.471700916003513,14.524674239254214,16.19864856990614,1.6368465366960128,1.1210331503653088,0.19532247302198913,3.6770054537006835,-1.9235981146441858,-1.4402020613299769
0.5251517295837402,-0.10830644489682384,0.4362393364004797,-0.07138247736760248,1.9663471379977775,2.052097159826045,0.33546131110045446,-15.531991892468458,14.704514899122426,16.379044772662468,1.636215823520291,1.1140724945931118,0.19670213734675446,3.6769096094318847,-1.9235547224627894,-1.440305534993307
0.5271916389465332,-0.10828675643404678,0.4362356584921063,-0.07141231184738796,1.9663758650942238,2.052085586270523,0.3354488714946161,-15.443174028319607,14.471533023747726,16.299933976599558,1.6433180967819407,1.117096470380667,0.19968855506993288,3.6767894464680175,-1.9235451857196253,-1.4403365294085901
0.5292320251464844,-0.1082615984631775,0.43624007209958743,-0.0714330092250353,1.9664930346378615,2.0520718793760793,0.33539372843423193,-15.543813477141303,14.55837001058377,16.176702607313516,1.6487995503254154,1.1192205252061025,0.19884005081087958,3.676663561458252,-1.9234779516803187,-1.4403770605670374
0.5312719345092773,-0.1082453082113422,0.4362266036224098,-0.07146490285941941,1.9665010371912162,2.0520871510941494,0.3353139283346726,-15.43284437477055,14.80059660900916,16.01564999456933,1.6554491452645288,1.1065670796332026,0.20561618292877148,3.6765705782124023,-1.923434082661764,-1.440437142048971
0.5333118438720703,-0.10824584323002401,0.43623778923603623,-0.07148201043726933,1.9665645231656874,2.052129145266797,0.33526714346238234,-15.179934867636682,14.943178674551032,16.152466747853488,1.6576551513375357,1.095633268852396,0.20392124511503434,3.6764790254780273,-1.9233663717852991,-1.44047719637026
0.5353720188140869,-0.10822179427733158,0.436236499964656,-0.07149907089564185,1.96660709992957,2.052123049123995,0.3352226943563116,-15.04953762686613,14.618183820155645,15.960599628189733,1.6621417962380556,1.0927760059137286,0.20610165720992052,3.676398916835449,-1.9233339468585413,-1.4405282179461878
0.5374116897583008,-0.10821232866078423,0.436225105350432,-0.07154507096094195,1.9666054920512832,2.052119792112938,0.3351259184241648,-15.067322991109926,14.832303892416116,15.776250727543296,1.6659332978958261,1.0952892512326442,0.21162292632990815,3.6763216692158203,-1.923293415700094,-1.4405620733844202
0.5394518375396729,-0.10820059822929767,0.4362204028593852,-0.07156903443810791,1.9666508235344609,2.0521618690114116,0.3350663866760052,-15.107925925164043,14.769997289652094,15.678459717451041,1.6707424842165657,1.078856784175224,0.21371507847891297,3.6761948305317382,-1.923229996358053,-1.4406293074237269
0.5415277481079102,-0.10817574655142197,0.43622483974359383,-0.07158792955603469,1.9667100241813513,2.0521658460483634,0.33502809133197653,-14.77167839731732,14.77676455232555,15.903710888620804,1.6707609614067256,1.0676005345851003,0.21913665575225844,3.676086588496826,-1.9231889883624476,-1.4406893889056605
0.5436151027679443,-0.10818122205282989,0.4362164413121112,-0.07162064853569565,1.9666925230660937,2.052226416422727,0.33494902985045627,-14.617451611881773,14.875659877819663,15.675573912964486,1.6825981863342236,1.061333590820159,0.22020329855016157,3.6760026651569824,-1.923133675252096,-1.4407456556903284
0.5456781387329102,-0.10818247239737669,0.4362170554882009,-0.0716477228031905,1.966729622343376,2.052292030052244,0.3348813350604449,-14.623324421271258,15.06712561217958,15.626097388415886,1.6904070183745776,1.057938772009645,0.22097411298849046,3.675882025355957,-1.9230578581439417,-1.4408090750323694
0.547720193862915,-0.10814703246840307,0.43621190765863915,-0.07167610628086205,1.966764068643148,2.0522520896566516,0.3347932750159832,-14.551005215959139,14.95501321385992,15.486074806140568,1.6864782816725852,1.0504709231098779,0.2271942831028973,3.6758248048969726,-1.9230254332171839,-1.440864388142721
0.5497674942016602,-0.10815036220142184,0.4362002615778327,-0.0717066115805251,1.9668359711812042,2.0522876005079373,0.33469900590051466,-14.098344798834958,15.103021854632816,15.331665437207203,1.6945229338965389,1.0399630572391863,0.22409801593739886,3.6757098871418457,-1.9229338804828089,-1.4408929983722132
0.5518078804016113,-0.10811887889603869,0.43620802001693476,-0.0717273985904538,1.9669561428311306,2.0522324770612292,0.3347075422921026,-13.633887978408392,15.275512137157506,15.301957920205421,1.7048360051526026,1.02263221081389,0.23119729188259192,3.6755706506916503,-1.9229138533221644,-1.4408991972552698
0.5538477897644043,-0.1080949154997699,0.43620836384953104,-0.07175032864787569,1.9669176148339023,2.0522643884098524,0.33465220816422897,-13.540788723444402,15.246297153881335,15.280518432504362,1.713190083021621,0.9962418932706408,0.23616339966172523,3.6755058008381347,-1.922896687184469,-1.4409974257098597
0.5558876991271973,-0.10808226500149501,0.4362125889911468,-0.07177939150628594,1.9668954829610341,2.052305944316219,0.33461941351806324,-13.246993582381737,14.961586104235893,15.335448201353078,1.7051484006308906,0.9655122716211895,0.24025255424781233,3.6754061418720703,-1.9228766600238245,-1.441073242818014
0.5579490661621094,-0.10807724610312985,0.43623078959196165,-0.07179295125404725,1.9669538089855196,2.052366597766509,0.33459878825703426,-12.654188817608542,14.876230158886164,15.241885555911036,1.6977486945679836,0.9396294806907073,0.24076823650479368,3.6752869325825195,-1.922816578541891,-1.4411400000201624
0.5600168704986572,-0.10808129078298287,0.436210926312162,-0.07182952780242503,1.9669694382034584,2.052396662069474,0.3345306075298813,-12.125553493052642,14.793523001219206,15.325740057802392,1.69171748195217,0.8998871580918812,0.24556546150878528,3.6751748758503417,-1.9227646032916468,-1.4411619345294397
0.5620617866516113,-0.10804210807778487,0.43621078399550156,-0.0718572719867569,1.9669884827326223,2.0523891678434936,0.33444854065526564,-11.326027096021038,14.664294013563659,15.573393950242219,1.686864066077898,0.837893078675249,0.24219916310417705,3.675090952510498,-1.9227288405047815,-1.4412568251239222
0.5641016960144043,-0.1080390550499079,0.4362200909890288,-0.07187190107282974,1.9669655047725212,2.0524350661069812,0.3344559027054383,-10.324221001915234,14.868454209221154,15.730253258988192,1.670126976367559,0.7580752748603687,0.24289001999649323,3.675017996425293,-1.9227240721331995,-1.4413088003741663
0.5661418437957764,-0.10802805588877537,0.4362026381149878,-0.0719035902798296,1.9670026066973951,2.052435782472979,0.33440228273317457,-9.440586125324197,14.654875266457056,15.798910507344607,1.6713820806179212,0.6794303511493972,0.2582203345191343,3.6749021249958496,-1.9226844946490687,-1.4413335959063929
0.5681829452514648,-0.10801280903258259,0.4362083599167757,-0.07192386794842771,1.9670609142018258,2.052476410801062,0.3343441442994127,-8.419748950712915,14.56563800825142,15.909516984518193,1.6642194435364257,0.6050767099632508,0.26750177771852307,3.674783392543457,-1.922617260609762,-1.441408936177389
0.570227861404419,-0.10796532246155774,0.4361910133701617,-0.07196190926550387,1.9670171154579406,2.0524239520549816,0.33426680577291307,-7.767934316746776,14.546929428574234,16.580623851050834,1.640862711550012,0.5304019078703257,0.26404896921635296,3.6747299867817382,-1.9226325193988245,-1.4414847532855433
0.5722730159759521,-0.10797411016187136,0.43621344954978714,-0.07196405104415067,1.9670310705009089,2.0525353391657366,0.3342905042006048,-7.186890949721132,14.036806197721074,17.138744134002604,1.6367547826610696,0.46321493657965,0.2746422953351892,3.674614115352295,-1.9225886503802698,-1.441563908253805
0.5743176937103271,-0.10796000157604936,0.43619013755620667,-0.07201191521461622,1.9670931971539565,2.0524892694206565,0.33417454447865136,-6.727976164635706,14.17572080990184,17.42448799261026,1.6390902283057631,0.406933322608674,0.2715498101139031,3.6745220857807617,-1.9225295225726526,-1.441561524068014
0.5763630867004395,-0.10793606103008649,0.4361911315465213,-0.07204005828864272,1.9671103738526006,2.0525029769114695,0.33415596223845645,-6.1475213607241255,14.191838220333373,17.684894019256074,1.6356007169053886,0.36914514001525467,0.2696435116744407,3.674391432399414,-1.9225123564349573,-1.4416287581073206
0.5784094333648682,-0.10791130282019451,0.43619909149740427,-0.0720684622707069,1.9671782443812675,2.0524881800605774,0.33411248395236015,-5.9119456687871175,13.988029730746012,17.997771253986535,1.6208976107344788,0.34204063822479797,0.2662342538186954,3.6742793756672363,-1.9224732557879847,-1.4416731039630335
0.580456018447876,-0.10790178773181448,0.43617990891386343,-0.0720942167047651,1.9671586105357013,2.052537356251589,0.3340228592534118,-5.820388874356211,13.758585409179545,18.401241018757556,1.6102262777713454,0.3183001567143384,0.26313552988695,3.674199267024658,-1.9224212805377405,-1.441751782094137
0.582500696182251,-0.10787685719118509,0.43617717702115255,-0.07212502012473139,1.9671769973460103,2.052512758673826,0.3339710713717048,-5.600120655642147,13.724498643074147,18.700638811782287,1.5972083473602976,0.2887081029738536,0.2629490691177816,3.6741224962421875,-1.9224045912372034,-1.4417927900897425
0.5845458507537842,-0.10787081511497382,0.43618642434723637,-0.07214678948320635,1.9671630169435494,2.052577818217885,0.3339704092396773,-5.321935807049002,13.558255090497715,19.125563673440876,1.5751548117285803,0.26363693564882246,0.24394109605160047,3.6740028101154785,-1.9223845640765589,-1.4418686071978968
0.5866110324859619,-0.10783794328221126,0.43618489054429505,-0.07219971884213756,1.9672889075394848,2.052583014343827,0.33382531214235023,-5.496257234047755,13.58341365080708,20.06557427123411,1.5349473844026815,0.2243054296450455,0.23667230066490746,3.6738101679035644,-1.922265354787008,-1.4419577757464808
0.5887157917022705,-0.10784041993101443,0.43617786716154655,-0.07223443105843842,1.9672573561462887,2.052663336091566,0.3337310248268066,-5.856447449652482,13.100357518438905,20.240370365570676,1.5251303622223487,0.19973154171301713,0.23545681496216886,3.6737186151691894,-1.9222014586078089,-1.4420436064349573
0.5907819271087646,-0.10783365659663889,0.43619112202391097,-0.07226104981786266,1.9673256608803262,2.052698531409083,0.3337141665905179,-5.390765869629657,13.168470473983358,20.503372386102445,1.5168387517624429,0.19561995931263518,0.22769509174522645,3.6735712724873046,-1.922149960194723,-1.4420879522906702
0.5928270816802979,-0.10782473180375868,0.4361737292794468,-0.07227943717105403,1.967324651712621,2.0527258949438765,0.3336813375779336,-5.588209160914687,13.21206129332233,20.425097009434875,1.5137332263285408,0.1781213775324064,0.22869239009183867,3.6734797197529296,-1.9221251646624964,-1.4421327749835413
0.5948734283447266,-0.1077830620080483,0.4361925868199302,-0.072294769286065,1.9673864112201238,2.052679844237444,0.33369606379292566,-5.5821583077944705,12.842006059829503,20.64356015076812,1.5139441109586445,0.17867303935596543,0.22666516158089034,3.6733833986469726,-1.9221323172198694,-1.4421804586993616
0.5969204902648926,-0.10779747605187548,0.4361879951320126,-0.07231740482551503,1.9674413703116604,2.05275623259832,0.33361923083284095,-5.870307713179795,13.120397058649464,20.650411922411966,1.5034652024845407,0.17615940123412052,0.22184570275940757,3.673271818751953,-1.9220369497882288,-1.442221466694967
0.5989692211151123,-0.10778119414522075,0.4361734374513929,-0.07235944303462073,1.9674231293453377,2.0527637292195804,0.33352398425525454,-5.941372523583192,13.307950419106646,20.61000809974163,1.5031218446562893,0.18143870936867484,0.22568110064823482,3.6731902795979003,-1.9220011870013636,-1.4422810713397425
0.6010334491729736,-0.10777465857218557,0.4361858374768974,-0.07237371999398245,1.9674962632902107,2.0528124087454107,0.3335401795379013,-5.9757992193988665,13.008034672280097,20.845166752177402,1.5089484068523429,0.18698841748345765,0.22276238529075804,3.673031969661377,-1.9219568411456507,-1.442329231892721
0.6030807495117188,-0.10776673811451579,0.43617469953501137,-0.07241151516651238,1.967480254780825,2.052860742094452,0.3334019009426287,-6.2234987747395865,13.01186838421227,20.80527772352254,1.4981762933557188,0.1835832673971859,0.21683172604071932,3.6729675966450195,-1.9218810240374964,-1.4424155394183558
0.6051270961761475,-0.10774954687462819,0.43618187986044293,-0.07242628251088598,1.9674908967935374,2.052895928269736,0.3333936355533962,-6.095526778186981,12.90316623954627,21.097917115553347,1.4883018679972102,0.19171367427153366,0.20463332094144154,3.6728665071674804,-1.9218609968768519,-1.4424875418292444
0.6071720123291016,-0.10774444200618269,0.43617819309973366,-0.07245031346309236,1.9675814122917572,2.0529010604484164,0.3333373446758512,-6.1940206757688925,12.636742336635507,21.484126498069838,1.4757781412705524,0.19021291029802675,0.20288423010710532,3.672754927272461,-1.921793286000387,-1.4425008932696741
0.6092178821563721,-0.1077384782892935,0.43617558160243586,-0.07247246107943875,1.9675711948499364,2.0529406447241705,0.33329909162567567,-6.284878625163787,12.744766039084812,21.460605431363813,1.45995257179295,0.18156136158902672,0.19624153646026715,3.6726743417927246,-1.9217646757708948,-1.442557160054342
0.6112616062164307,-0.10772738874933938,0.4361994365782449,-0.0724962130138446,1.9676838791692606,2.052945474278616,0.33330346782083126,-6.24796769470344,12.469615504421023,21.551726022146376,1.4530669379785062,0.17515166383716196,0.1952378921009515,3.6725236612507324,-1.9217169920550745,-1.4425776640521448
0.6133008003234863,-0.10770297369438322,0.43619105953758464,-0.07250505849616377,1.9676725616100978,2.0529477643905563,0.33328283851695123,-6.260174189424182,12.48623129846889,21.853672606608637,1.4388802064397355,0.17415554309675477,0.1829701815442964,3.672470732326172,-1.921716038380758,-1.4426372686969202
0.6153407096862793,-0.1076924848963437,0.4361812062372381,-0.07253518749345539,1.967710145211897,2.0529927089398465,0.33317603771184157,-6.206070627212206,12.465913598005331,21.964655060674428,1.4245946762411055,0.17660933622726954,0.1793884122459523,3.6723624902912597,-1.9216325918780726,-1.4427130858050745
0.6173808574676514,-0.10768597687821296,0.4361760958909075,-0.0725649685006712,1.967688534291222,2.053036530190959,0.3331302233355719,-6.313979443803543,12.306584779522565,21.919337464835184,1.4230027771653804,0.17260065466082247,0.17783800207644884,3.672266646022461,-1.9216039816485804,-1.4427765051471155
0.6194207668304443,-0.10767888396318892,0.4362005663872302,-0.07257695199458097,1.9677368945630807,2.05308037994461,0.33316876705492937,-6.350189750448392,12.651156140581966,22.033764693985706,1.4118581878266991,0.16558174998225797,0.17871293128221016,3.6721359926411132,-1.9215834776507776,-1.442824665700094
0.6214609146118164,-0.10766468626768477,0.43618967004192555,-0.07260163654146927,1.9678064743109254,2.0531069386686807,0.3330420506600946,-6.404305883031737,12.3852610767195,22.142969754043712,1.4137837552789732,0.16394253556491575,0.1766444167533448,3.6720468240925292,-1.9214847723590296,-1.4428918997394007
0.6235010623931885,-0.10765965978730413,0.4361857589823745,-0.07261645942405004,1.9678051012176778,2.053129584426151,0.33304874488390507,-6.4875394265582536,12.240677212285188,21.888238346488215,1.4255418107937692,0.163836729839453,0.1773191649132949,3.6719629007526855,-1.9214800039874476,-1.4429205099688929
0.6255397796630859,-0.10764175970647333,0.4361829188318422,-0.07265578267587398,1.9678505643197144,2.0531235537653743,0.3329831472693382,-6.276972105037531,12.41314871396214,21.902383670606536,1.4263311725813144,0.16439616954867273,0.18009131993109234,3.6718432146259765,-1.9214356581317347,-1.4429610411273401
0.6275796890258789,-0.10762918914591041,0.436187290874144,-0.07267096762552416,1.967844711564947,2.053153420645397,0.33293047151305966,-6.370271690975858,12.345812094611297,22.092993505541227,1.4220479467697975,0.16200983682100484,0.17764381665639156,3.6717988687702636,-1.921403710042135,-1.4430282751666468
0.629619836807251,-0.10763197607344427,0.4361840833648922,-0.07269527330862409,1.9678718782038755,2.053242207078158,0.332885719025849,-6.4426314778033476,12.111397838823539,22.082018300427404,1.4272960999322128,0.16174663048491236,0.18307266764911645,3.6716477113911132,-1.9213326613055628,-1.443104092274801
0.631659984588623,-0.10762104047758617,0.4361937899246236,-0.07271230978512572,1.9679109399587522,2.0532665837006916,0.3328635355857251,-6.346379711038361,12.636648408561735,21.98855486544978,1.4265727173632115,0.16451321134224994,0.17915455198776004,3.6715547281452636,-1.9212968985186976,-1.4431522528277796
0.6336987018585205,-0.1076098445021475,0.436186693831948,-0.07273588505230853,1.9679068868060747,2.0532892970820833,0.3328383865159972,-6.527331458321411,12.440515620593255,21.952441447022505,1.4258834722697227,0.15907970203328817,0.18481251449311592,3.671459360713623,-1.9212797323810022,-1.443200413380758
0.6357388496398926,-0.10759479156114748,0.436180101647597,-0.07276527047195895,1.9679233174845774,2.0532926346270197,0.33275814761610467,-6.233725079868297,12.209413829415103,22.154302100511213,1.4272448836983826,0.16326593067527412,0.17964780285552456,3.671391173,-1.921236817036764,-1.4432485739337366
0.6377787590026855,-0.10758397318675014,0.43618402504633935,-0.07278146275130301,1.9679628672557397,2.05330443189475,0.33273135073169885,-6.379642910745865,12.379230916568579,22.038913650012102,1.4189167491584431,0.1590191587191468,0.18142675043298573,3.6713105875202636,-1.921203915272848,-1.4432843367206019
0.6398186683654785,-0.10756008388350732,0.436172527578799,-0.0728068335200059,1.967971495451829,2.0533334063051285,0.33270491776173455,-6.2664857062842,12.313217079684831,22.205423845395277,1.4196163130095705,0.15715315879367184,0.17932547615895494,3.671168013209961,-1.9211800734149378,-1.4433634916888636
0.6418986320495605,-0.10755628313351712,0.43616452433228886,-0.07282977608057205,1.967981932366973,2.053370323739801,0.3326432336009206,-6.2290406793327895,12.519184954285793,22.35138237531676,1.4139889483311412,0.16019496653959397,0.18162741532864002,3.6710874277302246,-1.9211319128619593,-1.4434126059161585
0.6439447402954102,-0.10754010146814938,0.4361615778952768,-0.07285022588348963,1.967999916539517,2.0533551403390238,0.33263741156443893,-6.330015610518104,12.414187077910277,22.19959906669459,1.413677941841485,0.1487040364530287,0.17651968106073562,3.6710073190876464,-1.9211309591876429,-1.4434331099139612
0.6460044384002686,-0.10754918272488864,0.4361928230002757,-0.0728553044551495,1.968031799139562,2.0534750087631854,0.3326206604719003,-6.181909280873402,12.804156397102878,22.29791166047403,1.4090994589340888,0.1496058722374487,0.1741914140961115,3.6709038454243164,-1.9210565725909632,-1.4435275236712855
0.6480875015258789,-0.10752954504965513,0.4361501402303197,-0.07290049435067691,1.9680157084344865,2.0534443005948004,0.3324827551519912,-6.231458538671147,12.220872503003063,22.468020105013377,1.41610526073634,0.14202300224935216,0.1808233387973831,3.670846624965332,-1.9210165182696741,-1.4435599485980433
0.650177001953125,-0.10751419496622454,0.4361783201062324,-0.07289720343813831,1.968092518558773,2.0534575168167994,0.3325446657891712,-6.314808486746448,12.47701974416501,22.53103749115469,1.4081108221126653,0.14324131973199436,0.1778139510586353,3.670743151302002,-1.9210084120379847,-1.443592373524801
0.6522305011749268,-0.1074954069633996,0.43618096586679606,-0.07291949388375939,1.9681421952868228,2.053444947018422,0.3325265030165697,-6.330585330009518,12.52141598795512,22.5738225468758,1.4175422901580468,0.14254033266897598,0.17910627015209568,3.6706430154987792,-1.9209869543658655,-1.4436209837542933
0.6542801856994629,-0.10749737714600113,0.43617338313939064,-0.07295727866925023,1.9680990339542255,2.0535208133593406,0.3324371063386546,-6.456612322269133,12.739915678420296,22.405509400509256,1.4130914679796964,0.13615314526495012,0.18370150404708724,3.6705514627644042,-1.9209325949298304,-1.4437044302569788
0.6563320159912109,-0.10750598017209693,0.4361610042180622,-0.07297761338516745,1.968079169330922,2.05360440930119,0.33238601398032774,-6.33569082837347,12.464914715059948,22.449624610586678,1.4205810497457168,0.1357546574701348,0.18336571346847558,3.670456572169922,-1.9208806196795862,-1.4437673727618616
0.658379077911377,-0.10746594964256487,0.4361634405148381,-0.07299540811048716,1.9681243915397764,2.0535673425164176,0.33234413181652533,-6.650042178844506,12.514358231089801,22.16347521223509,1.4202541460378497,0.13262376134403972,0.18527563465865082,3.6703831392475585,-1.9208644072162073,-1.4438274542437952
0.6604161262512207,-0.10745515761055915,0.43617920319689163,-0.07302335731211863,1.968151156782605,2.053572226412041,0.3323315006108667,-6.4758705818814715,12.7121230294872,22.17796970634306,1.4251792536356689,0.14076989174340243,0.18920752663704032,3.6702911096760253,-1.920847241078512,-1.443859879170553
0.6624631881713867,-0.1074455911210041,0.43614522639012376,-0.07304112175027005,1.9681023779663036,2.0536074358251937,0.3322888357186837,-6.454341619967588,12.510092293582298,22.166505589245876,1.4275983851193905,0.14466776840799386,0.1827977680356037,3.670215292567871,-1.9208357969867151,-1.443916145955221
0.6645412445068359,-0.10743330848791571,0.43615898506525275,-0.07305415014932305,1.9681632086683327,2.05360550553966,0.3322794576253817,-6.551358155450525,12.545229477646512,22.132893712938642,1.4260051321071794,0.14311902742502577,0.17884031556484276,3.6701385217854003,-1.9208076635943812,-1.4439399878131312
0.6665873527526855,-0.10743655741826325,0.43617635362977575,-0.07306445187925907,1.968226707881808,2.0536809864563232,0.3322403083362404,-6.642103770751365,12.75026621458688,22.09082421511658,1.429881404483165,0.1452502829146821,0.18688868863372426,3.6700355249592285,-1.9207285086261194,-1.4440038839923304
0.6686477661132812,-0.10739973380845927,0.4361581660390681,-0.07311089401845504,1.9681713172248054,2.0536953426821367,0.3321819903372766,-6.92473195170964,12.472942532276816,22.160566325059257,1.4269353533550362,0.1469719737939188,0.18518447582998265,3.6698953348347167,-1.920727554951803,-1.4441121260272425
0.6706929206848145,-0.10740534409686467,0.43616361481416005,-0.07312782354151505,1.9682560427230382,2.0537336454845394,0.3321374628556739,-6.795618292569623,12.627142438560321,22.02612643111023,1.43444662430941,0.1576121902785723,0.19084516209785352,3.6697913843342285,-1.9206517378436487,-1.444132153187887
0.6727378368377686,-0.10738040278704655,0.43616234567950607,-0.07314456649137575,1.968310904397763,2.0537036638915316,0.33211858942221295,-6.493565358934582,12.884526256655969,22.10765328973148,1.4355258895734395,0.16321239389161163,0.18842120403763152,3.6697074609943847,-1.920636002217428,-1.4441574255572718
0.6747839450836182,-0.10737082228463027,0.436166609210795,-0.07317152618674483,1.9682736121538928,2.0537514085363253,0.33207006141522144,-6.790303938152532,12.754640566385149,22.044792899911645,1.4325256158100663,0.15943637603807442,0.1912796443090743,3.6696364122578125,-1.9206121603595179,-1.4442370573626917
0.6768293380737305,-0.10735377164562643,0.4361673621374106,-0.07318006554204089,1.9683183100158836,2.053761317124507,0.33207938770956225,-6.881224542211798,12.418277946235524,22.099028940101256,1.437247665215075,0.1617483497293001,0.1922183657223161,3.669532461757324,-1.9205954710589808,-1.4442761580096644
0.6788737773895264,-0.10735768811582996,0.43617005856085306,-0.07319532790365209,1.9683135916341765,2.0537999823156383,0.33205069239591595,-6.790945140038591,12.667768698169146,21.944061898753795,1.4340772451484043,0.1701492857086798,0.19287269523487482,3.6694833475300292,-1.9205673376666468,-1.4443085829364222
0.6809289455413818,-0.10733443063835443,0.43617068622160554,-0.07321385796070778,1.9683138396478268,2.0538368671551135,0.33201642735391795,-6.8788468520336075,12.564664430414332,22.02740450875448,1.4297254984129237,0.1686726822945359,0.19536601427144396,3.6693803507038574,-1.9205401579486292,-1.4444001356707972
0.6829686164855957,-0.1073161957554255,0.4361538338894527,-0.07322823751057261,1.9683315285383858,2.0538213164493264,0.3319761699225368,-7.008508422627924,12.581582534027117,22.01245687465076,1.4187429643055665,0.17148308879687363,0.19238977445352745,3.6693240839191894,-1.920523468648092,-1.4444273153888147
0.6850078105926514,-0.10731119519178389,0.4361607324245695,-0.07324506801476545,1.9682923349819266,2.0538913725184247,0.3319587322278385,-6.991296374199366,12.286139009727554,22.001895435596005,1.4164441525738802,0.1699764562777389,0.18250825743186666,3.6692444521137695,-1.920504395161764,-1.4445112387286585
0.6870467662811279,-0.10730698652094545,0.4361449127420707,-0.07327677870870043,1.9682918004161574,2.0538908686545754,0.33191018498778896,-6.9470820060656155,12.618447524112446,22.060866919223837,1.4099893488537618,0.17001344620419043,0.19206003420602547,3.669168158168457,-1.920483414326803,-1.4445245901690882
0.6890866756439209,-0.1072719137880948,0.43614812034325157,-0.07329073455373855,1.9683378682964636,2.0538691322129283,0.3318453770070917,-6.7849939540137205,12.65068160779097,22.021183235670872,1.4081968026685983,0.16646962413154756,0.1903160468611257,3.6691152292438964,-1.9204486052142542,-1.4445918242083948
0.6911265850067139,-0.10726523756142797,0.4361611823590765,-0.07330264143300991,1.9683362405952485,2.0539083502000346,0.331874177912473,-6.869759006921289,12.362943989253301,21.982838369409148,1.413603404245376,0.16656018534724792,0.19408971491683275,3.669022722835205,-1.9204476515399378,-1.4446399847613733
0.6931874752044678,-0.10723803861807787,0.43616318734337695,-0.07332089768799614,1.9683684896306255,2.0538850958488344,0.33186212207022536,-6.901418675444603,12.584787699105332,21.750278841566953,1.4128646162689706,0.16942585867767773,0.19520103073168305,3.6689397531696777,-1.9204428831683558,-1.444679085408346
0.6952507495880127,-0.10723539672356378,0.4361564207188505,-0.07333840428602421,1.9684122379448832,2.05388894310861,0.3317977921706577,-6.663777782788651,12.25079228603918,21.77405903158742,1.4193690711471207,0.17573470553295004,0.20062005858343207,3.6688906389423828,-1.9203923384295862,-1.4446929136859339
0.6972906589508057,-0.10722151295628647,0.4361442473658698,-0.07335984662262457,1.9683929311338186,2.0539197922166466,0.3317646304657988,-6.838969946845204,12.448267557927501,21.592450154279533,1.4172139594540494,0.1682350893267276,0.2058475444994764,3.668799563045166,-1.920375172291891,-1.444756333027975
0.6993310451507568,-0.10720373575686026,0.4361582641844449,-0.07336490962938154,1.9684138625952152,2.0539202461702426,0.33181238938345115,-6.644041488233219,12.503688664461217,21.775872009835563,1.4179982622415965,0.17662563716230653,0.20576767998164341,3.668719454402588,-1.9203913847552698,-1.4447887579547327
0.701378345489502,-0.10718531850421487,0.4361473473503962,-0.07340024380367247,1.9684165857246971,2.0539374182564694,0.3317209439443589,-6.744743997568712,12.474691988178304,21.433320889419157,1.4207862528829796,0.17177747050472084,0.20514219645461051,3.668627901668213,-1.9203441778766077,-1.4448593298541468
0.7034289836883545,-0.10717309485008389,0.43615360523862823,-0.07339609299579052,1.9684282989025823,2.0539497269044538,0.3317879364251564,-6.777519920983419,12.602805619819407,21.41044174879848,1.42060081176758,0.17636468007719966,0.20559651876754342,3.6685516077229003,-1.9203670660602015,-1.4448846022235315
0.705474853515625,-0.10718023385754724,0.4361509878387817,-0.07342487358475656,1.968425928311342,2.0540336884709642,0.33167802785912753,-7.063750355693413,12.152639641052659,22.665678353917706,1.4148889805402067,0.18362459463302172,0.20883633926687944,3.668475790614746,-1.9202802816974085,-1.4449637571917933
0.7075209617614746,-0.10713078452211969,0.43615300598732504,-0.0734248145484899,1.968412466520737,2.053978484866306,0.33176169542044176,-7.34696460804828,11.950220468037381,24.104584342920404,1.368120337418657,0.169310193679849,0.19204533514015126,3.6684023576923828,-1.9203580061541956,-1.4450119177447718
0.7095682621002197,-0.10712790218253429,0.4361560953018876,-0.07344886527316448,1.968422742462352,2.0540084076657643,0.3317630453177231,-7.679775879625081,11.259874377031306,25.720838169316202,1.3145200052222836,0.16367519812488832,0.1715515268000778,3.668292208308838,-1.920342270527975,-1.4450438658343714
0.7116415500640869,-0.10711275936891299,0.4361760070198667,-0.07345022896721591,1.968541387829385,2.054004772196093,0.33174889241145,-8.021600392052978,11.203988447065832,26.34204439563824,1.2849202535566335,0.16242557137696592,0.15863532531508417,3.6682120996662597,-1.9202869574176233,-1.4450677076922815
0.7137086391448975,-0.10709364430328516,0.4361643094106927,-0.07347856345287312,1.9685214891787604,2.054019134480458,0.33170067847977464,-8.195955349387612,11.100623246097625,26.792864970327184,1.2518081002721684,0.15455633740374086,0.14467311921299747,3.6681243616291503,-1.9202712217914026,-1.4451316038714808
0.7157576084136963,-0.10707405631597645,0.436162508804248,-0.07348493664238252,1.9684997772272075,2.0540252684008924,0.3317183872820193,-8.106172577757832,10.843957414156373,27.601898696058708,1.2045789151470094,0.15234755657881618,0.127531133949025,3.6680680948444824,-1.9202902952777308,-1.4451797644244593
0.7178058624267578,-0.1070776378035407,0.4361696534200696,-0.07349064414462939,1.9685176869901422,2.054075255846565,0.3317160328568786,-8.945925156934154,10.463278503509224,27.81560785688026,1.1684639340110508,0.15103349128940888,0.11784738473861073,3.6679999071308593,-1.9202593008624476,-1.4452160040484827
0.7198765277862549,-0.10706612627502408,0.436176201730477,-0.07350966556194183,1.9685786444671307,2.054086116316677,0.33164208210559165,-9.271140628566737,10.415129885568245,27.74448433718117,1.1509154196981464,0.18027314878362005,0.1092795217617557,3.667935534114502,-1.9201954046832483,-1.4452598730670374
0.7219443321228027,-0.10707192352025953,0.43617510016291855,-0.0735173023185263,1.968589216723759,2.054115904515559,0.33167456266573053,-9.64425248861901,10.406310891490325,27.710323900417908,1.1300637672094,0.19777662159060583,0.10052281965083226,3.667855425471924,-1.920192066823141,-1.4452646414386194
0.7240102291107178,-0.107060450758698,0.4361690287250117,-0.07352911891958522,1.9686011695837902,2.0541501660256745,0.3316349828044512,-9.926193578410045,10.183743523160743,27.56919845637032,1.118884878513127,0.19361028853425455,0.09904765504015772,3.6677800852009277,-1.9201558271991175,-1.445324722920553
0.7260875701904297,-0.10703989042267589,0.4361967154517118,-0.07352584466041186,1.9686312804628723,2.0541840941786544,0.3316680150684651,-9.861757256036507,9.839552587671328,27.73272575590026,1.1178410658966549,0.21188732332178378,0.09403510196033787,3.667703791255615,-1.9201472441302698,-1.4453991095172327
0.7281770706176758,-0.10702271219756924,0.43619470655455395,-0.07353570870297738,1.9686987892625165,2.054159847278395,0.33163730465232233,-10.351267489019914,9.775759706557473,27.840766986287008,1.1145408404774892,0.23295886345225958,0.08816090942590171,3.66764418661084,-1.9201162497149866,-1.4454124609576624
0.7302589416503906,-0.10701529673627584,0.4361824962161346,-0.07355424178682257,1.9686431175847803,2.054192487151721,0.33158146850311,-10.679678257073265,10.185391607321334,27.800084328967497,1.105786646144567,0.2431908159845553,0.0886346689740839,3.667616053218506,-1.920102898274557,-1.445472542439596
0.7323107719421387,-0.10701978734470943,0.4361840880666197,-0.07355404593138125,1.968638334338809,2.054253735947979,0.3315939955024662,-10.550495860588644,9.809979549563655,28.13822320847036,1.0958967162373954,0.24011681915206626,0.08216183816829337,3.6675521570393066,-1.9200838247882288,-1.445514980946676
0.7343521118164062,-0.1070023749468706,0.43618003213309076,-0.07357532397607817,1.9686403433263469,2.0542429856521323,0.3315855733774931,-10.5459336520898,9.679719551130193,28.39360969261926,1.0881472354087276,0.2272624166751124,0.0853846956210973,3.667475863093994,-1.9200871626483362,-1.4455445448504847
0.7364089488983154,-0.10697464967974704,0.4362222337116863,-0.07355949676632353,1.9687397416976098,2.0542163785047536,0.33166203565355695,-10.157010580734749,9.633758368274542,28.70348657580996,1.0768817056524709,0.22769979774699944,0.07852098417398745,3.6674200731464843,-1.9200947920428675,-1.4455683867083948
0.7384674549102783,-0.10697264111009508,0.43618112984297025,-0.0735814444423876,1.968617697399276,2.054269323056688,0.3316159283249304,-10.225298303150463,9.596778096200323,28.946642022714972,1.0631840546772473,0.22724984413422517,0.07218112031245155,3.6673757272907714,-1.9201057592975062,-1.4456318060504358
0.7405097484588623,-0.10697273300026067,0.43620474532197234,-0.07358023987170882,1.9687074295463671,2.0543164415723982,0.33156097969865705,-10.185057845581644,9.449799100548299,29.411404311311074,1.0517389031451179,0.2306579119598137,0.06928469337317794,3.6673313814350585,-1.9200199286090296,-1.4456794897662562
0.7425510883331299,-0.10696004715189844,0.4362185204132708,-0.07357622785002993,1.9687412071829244,2.0543182843505385,0.331624978485796,-10.401256781333947,9.207062482326844,29.53688315598848,1.0343162453953054,0.22282666452804334,0.06384534122718455,3.6672603326984863,-1.9200361410724085,-1.4456966559039515
0.7445967197418213,-0.10692701561875229,0.436212387678945,-0.07359582559403029,1.9687949802159395,2.0543047751703334,0.33159053615377077,-10.210643768929575,8.901992190831974,29.990050099227325,1.003058923967233,0.22358015586123464,0.051914140498340144,3.6671439844318847,-1.9200080076800745,-1.4457562605487269
0.74664306640625,-0.10690795593981167,0.43622827162941724,-0.0735932531489185,1.9688202440209175,2.054324450027687,0.3316231990230621,-10.382649724298727,9.252270213293713,30.05083003380453,0.9863671897538828,0.21646869460769672,0.04404099618354829,3.6670729356953125,-1.920007054005758,-1.4458115736590784
0.7487454414367676,-0.10691194849648897,0.4362231160207973,-0.07359300474084796,1.9688155907123077,2.0543456296956997,0.3315805113560639,-10.188512974586923,9.194971931409363,30.20145491207389,0.975958296066217,0.22789612591400438,0.03443634430142206,3.6670877176472167,-1.9199793974505823,-1.4458287397967737
0.7508218288421631,-0.10689016138454452,0.43620156266891297,-0.07361283680361448,1.968744419370192,2.0543478774714616,0.33152855636524586,-10.561434718567916,8.76014758135786,30.304932006242264,0.9712903355812589,0.22632437707692277,0.038245189060057916,3.66706292211499,-1.919990364705221,-1.445892635975973
0.7528738975524902,-0.10687805615100078,0.4362129290815485,-0.07361129761296188,1.9687832683720854,2.0543743808083157,0.3315178997263793,-10.570918534051952,9.169867461745,30.395115796566525,0.9573034284970964,0.23340964559545033,0.03520652174724642,3.667010946864746,-1.9199588934527796,-1.4459436575519007
0.7549126148223877,-0.10687368642835633,0.4361806579113202,-0.07362806117012978,1.968750850915969,2.05438442591615,0.33146060995688115,-10.851598976579515,9.01159208505041,30.366131716470463,0.954419663046955,0.2310118649653658,0.029503242670248675,3.666975184077881,-1.9199431578265589,-1.4459674994098108
0.7569758892059326,-0.10685861634991925,0.4362160136405009,-0.07361969173373384,1.9688219741034734,2.054418723503801,0.3315133836130742,-10.729515080154762,8.8402739322228,30.690657636961667,0.9536489048386999,0.23671916125283401,0.026478062324673146,3.666884108180664,-1.9199240843402308,-1.4460228125201624
0.7590234279632568,-0.10684682637734391,0.4362111979124203,-0.07363517681447453,1.9689048367415607,2.0543876772089766,0.33141531808720176,-10.876697468303009,9.126520708103381,30.7250915253578,0.9391709682479517,0.23846863594122109,0.022241076161043816,3.666863127345703,-1.9198568503009241,-1.4460285345660608
0.7610714435577393,-0.10683480372569717,0.43624378715549617,-0.07361974705244027,1.968852996415998,2.054445791964121,0.3315212088311512,-10.962578535470707,9.103466720157593,30.729283463615147,0.9351658524165947,0.24530047706029715,0.02162263000820097,3.666820212001465,-1.9199069182025355,-1.4461033979998987
0.7631194591522217,-0.106817662632132,0.4362348373929089,-0.07361939998481938,1.968856394607546,2.054441553458012,0.3314967923987886,-11.327995159608976,8.69634198516921,30.919528195872733,0.9402062533893115,0.2442780406980372,0.01828916851868534,3.6668030458637695,-1.919898811970846,-1.4461396376239222
0.7651658058166504,-0.10682079009116457,0.4362342577255095,-0.07363704985395732,1.968883356102538,2.0544541610734433,0.3314755382459284,-11.303352978891766,8.751244632544752,31.21455279703909,0.9288997759371042,0.2559917984348611,0.01846973461283208,3.6667401033588867,-1.9198711554156702,-1.446143929158346
0.7672107219696045,-0.10679949502633043,0.43621190096374013,-0.07364530588528893,1.9688764776190923,2.0544246824926358,0.33145017513110786,-11.499985429910481,8.767923341680287,31.367603594073337,0.9173005866870183,0.2528548182937418,0.016419575252310137,3.6667114931293945,-1.9198787848102015,-1.4461644331561487
0.7692549228668213,-0.10680357732577092,0.43621759623411827,-0.07364211004585133,1.9689048696603701,2.05446057062746,0.3314518593482147,-11.58395446946927,8.570457239853813,31.53577418288831,0.9156018837641777,0.2509734302674605,0.019915209481785823,3.6666714388081054,-1.9198506514178675,-1.4461844603167933
0.7712986469268799,-0.10677693483917824,0.4362374119911998,-0.07363622693270339,1.9689167701324097,2.0544721985649015,0.33147148642875657,-11.559176238380957,8.563398393176763,31.747870368070515,0.9071513210919739,0.2521023369495452,0.014415226658822555,3.6666318613239746,-1.919854466115133,-1.4462555090533655
0.7733428478240967,-0.10677518627026078,0.43622906959903274,-0.07364449711131488,1.968923964616352,2.0544969750560287,0.33140006381434517,-11.625922315795584,8.655089136765387,31.842620753958865,0.9020018100049956,0.24702839880923236,0.011207871722318463,3.666618986720703,-1.9198077360736292,-1.446291748677389
0.7754015922546387,-0.1067549582629575,0.43622437513970225,-0.07365321206674261,1.968897837416038,2.0544981608930932,0.3314087274744976,-11.792627635189968,8.538997042012044,32.07580502314219,0.8982489224657447,0.24798769907487248,0.013976502338936658,3.666567488307617,-1.9198268095599573,-1.4463384787188929
0.777446985244751,-0.10675145248400567,0.43622082709068183,-0.07364880791742857,1.968946130007928,2.0545095404075475,0.33141374539867646,-11.764234963586262,8.611038326822454,32.449064506307195,0.895105009197287,0.259069343821961,0.0050109002517992884,3.666515513057373,-1.9198029677020472,-1.4463475386248987
0.7794928550720215,-0.10673709675959618,0.43623685484951313,-0.07364828020204252,1.9689341660994013,2.0545198766700508,0.33139527181578377,-12.020037453566877,8.23831014472801,32.68044719098284,0.89384651225692,0.2669351260006397,0.005609733710309539,3.6665264803120117,-1.9197981993304651,-1.4463995138751429
0.7815356254577637,-0.106730114187175,0.436245909459183,-0.07364407955997712,1.9689938442330603,2.0545595641524743,0.33141926288578044,-12.078017920597748,8.239525210075364,32.872562033666796,0.8799684763913181,0.2682915015126121,0.002239066220200314,3.6664292055317382,-1.9197667280780237,-1.4464400450335901
0.7835757732391357,-0.10672111745451582,0.43623707081356433,-0.07366029767568287,1.9689137711238924,2.054573388511548,0.33138531176301317,-12.125559799696095,8.272312620765103,32.790683661322895,0.8738464652275686,0.2705717849950647,-0.00456279774449958,3.6664315897175292,-1.9197829405414026,-1.4464872519122522
0.7856156826019287,-0.10672159341273615,0.43624294226492827,-0.07365187931747662,1.9690018622194492,2.0545773127502764,0.3313393312751408,-12.079620717582221,8.379038258553685,33.044019618854,0.8648021390478526,0.27420901493528066,-0.0015982151276028866,3.6664272981831054,-1.9197199980365198,-1.4464886824237269
0.7876577377319336,-0.10670479254015651,0.43622505166128217,-0.07365965970882693,1.9689730873302307,2.0545689942379695,0.3313385012446375,-12.16150724974311,8.248283739961751,32.98909485158923,0.8630966030387146,0.2704797610998941,-0.003291831483974994,3.6663872438618164,-1.919739071522848,-1.446517292653219
0.7897017002105713,-0.10670078328887903,0.4362479401016439,-0.07365552612792947,1.9689972565800542,2.05460650629907,0.33133593807709427,-12.254681462198416,8.159427471709488,33.04867287885309,0.8544348383786,0.2778134179573172,-0.006454580362141693,3.666363402003906,-1.9197118918048304,-1.446564022694723
0.7917459011077881,-0.10667964151649505,0.4362308988128027,-0.0736719390747833,1.9690142445321386,2.054578904938377,0.331249796943083,-12.49543229696864,8.145701164823826,33.102703832994266,0.8472192757104009,0.28179298996421126,-0.007760082087740261,3.666346712703369,-1.9196799437152308,-1.4465964476214808
0.7937898635864258,-0.1066766799074095,0.4362430925625841,-0.07366504511080946,1.9690503237290324,2.0546047398430587,0.33125610184074344,-12.620196536827928,8.242812745563363,33.154286023014436,0.8413157901635666,0.28935415594544295,-0.01457855723279694,3.6663152414509277,-1.9196561018573206,-1.4466236273394983
0.7958338260650635,-0.10665435775106832,0.4362468665235471,-0.07366557308596655,1.9689990910876383,2.0545945893939455,0.33133896783468236,-12.506872848512597,8.346455013624624,33.40449207353993,0.8310657841997902,0.29001047107389066,-0.025117042226614372,3.666267080897949,-1.9197261969195765,-1.4466565291034144
0.7978775501251221,-0.10665746189845698,0.4362429371795086,-0.07366691410780077,1.969028965853513,2.0546289493941052,0.3312922492935198,-12.795103405544312,7.7537492316752195,33.764868215970445,0.8282482229326892,0.29362560476432686,-0.019996333052119064,3.6662394243427734,-1.919675652180807,-1.446683708821432
0.7999229431152344,-0.10664272167105085,0.4362511077615545,-0.07366731151819492,1.9690167203686884,2.0546441216679328,0.3312698638301149,-12.950320169029888,7.91403101690223,34.205290661687734,0.817525130711889,0.3004476676740334,-0.02166164366146417,3.6662351328083496,-1.9196670691119593,-1.4467390219317835
0.8020143508911133,-0.1066205950837194,0.4362512184389589,-0.07367083701498725,1.9690683821858854,2.0546163281651575,0.3312937359915192,-13.19064169100461,7.441344256075123,34.40229217203091,0.8174997208474629,0.3008402010214367,-0.020995174815002127,3.66616074621167,-1.919670883809225,-1.4467523733722132
0.804074764251709,-0.10662089316717374,0.4362692839834424,-0.07365986611535043,1.969110758682178,2.0546558625019733,0.3312862195136535,-13.097879427255371,7.812416120751803,34.93410792238583,0.7992456586748,0.30786000910027783,-0.02488037199536569,3.666144533748291,-1.919631306325094,-1.4467881361590784
0.8061206340789795,-0.10658856230100487,0.43625312052251736,-0.07367856592754633,1.9690823653895946,2.0546102529462424,0.33126006162620075,-13.49774115244028,7.7373687822026085,35.017308017851924,0.7929025472939816,0.3034983385750913,-0.031016834781307512,3.666111631984375,-1.9196575323687952,-1.4468243757831019
0.8081648349761963,-0.10659708837846968,0.4362398939421656,-0.07367862015399188,1.969040189155974,2.0546725909664385,0.33117177389586194,-13.480191901318745,7.744557471057823,35.00541546763431,0.7919405987934146,0.31441492920701314,-0.032192598596711225,3.666142626399658,-1.9196069876300257,-1.4468792120562952
0.8102085590362549,-0.10658730775674848,0.43625196937139443,-0.07368753260696728,1.9690821331646624,2.0546688106698836,0.33121256894750634,-13.780863308044472,7.933528414221614,35.035173510331944,0.7842278179369139,0.3155901917864122,-0.034536405028884,3.6660563188740234,-1.9196108023272913,-1.4468877951251429
0.8122646808624268,-0.10658615430818183,0.436251163493252,-0.07368670563681423,1.9690944395950596,2.0547036701619317,0.33117119487009083,-13.795710795462426,7.7812584269830545,34.97228825607781,0.7887024178563045,0.3171265869835113,-0.034960182310186466,3.6660405832478027,-1.9195712248431605,-1.4469273726092737
0.8143045902252197,-0.10657029970199543,0.4362514140293341,-0.073694254917035,1.9690758472716337,2.054687655651502,0.3311892785058533,-13.632887162359058,7.824804721807016,35.0183583696716,0.7867920899559562,0.32373009825620247,-0.03223767821432044,3.6660114961811523,-1.9195979277240198,-1.4469478766070765
0.8163447380065918,-0.10655373510801916,0.4362496063383755,-0.07368105634412327,1.9691193374861673,2.0546860673586425,0.33113803215357973,-13.561975826951793,7.870885206449454,35.0115452050743,0.7921196564028551,0.32699035284832234,-0.03643021898188065,3.666027708644531,-1.9195578734027308,-1.4469874540912073
0.8183858394622803,-0.10654362624909874,0.43625964118789184,-0.07368872854886936,1.9691163135038523,2.05468007598051,0.3311433892434034,-13.667128764624604,7.724788833683589,34.93965188270586,0.801302733963281,0.3257026087998204,-0.03464137785321936,3.6660072046467285,-1.9195664564715784,-1.4470074812518519
0.8204259872436523,-0.10653535039320125,0.43623529027053165,-0.07369346622006544,1.969102643579624,2.054717622834046,0.3310514310796647,-13.743459723231144,7.601530111470236,34.84102582861477,0.8035213823795896,0.32386438497673464,-0.027245171205953544,3.6659914690205078,-1.9195149580584925,-1.447071377431051
0.8224656581878662,-0.10654216511086227,0.43625573334409956,-0.07369461507050287,1.9690803930970175,2.0547614438668633,0.33108045250035106,-13.659856527824253,7.818735547515711,34.926048896495644,0.8003570281565818,0.3253994901816078,-0.028626508397473993,3.6659714418598632,-1.919518772755758,-1.4470985571490687
0.8245058059692383,-0.1065376612725844,0.43623136304380566,-0.07370569740506122,1.9691030292378997,2.0547566489997027,0.3310278464323257,-13.857833339182353,8.015911577993764,34.956483692369915,0.8008901084734367,0.329984855621385,-0.0330205319331669,3.665931387538574,-1.9194868246661585,-1.4471038023578089
0.8265445232391357,-0.10652494587557737,0.4362249604006303,-0.0737129087703323,1.9691288293728806,2.054750075228504,0.3309750563217052,-13.865444200567957,7.828270643326021,35.19537323793846,0.8067367710960399,0.33847753456287644,-0.028880127862319804,3.6659113603779296,-1.9194558302508753,-1.4471314589129847
0.8285844326019287,-0.10650715973912817,0.436265257177404,-0.0736967341615915,1.9691537388717997,2.05476139619161,0.33106881367335195,-13.913657713030384,7.800282957024302,35.363506590145136,0.8052906684722044,0.3404202025756984,-0.029931830541645332,3.665872736568115,-1.9194868246661585,-1.4471724669085901
0.8306236267089844,-0.10649796576752751,0.43624201651409433,-0.0737062174921847,1.9691503711519338,2.054796957615247,0.3309587519810108,-13.967386966071057,8.207491593122823,35.458646456019345,0.8229908807676571,0.34805946053907905,-0.028168032090041095,3.6658522325703125,-1.9194234053241175,-1.4472392241107386
0.832665205001831,-0.1064737395494163,0.4362317944746433,-0.0737055471227939,1.9692025489736247,2.0546923121442604,0.3309446132288308,-13.935936007027678,8.276833473042268,35.25742321254459,0.8279688378822735,0.3435063110347344,-0.01879191049001322,3.6658875185200195,-1.9194424788104456,-1.4471939245807093
0.8347108364105225,-0.10647833518858045,0.43622642574660736,-0.0737100123200576,1.9691214297922808,2.054786462295332,0.33090339768434646,-13.704269033153864,7.709524092118808,35.13881191582906,0.8247823334088472,0.3401782683430139,-0.018208151778418002,3.665867491359375,-1.9194186369525355,-1.4472840468036097
0.8367557525634766,-0.10647484650002195,0.4362552568867624,-0.0736950932966025,1.9691799790547542,2.0548210866447403,0.3308900144415947,-13.969009755835966,8.41652025081354,34.634179853502644,0.8275997526600053,0.3559967308120362,-0.019737336501482128,3.665867491359375,-1.9193719069110315,-1.4473264853106897
0.8388156890869141,-0.10646241926460519,0.4362364301221746,-0.07369524319686861,1.9691117620388279,2.0548174807258888,0.330865497433873,-13.99951886492217,8.541026373462357,34.231317717508134,0.84896907171589,0.3593946474884974,-0.015757568427623603,3.6658989626118164,-1.9193947950946253,-1.4473593870746058
0.8408608436584473,-0.10645786098902835,0.4362418055633117,-0.07367991563041272,1.9691501366873547,2.054825464698436,0.33087501656249874,-13.705406020157266,8.551480384309757,34.343627302323426,0.8460214322247257,0.3541133886705386,-0.01675059978445259,3.6658951479145507,-1.9193790594684046,-1.4473713080035608
0.8429057598114014,-0.10644392711795297,0.43626691989126104,-0.07365353255763131,1.9692591387647629,2.054800998599491,0.3309264579828738,-13.758695416572198,8.13494303522456,34.12994840171708,0.8633506263396503,0.3543603929924153,-0.013025184903811604,3.6658798891254882,-1.9193666617022913,-1.4473641554461878
0.8449721336364746,-0.10644050294324817,0.43624350045467913,-0.0736722337354273,1.969192781993605,2.0548006370807657,0.33085106488024285,-13.87002048812674,8.768203251063326,33.460993690996936,0.8712296277927379,0.3583411384235291,-0.004046280079013531,3.6659037309833984,-1.9193623701678675,-1.447387997304098
0.8470206260681152,-0.10642155225076239,0.436255147395523,-0.07366105020542935,1.9692295065659577,2.05479161802588,0.33083723564978607,-13.607238010399614,8.771171371175493,33.526896533094074,0.8772719432504952,0.3688929715666265,-0.007761778749562187,3.6659113603779296,-1.9193466345416468,-1.4474242369281214
0.8490657806396484,-0.10641088438534095,0.4362358778799357,-0.07366140679174744,1.9692215907822241,2.054765635657546,0.33077633538782636,-13.533079901331599,8.73471585871814,33.55325768633159,0.8905371685370196,0.3694723923645252,0.001049410420676189,3.6659514146992187,-1.9193347136126917,-1.4474323431598108
0.8511111736297607,-0.1064157093273584,0.436232430412153,-0.07366048453369048,1.9692269635103228,2.054817129727484,0.3306629035745666,-13.927804398519973,9.389443020252164,32.90598261160987,0.9072590800720586,0.36406635482268895,0.0008322190165191978,3.6659867006489257,-1.9192565123187464,-1.4474876562701624
0.8531532287597656,-0.10639296702486672,0.4362600754829895,-0.07363459447994081,1.9692422773123652,2.054796182681711,0.3307400671931693,-13.614233836346001,9.147791516554008,32.77679779214313,0.9303769396460937,0.3687307195330597,0.009096835258260438,3.6660072046467285,-1.9192984739886683,-1.4475119749652308
0.8552417755126953,-0.10639188037459663,0.4362455473155235,-0.07362445691623112,1.969238033521114,2.0548021744615963,0.33070096810774524,-13.428917607799688,9.410291364057466,32.51891465026174,0.942336511968881,0.37012801730833017,0.009906100875395951,3.6660429674335937,-1.9192794005023401,-1.4475234190570276
0.8572878837585449,-0.1063762765447092,0.43625685398391817,-0.07360695477795945,1.9692373311606917,2.0548150659922184,0.33071166815681013,-13.436017147133185,9.671752675736716,32.20275189261856,0.956893033647185,0.37064005580744674,0.01586113621248647,3.6660587030598144,-1.9192817846881312,-1.4475715796100062
0.859332799911499,-0.1063806753214093,0.43624034300071085,-0.07361200208387172,1.9692503415660974,2.0548075692667203,0.33062908940814434,-13.348800020436755,9.585605564534745,31.937264290143865,0.9767388060929916,0.3804148860976341,0.02781786549044163,3.6660944658466796,-1.9192398230182093,-1.447564427052633
0.8613767623901367,-0.1063662640614023,0.43621631113973713,-0.07360108550685629,1.9691651801184085,2.054830159782925,0.3306358602278377,-13.38142398365839,9.884407114708589,31.529424361406633,1.0002751598139723,0.38782345672462454,0.03416897421647752,3.6661063867756347,-1.9192736784564417,-1.4476192633258265
0.8634157180786133,-0.10636158886353758,0.43621543757798376,-0.0736010849623703,1.9691782199410521,2.054796765940945,0.33054805634569473,-13.238640838503109,9.954960700390192,31.054535093716833,1.027180050923846,0.391998957307259,0.04081514833933203,3.666194124812744,-1.9192422072040003,-1.447615925465719
0.8654556274414062,-0.10635150109483618,0.43622509295499057,-0.07358213892287108,1.969223741393816,2.0548085990013667,0.33055774158523515,-13.12907526512354,10.338710898533305,30.718033791389335,1.03967947443494,0.39024649828319435,0.04398007460415837,3.666186972255371,-1.919222656880514,-1.447644058858053
0.8674945831298828,-0.10635213913324415,0.43623631679718916,-0.07356453821462987,1.9692886084398924,2.0548106450891446,0.33051244105753896,-13.11114245499406,10.669902768009015,30.23902434591452,1.0611870703379014,0.392632477735951,0.054992802152496245,3.6662351328083496,-1.919171158467428,-1.4476483503924769
0.8695335388183594,-0.10634622208102573,0.43621053684377004,-0.07356626031246565,1.9692189460702405,2.05481650229893,0.3304722938543083,-13.266889833783381,11.132918074540953,29.68394806494439,1.0849931912889932,0.39273666832063825,0.06240096197472955,3.666267080897949,-1.9191821257220667,-1.4476760069476526
0.8715736865997314,-0.10633459532665968,0.4362408929569051,-0.07353990137615524,1.9692513358380153,2.0548182529962387,0.33051946409727945,-13.014565219217515,11.092017551999254,29.484036178630994,1.115950963318047,0.4030712024917039,0.06688614616480082,3.6662961679645996,-1.9191907087909144,-1.4476998488055628
0.873615026473999,-0.10633733771906856,0.43620540952611186,-0.07354922440175503,1.96920176878365,2.0548586833463993,0.3303494194340324,-12.754298894227682,11.54536139461477,28.95148946985209,1.1354615109229886,0.4093115477280054,0.07832679861542197,3.666358156795166,-1.9191158453570765,-1.4477584997760218
0.8756587505340576,-0.10632314019555168,0.4362089595356642,-0.07352931677138093,1.9692519038975305,2.0548154728859487,0.33032667457720566,-12.779126436482201,11.56421808653723,28.710789710999165,1.1643558397869098,0.4030354038637238,0.08662167434422241,3.666422052974365,-1.9191034475909632,-1.4477513472186487
0.8777132034301758,-0.10629435958094607,0.4362196488063268,-0.07350944987712034,1.9692566780543683,2.0547597533481694,0.33037682249857997,-12.489506484190125,11.854994966855102,28.267459466066057,1.1888356339597679,0.4036032034127365,0.0964690649247576,3.6664621072956542,-1.9191535154925745,-1.4477599302874964
0.879767656326294,-0.10630076589922019,0.436198950199021,-0.07350554672557155,1.9692429175061825,2.054817231683188,0.33029275426758026,-12.495876450029293,11.771257400187238,27.640777128564075,1.2253766215337294,0.40403726906112514,0.10593646344585361,3.66647116720166,-1.9190943876849573,-1.447808090840475
0.8818063735961914,-0.10629606047743916,0.4362018102703312,-0.07349059743992249,1.9692277049516471,2.054830097018645,0.3302629438225094,-12.279308170861588,12.484310122087503,27.225134091998896,1.253420138601289,0.4129349640356091,0.11113416763175937,3.6665302950092773,-1.9190824667560022,-1.447839085255758
0.8838455677032471,-0.10629176219756353,0.43618935486625604,-0.07348999552515001,1.9692355050161394,2.054797375573553,0.330213339297966,-12.00426463093726,12.541726490844312,26.647950437717746,1.284824038541085,0.41460103763528483,0.12486259669097083,3.666578455562256,-1.9190705458270472,-1.447824780141012
0.8858845233917236,-0.1062819584295532,0.4362006837658957,-0.07347209869451038,1.9692263818302251,2.054837746801677,0.3301973664837811,-11.70594587602383,12.833575995704162,26.213323205961146,1.3146365395779267,0.4201507081480561,0.13768267710426857,3.666602297420166,-1.919051472340719,-1.447890583668844
0.8879246711730957,-0.10625194734696995,0.4361877899289952,-0.07345461802916503,1.969269632770503,2.0547759964207843,0.3301532714658831,-11.715909350531275,12.960834253340025,25.757514483044606,1.342120786078912,0.417733776365594,0.15078562709702853,3.6666552263447265,-1.9190428892718714,-1.4479025045977991
0.8899645805358887,-0.10624119890328337,0.43618625921531784,-0.07344912787251803,1.969272847557022,2.054743428610203,0.3301192559131409,-11.573971572898577,13.316256492647282,25.320309439606618,1.3709540658761115,0.4257217616843345,0.1575604821824425,3.6667114931293945,-1.9190414587603968,-1.4479039351092737
0.8920047283172607,-0.1062484090589628,0.4361753864338152,-0.07344133023645882,1.969270291440333,2.054802352824815,0.3299910776692828,-11.239759636122962,13.76525850532601,24.877997132643408,1.3939835130919622,0.4364720731443584,0.16939471620846236,3.6667701440998535,-1.9189561049090784,-1.4479621092425745
0.8940455913543701,-0.10622937306183236,0.43618579930243806,-0.07341625933353653,1.9692280691581723,2.0547971740781414,0.33004535206429186,-11.169699841042089,13.599300921450832,24.372110376466757,1.4336844721734645,0.43424396992141157,0.17285746886598002,3.666817827815674,-1.9190056959735315,-1.4479988257037562
0.8961155414581299,-0.10622877241821177,0.4361880238423733,-0.07340067406942513,1.9692966769608171,2.054792702056497,0.3300251320197997,-11.016919384576664,14.033103638940828,23.929380190575802,1.4500163301893256,0.4310716199753256,0.1861110005537382,3.6668311792561035,-1.918967072163717,-1.447991673146383
0.898155689239502,-0.10620981531901694,0.43618866060162703,-0.07339323670236808,1.969349512359692,2.0547529465585628,0.32994736111418227,-10.762199112291961,14.217216250011353,23.517277798711685,1.478434890793294,0.43322544341714964,0.19141846452904787,3.666886492366455,-1.9189274946795862,-1.448007885609762
0.900195837020874,-0.10621091006752847,0.4361721954419967,-0.07338293835609806,1.9692446350509738,2.0547892087005564,0.32993999044275585,-10.795163003795107,14.549711147294554,22.974851684869616,1.5042060162899709,0.43018587622852006,0.20518797309619047,3.666943235988281,-1.918955151234762,-1.448047939931051
0.9022371768951416,-0.10619227535276668,0.4361496323382194,-0.07338492488902942,1.9692807348875392,2.0547338369735737,0.3298206944404959,-10.483719046638125,14.650334466244573,22.495109759842535,1.52949647865027,0.4300571210126502,0.207285002857714,3.667006178493164,-1.918910328541891,-1.448052708302633
0.9042820930480957,-0.10617599184374812,0.4361628619665325,-0.07336119158506282,1.9692717492864125,2.0547414762590437,0.3298297007502824,-10.353199021709376,14.564215708432044,22.25141119322166,1.5578784827930268,0.4348594999199782,0.22284973983849343,3.6670543390461425,-1.9189179579364222,-1.4480999151812952
0.9063277244567871,-0.10617298103747064,0.4361643331961062,-0.07333483570690055,1.9692873779090503,2.054754962519084,0.32981524270067913,-10.049839279169555,14.927918429140535,21.791169790511404,1.5806097465454902,0.43696810514683776,0.2321386956214898,3.667109652156494,-1.9188984076129358,-1.4481199423419397
0.9084179401397705,-0.10616981085666077,0.4361495026356511,-0.07333921826950078,1.9693100498599119,2.054733143461143,0.32973195012419865,-10.228880679765593,15.136168184647026,21.38791886242044,1.5971723488007528,0.4347914595250104,0.2443601097235426,3.6671458917805175,-1.9188593069659632,-1.4481166044818323
0.9104626178741455,-0.10614360182038061,0.4361611423898763,-0.07331268054889983,1.9692903663440346,2.0547563465309913,0.3297659260004904,-9.96137065816801,15.415265742964525,20.879964087125984,1.6239999112382022,0.4417538462130869,0.25165183906815697,3.6671549516865234,-1.9188783804522913,-1.448195759450094
0.9125077724456787,-0.10614681570723714,0.4361558746420473,-0.07329213189158157,1.9693032684357255,2.0547856361865233,0.3297227308884861,-9.609727187676679,15.538881896829174,20.242126143702656,1.6571712742572113,0.44334185435509155,0.25672368628999853,3.667203112239502,-1.9188388029681605,-1.4482196013080042
0.9145529270172119,-0.10610258995379088,0.4361447903494945,-0.07327779327969235,1.9692932806163492,2.054734322008904,0.3296307274052163,-9.1839285573259,15.719303509111104,19.6088125720715,1.7089222084135605,0.4410305587828325,0.27821847281166795,3.6672941881367187,-1.9188302198993128,-1.4482901732074183
0.9165976047515869,-0.10610772411867009,0.4361603123719282,-0.07325346682303564,1.9693518688463303,2.0547318630000233,0.32966232486697017,-9.07720524463685,16.132060899676926,19.120697810844,1.7361788050125424,0.4509018511426815,0.2818601766194275,3.667322798366211,-1.9188182989703577,-1.4482672850238245
0.9186427593231201,-0.10609773904521691,0.4361479551253073,-0.07324331145541695,1.9693467731677743,2.0547546051454364,0.32957476904789546,-9.084470931358782,16.244424183266165,18.46672631772036,1.771646885659004,0.453898128987117,0.294147834035681,3.667367621059082,-1.9187715689288538,-1.4483240286456507
0.9206867218017578,-0.10608297921645321,0.43612826360802454,-0.07323552959749167,1.9692957468301278,2.054732333597509,0.3295079689658628,-8.783329275395898,16.316862376577227,18.02769447697053,1.7978770847483925,0.4552714039787401,0.3062099596235549,3.667457266444824,-1.9187753836261194,-1.4483516852008265
0.9227316379547119,-0.1060673957464109,0.43611081352086556,-0.07322793782205823,1.9693252239745753,2.0547004773170525,0.3294732282174479,-8.610185631774776,16.72224302561596,17.723949252123486,1.8106663566241121,0.4477757058408271,0.3115818794643362,3.667470617885254,-1.9187620321856897,-1.4483559767352503
0.9247756004333496,-0.10606932118886209,0.43613409700272965,-0.07320454409332039,1.9693701312671708,2.0547536393846757,0.3294737040698472,-8.716012991841394,16.954886583157162,17.32439132140029,1.8374210502863855,0.4533582438219865,0.3209416437083269,3.667475386256836,-1.9187186400042933,-1.448399845753805
0.9268298149108887,-0.10605726154852435,0.4361225731907832,-0.07319097911448164,1.9693233280082514,2.054750241136975,0.3294295255886194,-8.542463240978643,16.89454391878973,16.79684158673554,1.8667117537370583,0.45861112583098423,0.33310025246109864,3.6675540643879394,-1.9187224547015589,-1.4484356085406702
0.9288835525512695,-0.1060469955869908,0.4361149651987541,-0.07318299227761707,1.9693064226324286,2.0547410845687524,0.32938270697527156,-8.368469693422096,17.321788154092957,16.482796921144757,1.8876822443671673,0.468884425838669,0.3307623511198086,3.6676103311726074,-1.9187138716327112,-1.4484599272357386
0.9309234619140625,-0.1060458704385441,0.4361200137621814,-0.07316269741361024,1.9693333325122204,2.054779644050991,0.3293360384354175,-8.32103385872746,17.39762324214112,16.23307428327602,1.9105216328482812,0.47678464760802597,0.3416860997768414,3.6676456171223144,-1.9186633268939417,-1.4485037962542933
0.9329626560211182,-0.10601598380424516,0.4361036354448896,-0.07315526456183086,1.9693582679438406,2.054722674180486,0.3293182926667534,-8.380987385068355,17.533162870875064,15.809851436733178,1.932826558889296,0.47579762179670315,0.3481498653905025,3.667654200191162,-1.918673340474264,-1.4485157171832483
0.9350230693817139,-0.10601754018426257,0.43610727287699563,-0.07314398022766028,1.9693464007453616,2.054778869723548,0.3292858562986901,-8.314991665427502,17.43974679667352,15.652074557973574,1.9573889976965602,0.4783623817635806,0.3576195077132295,3.667666121120117,-1.9186390081988733,-1.4485710302936
0.9370665550231934,-0.1060052448287476,0.43608311484369083,-0.07313447310988502,1.96934144315687,2.054776123008352,0.32919789922859455,-8.106737135439085,17.746879348706695,15.389806747412544,1.9712428902209,0.4858169642161456,0.3624293291296256,3.6677185732075195,-1.918603245412008,-1.4486067930804651
0.939105749130249,-0.10599172022292255,0.43610111213660957,-0.07311872422821082,1.969371308888862,2.0547720593090073,0.3292005218727432,-8.200979836654408,17.849259788434832,14.83550223457594,1.9869090534607725,0.48151668174127155,0.3666906385132829,3.667742891902588,-1.9185951391803187,-1.4486349264727991
0.941145658493042,-0.1059872077006371,0.43607616395039506,-0.07311263076661098,1.969336524884345,2.054790118290108,0.3291118988593742,-7.996972270324122,17.98627231736379,14.559751810443224,2.0069262678318283,0.49306507793988547,0.3705823509456628,3.6677982050129394,-1.9185622374164026,-1.4486754576312464
0.943185567855835,-0.10596389003336533,0.43609067075829405,-0.07309583101562558,1.9693708186909686,2.0547498236914774,0.3291185642708029,-7.961651014105875,18.145554123139704,14.21366172493229,2.0260038526976745,0.49710611516772385,0.37743216809414015,3.6678382593342285,-1.9185712973224085,-1.448691193257467
0.9452245235443115,-0.1059651376247195,0.43609504188736004,-0.07308167903263794,1.9693952971295572,2.054798252189742,0.32908655462207315,-7.907560925535165,18.36476114999551,13.793740932358585,2.034555200387456,0.49362994140212796,0.3838294958298459,3.6678387361713867,-1.9185240904437464,-1.44873553911318
0.9472651481628418,-0.10595470986636425,0.4360842479841196,-0.07306184109470838,1.9694030907400282,2.054800533333185,0.3290913943401638,-7.945571292361056,18.198506717744362,13.671371521008034,2.048802102995552,0.4930082322468335,0.3899026873389619,3.6678511339375,-1.91852313676943,-1.4487555662738245
0.9493088722229004,-0.1059376084994624,0.4360722784574044,-0.07306433134846892,1.969395851264703,2.054762049924562,0.3290237813071638,-7.7263607639420595,18.456258769994555,13.389179309621616,2.0732186868372913,0.5023417800176149,0.394873431556886,3.667902632350586,-1.9185145537005823,-1.448770825062887
0.9513509273529053,-0.10592947082860853,0.43604610751418627,-0.07306079515648062,1.9693486795173314,2.0547886741720762,0.32892234340395726,-7.829675536477968,18.74950103985684,12.90526083853566,2.0880642827030353,0.4990002408322573,0.40086929374773206,3.6679536539265136,-1.9184783140765589,-1.4488309065448206
0.9534003734588623,-0.10591169078910055,0.43605248502634675,-0.07304071646499005,1.9693622769856123,2.0547803438541807,0.32892979478602646,-7.461623401540499,18.422494448985972,12.80603096495549,2.1099448129256637,0.5099504296627527,0.4056833177308993,3.6679817873188476,-1.9184821287738245,-1.448862377797262
0.9554481506347656,-0.10590747955670807,0.4360739067103496,-0.07301087834009971,1.9694148672454594,2.0547955413362975,0.32897657441554407,-7.39725088896513,18.980223016329067,12.461001143698981,2.119840178228889,0.5121321214873499,0.40882995396168237,3.6679913240620117,-1.918474022542135,-1.4488757292376917
0.9574990272521973,-0.10589441988929729,0.4360680049220973,-0.0729923914881079,1.9694300293214557,2.054805390332304,0.32894708072917517,-7.211602040938991,18.92055845136391,12.079767413505232,2.139629232457507,0.5145983929648092,0.41497660099811107,3.668015165919922,-1.9184511343585413,-1.4489157835589808
0.9595475196838379,-0.10589076606676165,0.4360589086523723,-0.07298735030606966,1.9694271753857133,2.0548117178806904,0.32886296832022655,-7.161456878631926,18.67216456509722,11.671889762467766,2.15294002791382,0.5067028933480614,0.4228632261880337,3.668073816890381,-1.9184110800372522,-1.4489439169513147
0.9616196155548096,-0.10587702479853664,0.43608340808800045,-0.07296449241178266,1.9694546775437576,2.0548396526802004,0.32888271642798733,-6.872281726256237,18.733168891979226,11.479853427846617,2.1613010594539293,0.5061332908723176,0.4203136512383559,3.668079062099121,-1.9183982054339808,-1.4489997068988245
0.9636664390563965,-0.10585166577577808,0.4360561810168685,-0.07295394906146849,1.9694275615705008,2.054810971587328,0.32882120193855885,-6.662037222403648,19.18981023945205,10.976640904237893,2.165426501546967,0.5065441203306047,0.4251755876026447,3.6681338983723144,-1.9183982054339808,-1.4490388075457972
0.965714693069458,-0.10585276326740126,0.4360665044277371,-0.07294415544217178,1.9694864377714194,2.054837988110049,0.3287684729524879,-6.526996576520318,19.190015068874953,10.77247095080611,2.170917659234858,0.5072598171491239,0.42525816058199467,3.6681429582783203,-1.918335262929098,-1.4490659872638147
0.9677615165710449,-0.10585395555299885,0.4360876920574124,-0.07291736127272876,1.9695503036534583,2.054877639699252,0.32877283314217737,-6.696999156171292,18.95068442975235,10.284290183101946,2.1800580532492733,0.5007374432211262,0.4271634564138753,3.6681505876728515,-1.918290917073385,-1.4490955511676233
0.9698085784912109,-0.10583017665730629,0.4360660474139027,-0.07290363132892115,1.9694623015449302,2.0548997713818173,0.32876754712252915,-6.74575865256012,19.13153697663211,9.9560837067665,2.181195310700262,0.5037535341170339,0.4293817603284895,3.668170614833496,-1.9183223883258265,-1.449174706135885
0.9718551635742188,-0.10580871454903355,0.4360704531086679,-0.07289142997521697,1.9695150651269147,2.0548552327211325,0.32868431588792785,-6.293185998288321,18.932172439101773,9.911150495456091,2.180292772054645,0.5035760574506524,0.4292217367106591,3.6682497698017578,-1.9182828108416956,-1.4491947332965296
0.9739024639129639,-0.10579673762861838,0.4360732534598759,-0.07286586475578455,1.9695067826548884,2.0548739950885415,0.3287311393266314,-6.148014667233415,18.871691181760518,9.749309512358744,2.178213476157229,0.4935754875392191,0.4270643740483768,3.6682540613361816,-1.9183018843280237,-1.449230972920553
0.9759476184844971,-0.1057953395128927,0.4360829584838353,-0.07285350715645067,1.9695691561659308,2.0548692476518857,0.32871831611403535,-6.018513008733384,19.063141135638883,9.760055515129272,2.174944733167041,0.48764393796481936,0.43239943883391,3.6682659822651367,-1.9182699362384241,-1.4492271582232874
0.9779891967773438,-0.10577701368343667,0.4360670756203118,-0.0728477183578589,1.9695528853682989,2.054879235855201,0.32865604821768357,-5.968216206911543,19.11353296217834,9.377117160703843,2.1766212842109964,0.4820282285824702,0.42776372638450716,3.668283148402832,-1.9182470480548304,-1.4492867628680628
0.9800350666046143,-0.10575843937529214,0.4360602647293076,-0.07282929107112504,1.9695721811824884,2.0548588507317116,0.3286466498241687,-5.73345483106497,18.944268447735258,9.303049103711384,2.1806510753073467,0.47655661553081075,0.4255653191825852,3.6683108049580078,-1.9182456175433558,-1.4493077437030237
0.9820880889892578,-0.10576126612524321,0.4360708176767289,-0.07281652812457838,1.9695641047013532,2.0549115196453402,0.3285954479000968,-5.568146592480296,18.783141078722213,9.203448534413303,2.178934043979965,0.47272159861712637,0.43013376467696535,3.668353720302246,-1.9182022253619593,-1.449362579976217
0.9841499328613281,-0.10573653083156012,0.43607938172786076,-0.07279544082549798,1.9696195907246625,2.054898383524528,0.32861083991732754,-5.591480382110085,18.934846026028612,9.12217835581972,2.1716624493960333,0.45919159091539796,0.42892506649062667,3.6683427530476074,-1.9181941191302698,-1.4493988196002405
0.9861955642700195,-0.10572103541657484,0.43607625559579805,-0.07277648831386742,1.9695978935155392,2.054932282867804,0.3285893503765533,-5.14868808473286,19.087436733962832,8.975453968745153,2.1786041925144346,0.46173493935302057,0.4285948225818649,3.66836325704541,-1.9181817213641565,-1.4494698683368128
0.9882411956787109,-0.1057192023266478,0.43607227735182563,-0.07276255508842336,1.969583940803423,2.0549540753486024,0.32858781238368967,-5.201174037422564,18.896114795566138,8.66255013242427,2.1797313187646816,0.44954925026327464,0.43223618502424455,3.6683823305317382,-1.918177906666891,-1.4494941870318812
0.9902856349945068,-0.10572068487730699,0.43606877098894875,-0.07274610050786456,1.9696301521089357,2.054981420345753,0.32854970061682376,-5.199059585756528,18.639940807937872,8.726844353854906,2.165920763559381,0.43989609075752784,0.42265624917507383,3.668390913600586,-1.9181268850909632,-1.449515167866842
0.9923257827758789,-0.105703422624876,0.4360870431399223,-0.07272388358228775,1.9696669688244464,2.054979484219877,0.32855891481618266,-4.79652246073457,18.776887452375526,8.72480434476143,2.164380999197152,0.43622052813097034,0.42642357679891657,3.668414755458496,-1.9181183020221155,-1.4495514074908655
0.994365930557251,-0.10569826981390706,0.4360956423651926,-0.0726997442534853,1.9697173126759,2.0549910365793087,0.32854759722098925,-4.969951766017825,18.719347707394952,8.41993947679931,2.165972556605742,0.42757440791764767,0.42640291990248297,3.668442412013672,-1.9180858770953577,-1.44957143465151
0.996405839920044,-0.10568559279739637,0.43608615514329097,-0.07269090116744795,1.9696784443427537,2.055028990932012,0.3285325162021342,-4.866878478869367,18.403101224462315,8.346618815635013,2.1619563680093843,0.4267692413271476,0.4227409278682546,3.6684347826191406,-1.918082062398092,-1.4496386686908167
0.9984447956085205,-0.1056730874306089,0.4360839844731277,-0.07266967345816036,1.9697066849416027,2.055033600483359,0.32850908128200706,-4.60528420642617,18.862719915364035,8.271426509536278,2.149864589233892,0.43155984232052325,0.4161203881704815,3.6684629160114746,-1.918058220540182,-1.4496710936175745
1.0005104541778564,-0.10565317556892018,0.4360956847189938,-0.07264876092950805,1.9697903350366432,2.0549910857106335,0.3284842868888868,-4.777939985537516,18.420805415003645,8.315285880816432,2.146732896461443,0.42392518705956594,0.42334772859114045,3.668505831355713,-1.9180305639850062,-1.4496758619891565
1.0025606155395508,-0.10563898207858696,0.436067053058261,-0.0726414124880157,1.969689686433589,2.055090949352292,0.3283554463292643,-4.678414030517731,18.42287596936408,7.9223524708067385,2.1403624672406187,0.4211762388838165,0.41372128092689753,3.6685373026081542,-1.9179752508746546,-1.4498260656939905
1.0046074390411377,-0.10562448352227966,0.4361010512517179,-0.07259671511362842,1.9698022298634237,2.0551101023037064,0.32845969146895476,-4.488384007983185,18.345369347155074,7.882411825755279,2.1339251373212846,0.4164345634953485,0.4099957785315206,3.6684915262409667,-1.917966667805807,-1.4498503843890589
1.0066542625427246,-0.10561234398448852,0.4360852167606322,-0.07259218401509099,1.9697531933117296,2.0551191562862483,0.3284060135066357,-4.463629243571703,18.123942299164582,8.031620886224001,2.123426075074428,0.4156764281466683,0.40255943233483765,3.6685349184223632,-1.917961899434225,-1.4498980681048792
1.0087008476257324,-0.10558511183077351,0.43609187950131945,-0.07257138579184044,1.9698079061114169,2.0550964409353836,0.328426306892619,-4.4319723577615555,17.915024814429273,7.867361089887677,2.121139880958499,0.4127497170261687,0.4024613151070511,3.6685239511677246,-1.9179609457599085,-1.4499300161944788
1.0107462406158447,-0.10557987598175184,0.4360875497892054,-0.07256670999954401,1.9697931884070292,2.055125609695157,0.3283355823193881,-4.102932502615641,17.618545907143247,8.115709756237608,2.1128964097016203,0.41025524937811836,0.40057258227608966,3.668574495906494,-1.9179137388812464,-1.4499862829791468
1.0127906799316406,-0.10557012034482335,0.4361205558608742,-0.07252837460801756,1.9698771190904056,2.0551508245295715,0.3284119952180399,-4.133930720196883,17.841121160100744,7.950623528963492,2.0956416408228455,0.40887269365981926,0.39646194376803906,3.6685549455830078,-1.9179018179522913,-1.4500144163714808
1.014866828918457,-0.10556261835352715,0.4360874676142465,-0.07252853031270498,1.969821438157091,2.0551654444188756,0.3283859276980331,-4.306330588067201,17.73963668938552,7.823786547360013,2.096380416786945,0.4045441243637947,0.390301671334483,3.6685477930256347,-1.9179094473468226,-1.4500463644610804
1.0169107913970947,-0.10555379968350811,0.43610661057963823,-0.07251008198941394,1.9699082098600489,2.0551799181303316,0.32832036382304586,-4.312709930682976,17.4434697944013,8.147818392258987,2.0843066006214586,0.3981156996776682,0.3913261124808773,3.668578787440918,-1.9178350607501429,-1.4500864187823694
1.0189588069915771,-0.10553399123258386,0.4361006409897551,-0.0724905902826832,1.9699195092454473,2.055164363560078,0.32833395057651277,-3.9826392879907186,17.752572507527734,8.103856386467992,2.065059824746883,0.40301384270406004,0.38154802729992854,3.668591185207031,-1.9178460280047815,-1.450111214314596
1.0209987163543701,-0.10554080878702969,0.43610058120784195,-0.07247304327663602,1.9699318995576713,2.0552209671544905,0.3283003188563428,-4.18134345746642,17.0549140296643,7.9773506319047,2.075003458472363,0.3922399662210677,0.3837243074836928,3.6686064439960937,-1.9177988211261194,-1.4501507917987269
1.023038625717163,-0.10550295086282702,0.43609236454393185,-0.072461205655884,1.969916170292012,2.0551964848823365,0.32828016284193434,-3.909908228575628,17.456948320593817,7.955551206257535,2.0548840358776013,0.39564260866917395,0.3758751251321451,3.6686226564594726,-1.9178136030780237,-1.4502180258380335
1.0250802040100098,-0.1055122475011774,0.4361151404424065,-0.0724360580275518,1.9699519428485648,2.0552816383188013,0.3282625039161995,-4.05945299298833,17.339858337555473,7.794413408632487,2.045146548510299,0.3911099874687973,0.37095857150410533,3.668630285854004,-1.917750660573141,-1.450278107319967
1.0271258354187012,-0.10550373279939652,0.43611141633076916,-0.07241588147068109,1.9699651769603332,2.0552955459815494,0.3282428887082288,-4.004686581408713,17.1779347980569,7.946371522970862,2.030401373634742,0.3912160105604189,0.3661662033305975,3.668658419246338,-1.9177306334124964,-1.450310532246725
1.0291657447814941,-0.10549228949727399,0.4361128617396867,-0.0723966502620396,1.9699767583989056,2.055325691549199,0.3282415870304003,-4.006958125540194,16.982558584398507,8.119059405808,2.0196494238713067,0.3906213043378444,0.36091583242455133,3.668654604549072,-1.917713467274801,-1.4503620306598108
1.0312058925628662,-0.10546882869630966,0.4361161523622062,-0.07237749035497859,1.970033719421171,2.055323721615728,0.32820367940657275,-3.90219790863366,17.077039836675375,8.029111103491822,2.014472586198342,0.389726398325004,0.35404026589642457,3.6686627107807617,-1.9176748434649866,-1.450414005910055
1.0332458019256592,-0.1054516361318515,0.4361296191751536,-0.07235022927158895,1.97007950010055,2.0553125819899574,0.32827221821096925,-4.030790786934652,16.881739824839507,8.02577753118875,2.004694004379584,0.38762131060531263,0.3524686908652811,3.6686507898518066,-1.9176934401141565,-1.4504273573504847
1.0352859497070312,-0.10543392174699989,0.4361149334581021,-0.07234674208367617,1.9700713664100316,2.055315666546153,0.328193034082698,-4.052782676989211,16.74276824466862,7.834506151361671,1.99632722915293,0.3959193009050517,0.3486590702797239,3.6686789232441406,-1.9176619688617151,-1.450482193623678
1.0373256206512451,-0.10543388010844036,0.43612646806418687,-0.07232318572041306,1.9700436677658608,2.0553687326308987,0.32822427151575145,-4.015356794176945,16.863947572282378,7.59930455690636,1.998170612402994,0.4026412866327192,0.3515986366691172,3.6686979967304687,-1.9176657835589808,-1.4505303541766565
1.0393657684326172,-0.10541936237135985,0.43613796034573427,-0.07229471789558573,1.9701654804982582,2.0553525091860907,0.3281875852664981,-3.9731562523103277,16.761078295627538,7.601031615731088,1.9921338026501618,0.40351815565301047,0.34846884080152596,3.668721838588379,-1.917602841054098,-1.450543228779928
1.0414056777954102,-0.1054131094210349,0.43615256270750175,-0.07227013094678009,1.970225798545447,2.0553876149216843,0.32819712708849097,-3.926060660184027,16.40864591240172,7.564867172587021,1.9812646927433852,0.4068419706711675,0.34654090075901856,3.6687065797993164,-1.917565647755758,-1.4505828062640589
1.0434458255767822,-0.1053993529402226,0.43611853136151885,-0.07227205635233647,1.9701260436032666,2.055434177562633,0.3281151329995915,-3.988672176161743,16.696904258599748,7.384062951216561,1.9825117550440503,0.4155677628687351,0.3387064884824372,3.668726606959961,-1.9175546805011194,-1.4506738821612757
1.0454857349395752,-0.10539335009829634,0.43613436034940867,-0.07225422514833647,1.9701786823686627,2.055455804549479,0.3281054086786536,-4.254395666564207,16.851626613975352,7.144090101693434,1.9764837824507144,0.4172200074535206,0.3411813095841481,3.6687304216572265,-1.9175179640399378,-1.4507063070880335
1.0475258827209473,-0.10537798946037097,0.436134416261333,-0.07222912558550701,1.9701899600684942,2.0554716295240465,0.32811913879487925,-4.13805293324855,16.301443122582747,6.965534244459883,1.976657682746887,0.42199220186947356,0.34310039352078453,3.668739004726074,-1.9175146261798304,-1.4507506529437464
1.0495657920837402,-0.1053617038995332,0.43615720731982566,-0.07219876171664348,1.970241862682075,2.0554827033834164,0.328154898234093,-4.125874030196046,16.68061425329288,6.508946237924249,1.967320432206731,0.42993362228054827,0.3373345646617816,3.668746157283447,-1.9175055662738245,-1.4507902304278772
1.051628589630127,-0.10535219908307233,0.43613528028939186,-0.07220245021888738,1.9702338955510168,2.0554803994561723,0.3280574895025678,-4.201292566724719,16.36749639937292,6.286439139417475,1.9867354873578418,0.44563323135674743,0.34066793472112067,3.668778582210205,-1.9174664656268519,-1.4508231321917933
1.0537292957305908,-0.10533275650737671,0.43616191594544335,-0.07216543148740764,1.970329371112232,2.055476861470534,0.3281386594176895,-4.112739551231222,16.75425298816198,5.7417225607042495,1.9854898581246299,0.4576453196142183,0.339594825038974,3.668750448817871,-1.9174655119525355,-1.4508431593524378
1.055774211883545,-0.10533056239990846,0.4361663181135097,-0.07214986304183946,1.9703282136353024,2.055546927431636,0.32810065939948935,-4.230821678488583,16.58084911081098,5.482483936878505,1.9939629453678849,0.46899281052301983,0.3427433830909857,3.668750448817871,-1.9174183050738733,-1.450918976460592
1.0578176975250244,-0.1053196293167599,0.4361450831875954,-0.072142311211661,1.9702609418576422,2.055581313779323,0.32805350634542174,-4.574232316009458,16.525350652652733,4.893286241221925,1.9971843568829248,0.4752868167292375,0.3434876704713722,3.668778582210205,-1.9174135367022913,-1.4509857336627405
1.0598578453063965,-0.10531128794238584,0.436155937373171,-0.07212484671275105,1.9703164241084585,2.055590089705316,0.32804415410106275,-4.4830010123934745,16.659240341323986,4.804106493593481,2.000789285564505,0.4933449418394427,0.3360647346214365,3.668782873744629,-1.9173815886126917,-1.4510100523578089
1.0618979930877686,-0.10530066260629653,0.43613506008501796,-0.07212020061063992,1.9702931929797853,2.0555995662939055,0.3279663700016684,-4.37658670480414,16.97146892939217,3.9977060382576406,2.015638416231697,0.5137429800324118,0.33633107062701034,3.6688214975544433,-1.9173534552203577,-1.4510543982135218
1.0639376640319824,-0.10528213256611241,0.43614289803719614,-0.07210012111254151,1.970350461630803,2.0556032996658167,0.3279266747076402,-4.676412267023746,17.319242993798735,2.7676595070647543,2.0505125629601233,0.5492294131505042,0.3456720945088181,3.6688410478779296,-1.9173105398761194,-1.451102081929342
1.0659778118133545,-0.1052827865030681,0.43613614326718986,-0.07208500376184,1.9703444593884616,2.0556858287967166,0.32792070335192725,-4.915671515154232,17.498093311337662,1.7406951847025458,2.0766334178931802,0.5973940937086384,0.35289365067063627,3.668794794673584,-1.917274300252096,-1.4511731306659144
1.0680408477783203,-0.10526510340422393,0.43616312769587623,-0.07206043658116044,1.9705066317586697,2.0556474174418358,0.3279143109623242,-5.477035912275884,17.76419064848758,1.1572064029287819,2.08187570550991,0.6325034352120608,0.3498966421840789,3.6687914568134765,-1.9172175566302698,-1.4511669317828577
1.0700862407684326,-0.10528145730572544,0.4361537824531121,-0.0720627027454441,1.9704932490804916,2.0557259925242515,0.32781018826456804,-5.488192587032747,17.708371342369635,0.9419426139143887,2.106259784820534,0.6740967523106206,0.3489522901113293,3.668806715602539,-1.917138401662008,-1.4512189070331019
1.072143793106079,-0.10526111437973334,0.43616950472498595,-0.07203316708366105,1.970515306785831,2.0557453309042883,0.3278345016774912,-5.743455796548268,18.268382969277106,0.5983089872866727,2.113577489439437,0.7021829731317065,0.34628664917855034,3.6688191133686523,-1.9171345869647425,-1.4512789885150355
1.0741839408874512,-0.10525185017370982,0.4361406852711606,-0.0720358109205238,1.9705159409459274,2.0557622251965735,0.3277709568949927,-6.092171965532179,18.019094826543338,0.6219217266363364,2.12283831951898,0.7128231397692373,0.35318098694758987,3.6687914568134765,-1.9170988241778772,-1.451318089162008
1.0762450695037842,-0.10523841724542032,0.4361608827201873,-0.07202031001635442,1.9705844628454983,2.055759235472191,0.3277682472313162,-6.038652869929488,17.91019877185274,0.5728242558432797,2.1239597680105073,0.7251543278430704,0.345865777941996,3.6687914568134765,-1.917070213948385,-1.4513433615313929
1.0783116817474365,-0.10524446386325607,0.4361288750646804,-0.07202614380380735,1.9705060956833023,2.0558368576758443,0.32762924816607686,-6.337912741694069,18.00422200923931,0.5096297240447916,2.132727977496333,0.7371436864199604,0.35136940268081457,3.668830080623291,-1.9170063177691858,-1.4514263311969202
1.0803515911102295,-0.10522695014494428,0.4361475271157704,-0.07201126708076179,1.9705007269002381,2.0558498489379637,0.3276788090095808,-6.545797871333368,18.191865283983564,0.22628929815208831,2.145091927130012,0.75641154127331,0.35291733258142316,3.6688176828571777,-1.9170292059527796,-1.4514740149127405
1.082392930984497,-0.10520479649059428,0.4361418568146856,-0.07200258115218133,1.9705540774315102,2.05583929640225,0.32763596512369014,-6.668128534913634,18.05016069808207,0.12130018497374406,2.1534573097746246,0.7779151329271224,0.35045745179698523,3.6688033777424316,-1.9169934431659144,-1.4515140692340296
1.0844392776489258,-0.10520812766620241,0.4361408761838466,-0.0719821903692898,1.9705738879645132,2.0558920703619856,0.32759668024606525,-6.831779612548458,17.943293879940548,0.1586419977740947,2.151169935816836,0.7927714883813636,0.34991632433884,3.668822928065918,-1.9169424215899866,-1.4515579382525843
1.0865066051483154,-0.10518984741043018,0.43613594525719823,-0.07198924683339719,1.970596384374302,2.0558957601619055,0.3275541854397956,-7.245111744469642,18.049122387610836,-0.1470482766398864,2.1540380270864046,0.8012247804973539,0.34796448529662066,3.6687795358845214,-1.9169142881976526,-1.4516060988055628
1.088597297668457,-0.10517280162764392,0.4361314955942706,-0.07196398104334244,1.9706166114710926,2.05592158143052,0.32749601328832806,-7.231448064342786,17.960721264492832,-0.18185172103818958,2.1568141776248564,0.8222280835876677,0.3466471666941748,3.6688195902058105,-1.9168694655047815,-1.451674763356344
1.0906498432159424,-0.10517484768305793,0.4361320005268967,-0.07195350331108837,1.970630117130659,2.0559894004932873,0.32746259300931446,-7.396019203502195,17.670988490912432,0.04367659667359636,2.1555902823949555,0.8286796317556733,0.34396692965738535,3.668794794673584,-1.9168179670916956,-1.4517348448382776
1.0927109718322754,-0.10516055699489558,0.43613708936187906,-0.07193864324891137,1.9706093339399335,2.0559968592318647,0.3274596557028377,-7.348135268322292,17.738783759743825,-0.15007223283587612,2.157088062382793,0.8368085220636786,0.3483496662003533,3.668830080623291,-1.9168251196490687,-1.4517787138568323
1.094757080078125,-0.10513528893689258,0.4361363825786555,-0.07192936974876561,1.9706522831287516,2.0559926662526484,0.3274781682430103,-7.401433992220415,17.90033722525545,-0.41917393668713654,2.163534374688926,0.847865314937448,0.3435254043836055,3.668770952815674,-1.9168203512774866,-1.4518221060382288
1.096801996231079,-0.10514718887536667,0.43613427460529774,-0.07192720459157878,1.9706439931832374,2.056054148111514,0.32739528628466386,-7.46458227886629,18.309822615042727,-0.5482055262246122,2.163572533974724,0.8850057697827363,0.3412959864785306,3.6687986093708496,-1.9167569319354456,-1.4518664518939417
1.0988469123840332,-0.1051422918538806,0.43615663178064784,-0.07190958033296335,1.9707408857407263,2.056070519875455,0.3273727901195185,-7.862672838505691,18.04871886482596,-0.8597920064657885,2.1750423244479364,0.9294247829471571,0.3391843118351975,3.6687938409992675,-1.9166963736163538,-1.4518902937518519
1.100900650024414,-0.10511706790494149,0.4361427849495148,-0.07191012658658702,1.970728519075141,2.0560683715387236,0.3273164523199443,-8.318612776365615,18.003805187841987,-1.1487370773071088,2.181152107667512,0.9605220526565208,0.3398465950884147,3.66879050313916,-1.9166811148272913,-1.4519537130938929
1.1029407978057861,-0.10511841996447668,0.43616070533454704,-0.07189103874914315,1.9708334740157634,2.0561180328898288,0.32729541798679307,-8.42679542229049,18.150972492217498,-1.3274824009577841,2.184774582195702,0.9854451999013423,0.3386275901148378,3.668750448817871,-1.9166019598590296,-1.4519899527179163
1.1049809455871582,-0.10510991122208144,0.4361314430650119,-0.07189845958458743,1.970763812400147,2.0561387795215498,0.3271997011824716,-8.605981138023198,18.19878579985528,-1.5897870028281054,2.1878996631338383,0.993965776087068,0.3376867325047756,3.668785734767578,-1.9165814558612269,-1.4520466963397425
1.1070387363433838,-0.10509674963480972,0.4361368835445516,-0.0718855125348488,1.9707702639903262,2.0561765823721854,0.3272181318815238,-8.549614386090393,18.225978482145788,-1.6950504383043092,2.190418810946973,1.0091908433175258,0.332908678438998,3.6687466341206054,-1.9165728727923792,-1.452106777821676
1.1091148853302002,-0.10508759769397859,0.4361847752097025,-0.07186233329377384,1.9708094322780907,2.056251430713812,0.32727086411732803,-8.710413022387687,18.256342917417957,-1.909358302885505,2.1948593837061177,1.0338376110772514,0.3385571467845639,3.668703718776367,-1.916549030934469,-1.4521926085101526
1.1111547946929932,-0.1050855892204525,0.4361595088920948,-0.07187380411024244,1.9708697423166666,2.056243120971278,0.3271249935418871,-9.032011450625152,18.227638361148355,-2.011762169980436,2.2011759138700353,1.0527934471259246,0.3345558800192341,3.668714686031006,-1.9164579550372522,-1.452202622090475
1.1131947040557861,-0.1050851660298969,0.4361612623740998,-0.0718649801921229,1.9708714610356104,2.0563083713317134,0.3271013292910024,-9.237844363374515,18.325717029212957,-2.2035865656957316,2.203703793887504,1.0746741248390381,0.3360671537996562,3.66868702947583,-1.9164179007159632,-1.452266041432516
1.115234613418579,-0.10505899082540851,0.4361386278342779,-0.07187655195522152,1.9708906640649146,2.0562736826192376,0.32701504827844774,-9.441580955823937,18.483611628421084,-2.2374625511319914,2.203572937652256,1.094724671664171,0.33092517583207864,3.668675108546875,-1.9163888136493128,-1.4523018042193812
1.1172749996185303,-0.1050603956809677,0.4361290605420587,-0.07188095140285866,1.9708334109693106,2.0563626569212197,0.3269398243553512,-9.384048268523514,17.983967469053947,-2.1824442552701493,2.1982532109105763,1.1017292848239622,0.32802756273374467,3.6686593729206542,-1.9163411299334925,-1.4523966948138636
1.1193149089813232,-0.10505333704838457,0.4361400845502015,-0.07188221775599207,1.9709007794929732,2.0563354533911693,0.3269257296573861,-9.615964942138257,17.856616018332904,-2.1967684300514243,2.1926444411542696,1.117759966436492,0.32727419606740143,3.668647451991699,-1.9163172880755823,-1.452385727559225
1.1213958263397217,-0.10504054747340755,0.4361421190928254,-0.07187462765928807,1.970904750212544,2.056378284005304,0.3268795304622246,-9.472778495896307,18.374761954479,-2.426769434962158,2.194860382576212,1.1319833969855497,0.32241843724945396,3.668637438411377,-1.9162777105914515,-1.4524615446673792
1.1234359741210938,-0.1050374023487207,0.4361425229807918,-0.07188487301969972,1.9709413962170574,2.0563842346158396,0.32683278065619437,-9.5439406145495,18.083617428714692,-1.8983788988719126,2.180780389929976,1.1233629594490395,0.3203840159960952,3.6686064439960937,-1.9162376562701624,-1.4524782339679163
1.1254756450653076,-0.1049975005942538,0.43614415865560796,-0.07188686207805843,1.9710022552063389,2.056359761906846,0.3268344514131638,-9.319832713764852,17.710960693582294,-1.4594585658030406,2.172997713223577,1.1273043345005913,0.31440848690285356,3.6685167986103515,-1.9162285963641565,-1.45253831544985
1.1275148391723633,-0.10500439339619996,0.4361353477865662,-0.07188720465189787,1.9709135419466166,2.0564459371492774,0.3267867767271892,-9.514977634673581,17.998101345340544,-1.566662009539367,2.1752401626203213,1.1265340770903214,0.3197222292937772,3.66852776586499,-1.9162080923663538,-1.4526174704181116
1.1295547485351562,-0.10499123408626734,0.436144637340555,-0.0718956851534612,1.9709932275237272,2.0564197393415267,0.3267150981572668,-9.490290242588651,17.86531051961616,-0.9585218240766693,2.171974282576634,1.1197045401540806,0.32360771509173536,3.6685187059589843,-1.9161527792560022,-1.452630345021383
1.1315946578979492,-0.10497611337758775,0.43613539101297494,-0.07189150173328453,1.9709356384471894,2.05646848176315,0.3267071934329709,-9.5367353001517,17.73817337124937,-0.8390619099154502,2.1608851056946046,1.1006707688673714,0.31986417963701735,3.6684915262409667,-1.9161565939532679,-1.4527137915240687
1.1336348056793213,-0.10497821805130794,0.4361372579164076,-0.07189296601078374,1.970979174656428,2.0565124985403633,0.32667117400222107,-9.506959913626721,17.5693544992363,-0.402619876205355,2.161139835172784,1.0960011987379359,0.32219006750108087,3.668440027827881,-1.916100804005758,-1.4527495543109339
1.1356747150421143,-0.10496035240332988,0.43614020335895115,-0.07189983335748375,1.9709946630825714,2.056522972153359,0.32661161542873146,-9.390576972726263,17.397817911534315,-0.06049539896330103,2.152544901806889,1.0889795130231321,0.3246907806379479,3.668419523830078,-1.9160650412188929,-1.4528096357928675
1.1377148628234863,-0.10493429549609146,0.43617568828346337,-0.07188924958843584,1.9710850021798851,2.0564980667280683,0.32663008206903477,-9.55354063594954,17.418587214302715,0.05230274719984784,2.140925856719438,1.0787485901942042,0.32053398962241186,3.6683952051350097,-1.9160483519183558,-1.452841583882467
1.1397557258605957,-0.10494596350010721,0.4361516666905108,-0.07190260879734064,1.9710818404125938,2.0565840724791062,0.32650195827475803,-9.170778459621983,17.315873902752795,0.539060569590621,2.1241449769639056,1.0824975495754052,0.31302653265411,3.668356104488037,-1.9159510771380823,-1.452909294758932
1.1417956352233887,-0.10491664681480337,0.43616630649604626,-0.07189331617693118,1.9711060336766433,2.056569878392752,0.32654022051822695,-9.218583415193095,17.11029323241195,0.5002060208243173,2.112034494031983,1.0691440057606352,0.309958605628678,3.6683198648640136,-1.915969196950094,-1.452956501637594
1.1438357830047607,-0.10490653267937577,0.43616708388369635,-0.07189643548956023,1.9711560695348649,2.056541634830475,0.3265062343586451,-8.980433439329449,17.05784135435594,0.746962773617144,2.0990471166891385,1.0672299341761364,0.30963489603653505,3.6683150964924316,-1.9159448782550257,-1.4529545942889612
1.1458759307861328,-0.10489036702838277,0.4361580718960788,-0.07190789338135982,1.971123946238452,2.0565828236265093,0.32643784245056456,-9.05726775597298,16.924998527851308,0.8493490993754804,2.085620862417088,1.052640429232623,0.3077565599328038,3.6682793337055664,-1.915912930165426,-1.4530423323260706
1.1479158401489258,-0.1048815809337799,0.4361592649543289,-0.07190686241095828,1.9711792565334316,2.056575439250007,0.3264467489339343,-8.948328978130457,16.597949297123147,1.1554932462500807,2.0744736434634747,1.0471400861355336,0.3021524343721619,3.6682278352924804,-1.9158967177020472,-1.4530466238604944
1.1499559879302979,-0.1048585164938188,0.4361524431139801,-0.07190905287774195,1.9711320788464615,2.056612743092978,0.32635766134761185,-9.002332700627763,16.551912245396192,1.2277581455610065,2.0656027708734204,1.0383917103187705,0.3006002089143138,3.6682421404072265,-1.9158647696124476,-1.453153435383932
1.1519970893859863,-0.1048507341819204,0.436158292131503,-0.07190095571808353,1.9711703409092711,2.0566567400092075,0.32638100102511297,-8.897477563132314,16.674988030714406,1.5609287977140998,2.0529989241606015,1.0248975176974924,0.2985133113055303,3.668163462276123,-1.9158404509173792,-1.4532015959369105
1.1540606021881104,-0.10484193745195497,0.43616772414318006,-0.07191143245987709,1.971222658031096,2.0566340492252575,0.3263708289111681,-8.615595851495629,16.45799340121323,1.9751662740071412,2.0423741185590547,1.0096788879830785,0.2947116338134566,3.6681243616291503,-1.915823761616842,-1.4531992117511194
1.1561129093170166,-0.10482865371966389,0.4361649736076093,-0.07191050106207163,1.9712196787232976,2.056692196030633,0.32628240425914495,-8.338883220672967,16.53148324764213,2.1708119580556184,2.0318231560523805,0.9925615118640456,0.2910508841116905,3.6681110101887207,-1.9157612959491175,-1.4532974402057093
1.1581628322601318,-0.10481630785099899,0.4361430828073759,-0.07192105118569862,1.971187678854221,2.0567300402381345,0.32617891849392083,-8.354871887506205,15.953867808597021,2.534782430449849,2.0296400549606464,0.9843260421672894,0.29562998027439935,3.6680990892597656,-1.9157136122332972,-1.453376595173971
1.1602163314819336,-0.10478608526066498,0.4361451508807089,-0.0719246965113563,1.9712538485606483,2.0566657968446096,0.3261872734671888,-8.437180093882333,16.023120686541052,2.9500514421735944,2.007611512695001,0.9715379480397551,0.2890874028235089,3.668055220241211,-1.9157207647906702,-1.4533780256854456
1.162266492843628,-0.10477730435667967,0.43614549078489273,-0.07192815443124194,1.9712922996946542,2.056701550980506,0.32611684140377184,-8.434053454367332,15.839081749468624,3.3844911550094317,1.9821939627019782,0.9597239944149727,0.28698143692358147,3.6680189806171875,-1.915656868611471,-1.4534381071673792
1.1643145084381104,-0.1047790279449598,0.43616354158149584,-0.07191859788208116,1.9712946238699196,2.0567728008526767,0.3261420573125924,-8.313752699860757,15.727338108858282,3.5110812090304635,1.9656527115379914,0.9419632940812885,0.2807844276071955,3.6679717737385253,-1.9156363646136683,-1.4534972349749964
1.1663615703582764,-0.10478302295923952,0.436160332399891,-0.0719250753332923,1.9713448106868774,2.0568314307132303,0.32605276616449563,-8.171547385703368,15.505049393881693,4.071697232076485,1.9432420923330933,0.9238264861964148,0.2726919332134094,3.667924090022705,-1.9155462423907679,-1.4535496870623987
1.1684083938598633,-0.10476047482837278,0.43616344780640487,-0.07192828933528217,1.9713388566883638,2.0568147516679773,0.32602035403673923,-8.352586055992774,15.371347835472646,4.3072862113476305,1.915323247685857,0.8978323026544572,0.26732915686869896,3.667931242580078,-1.9155452887164515,-1.4535940329181116
1.170454978942871,-0.10474190625838142,0.43618084135077895,-0.07191571480203182,1.9714003085674234,2.056830681724598,0.32604414210253724,-8.01063430517462,15.272065664259811,4.782788421768759,1.8974348329323873,0.893762001172303,0.2603312795956841,3.66787497579541,-1.9155247847186487,-1.4536421934710901
1.1725008487701416,-0.10474973242835113,0.43616954427756305,-0.07192460430261217,1.9713815747775265,2.0568974372674105,0.32600573537981253,-7.993216658298609,14.837386072507805,5.15252437668763,1.8793315365286787,0.8825156451586696,0.2565843256482655,3.6678201395222167,-1.9154852072345179,-1.4536898771869105
1.1745893955230713,-0.1047018490955958,0.436162642658972,-0.07192857158971601,1.971414087932506,2.056923941248587,0.3258957674838634,-7.717401356931,14.259120123269945,5.703148449730407,1.8465704725842753,0.8468048902418188,0.2509169750919437,3.6677562433430175,-1.9154165426837366,-1.4538362661944788
1.1766338348388672,-0.10469800336925261,0.43617469904498973,-0.07192541347521642,1.9714811039321705,2.0569372546609745,0.32586096646521234,-7.572454101117284,14.564216372586472,5.943802084620214,1.8229256548665442,0.8343138818458596,0.2373643973500349,3.667735739345215,-1.9153650442706507,-1.4538582007037562
1.1786737442016602,-0.10470639213351526,0.43619247567188596,-0.07191262212430237,1.971526173840779,2.0570214729370013,0.3258574892611187,-7.492025586522149,14.568143138515063,5.964401120461224,1.8066953950984264,0.8230892702893842,0.23424326568154624,3.6676837640949707,-1.915304962788717,-1.4539135138141077
1.1807136535644531,-0.10468198224347279,0.43618351398702265,-0.07191787590307207,1.9715595746938392,2.056983640653788,0.3257857235844959,-7.4766393164251435,14.007287746909206,6.007929017923011,1.8009063600546438,0.8184454218970517,0.24237682960347617,3.6676909166523437,-1.9152773062335413,-1.4539421240436
1.1827549934387207,-0.10468791723390058,0.4361965339284831,-0.0719139891752268,1.9715531451972739,2.0570661191009045,0.3257701295489216,-7.436844738558041,14.141111850569967,5.924623431077551,1.7861557354822766,0.8131046387493188,0.2301336844186037,3.6676551538654785,-1.9152362982379358,-1.4540093580829065
1.1848130226135254,-0.10465181257508446,0.4361783708038763,-0.07191974673081607,1.97156399085414,2.057045519717441,0.32567065871343504,-7.313995191674823,14.163353485580418,6.081506358880478,1.7709536724947583,0.806954771086545,0.2291792273923547,3.6676508623310546,-1.9152005354510706,-1.4540851751910608
1.1868724822998047,-0.1046331900725948,0.436192420621264,-0.07191450064998124,1.9715947578365889,2.0570492706359738,0.32567849431016166,-7.321604401450946,13.795801806083096,6.111050792874252,1.7658084528431175,0.7978159729178904,0.22885238145419035,3.6676193910786132,-1.915191952382223,-1.4541290442096155
1.188917875289917,-0.10464058263591401,0.43618448446505453,-0.07192011018541933,1.971600911885037,2.0571225333875405,0.325618963867688,-7.28059469610324,13.720022101569144,5.983649765071073,1.760733346837957,0.7868249473461951,0.22442475734188427,3.6675678926655273,-1.915128533040182,-1.4541853109942835
1.1909630298614502,-0.10461872035726252,0.43618407245541435,-0.0719180121632075,1.9716727988390013,2.0571009440398593,0.32554144497831067,-7.043533167574644,13.878399242320693,6.010269895699338,1.7467348269993883,0.7881032898146512,0.22267106752198368,3.6675678926655273,-1.9150732199298304,-1.4542210737811487
1.193009853363037,-0.10461543883693777,0.43619767600056386,-0.07190974068518909,1.9716207036656952,2.0571567588875346,0.32558053108900126,-7.108106031738247,13.951386949730612,5.945831751438697,1.7382512456590045,0.7818200333863615,0.22115187403979458,3.66755120336499,-1.915091339741842,-1.4542811552630823
1.1950559616088867,-0.10460184348355801,0.43621712322573974,-0.07189929978776945,1.9717793594224853,2.0571695617472763,0.32553059816177754,-7.202602672533226,13.803702625975896,5.927737427403346,1.734995900175284,0.7728961798492103,0.2195738859550722,3.6674868303486328,-1.9149931112872522,-1.4543173948871058
1.1971008777618408,-0.10459566455171182,0.4361999812079299,-0.07190159409229759,1.971779142324228,2.0571988239311527,0.32546106816290127,-6.908952257739612,13.924334821423312,5.968353846017012,1.7288996899883518,0.7730336620474018,0.21901239483810153,3.6674720483967285,-1.9149492422686976,-1.4543655554400843
1.1991479396820068,-0.10459419976562806,0.43620676539684883,-0.07190358165184023,1.9718335623463359,2.0572484291072466,0.3254302849563355,-7.240383192872461,13.87098529752562,5.719670181841726,1.7269859691938056,0.7674435234393205,0.2189499395286032,3.667400999660156,-1.914889160786764,-1.4544132391559046
1.2012090682983398,-0.10456496316883479,0.4361897836328362,-0.07190322678726849,1.9717978959453666,2.0572393807182,0.325374103797253,-7.126302603363782,13.698245309823106,5.66211651696203,1.7290433761075696,0.7688672369142185,0.21880806285418514,3.6674153047749023,-1.9148882071124476,-1.4544819037066858
1.203254222869873,-0.10457171188317076,0.43620118787100237,-0.07189472432155153,1.9718149092036077,2.0573118633383096,0.3253655540251955,-7.056954734226668,13.73757277664558,5.593823874955596,1.7282187540121827,0.7658521816726341,0.2194971690841298,3.667379065150879,-1.9148438612567347,-1.4545334021197718
1.2053008079528809,-0.1045519744990417,0.43620016909907633,-0.07189940261375634,1.9719004286395916,2.0572885443725974,0.3252817771392422,-6.971258249558076,13.769976986624005,5.474367797542815,1.7225962515772861,0.759744947237949,0.2227983624222042,3.6673590379902343,-1.9147799650775355,-1.454562012349264
1.207350492477417,-0.10454653651150447,0.4362058500558381,-0.07189123023062848,1.9719063174808817,2.0573605760864218,0.3252687530939865,-6.902213119471623,13.474291261191986,5.559286035560064,1.7241939780242685,0.765144733147595,0.2207245440155885,3.6673075395771484,-1.9147408644305628,-1.4546411673175257
1.2094004154205322,-0.10454295781281646,0.43620349249037593,-0.0718884744299432,1.9719159355120486,2.0574142255776673,0.3252150089852838,-6.881935854985529,13.589266899619892,5.385894222357596,1.7180696181347073,0.7601722617058418,0.2189916383105352,3.66728322088208,-1.9146888891803187,-1.454705063496725
1.2114477157592773,-0.10454828012519235,0.43621275355921757,-0.07188319867219485,1.9719991357429094,2.057444623882063,0.32518186010793126,-6.9794919164047835,13.449939237253412,5.408746331733729,1.7091006353120899,0.754817645929527,0.21734533412437634,3.667247458095215,-1.914621655141012,-1.4547179380999964
1.213493824005127,-0.10452059112351067,0.43621047653372536,-0.07189994817589103,1.9720286091734052,2.057449076241127,0.3250738248501698,-6.8006222248751165,13.40349798900253,5.374674204260073,1.7076927895905134,0.7534329959296454,0.2085574991366262,3.6672112184711914,-1.9145615736590784,-1.4548009077655237
1.2155392169952393,-0.10450975384268557,0.4361911863624756,-0.07189015761281316,1.9719901185752957,2.0574686059005987,0.32505642939676455,-6.643672537954781,13.316664689156132,5.444890707004485,1.7020575489796659,0.7605207207778686,0.21265498758478218,3.6672188478657226,-1.9145639578448694,-1.4548452536212366
1.2175850868225098,-0.1044947122354266,0.43621734609708823,-0.07188336309143095,1.972021110879928,2.0575289182302603,0.3250527342785219,-6.791445618125171,13.343442805884523,5.338734872903276,1.6922618338988955,0.7568017419297284,0.21086163830379245,3.6671601968952636,-1.9145248571978968,-1.4549368063556116
1.2196300029754639,-0.10449136287046944,0.4362097571257061,-0.07188311130379797,1.9720677707100327,2.0575321599169007,0.32499643621939234,-6.5936375600254955,13.059334136412506,5.351511101530424,1.6913213097423543,0.7579735977414171,0.20817467171063786,3.6671511369892578,-1.9144766966449183,-1.454949680958883
1.2216761112213135,-0.1044817342995909,0.43620967636422014,-0.07186980764412429,1.9720961967974908,2.0575752002928076,0.32495758347176845,-6.596389803322721,13.044290477603894,5.348525537969829,1.6847192554727808,0.7569277412429114,0.20825860852681394,3.667134924525879,-1.9144285360919397,-1.4550131003009241
1.223721981048584,-0.10446825343755203,0.4362343229181527,-0.07186206232486386,1.9721227585309893,2.057625527324327,0.3249718096680637,-6.665973173218075,13.199524269625167,5.2383766469944515,1.674242524803419,0.750806368314114,0.20717446571640563,3.6670796114155273,-1.9144037405597132,-1.4550889174090784
1.225766897201538,-0.10445363416260854,0.4362012750576527,-0.0718744623940556,1.972178846902679,2.057604648416008,0.32488980164213943,-6.70082733867738,13.100435099287814,5.040734209682451,1.6691723549249016,0.7448714591709551,0.20401194526012356,3.6670238214680175,-1.914351765309469,-1.45510179201235
1.2278573513031006,-0.10444895524123592,0.4362175038416412,-0.07187387884330705,1.9722963951838597,2.0576079589439336,0.32483497684443785,-6.674345601869248,12.978986624378635,5.144099729137967,1.6646278432837278,0.7436972876190205,0.19782393741878768,3.6669880586811523,-1.9142726103412073,-1.4551151434527796
1.229902982711792,-0.10443643593418381,0.43621349100339935,-0.07186703737067454,1.9722215383401498,2.0576638314199416,0.32479926583008856,-6.758134158133307,12.9763044020213,5.158703848970971,1.6543531267599607,0.7352686012727426,0.19753682724416016,3.6670071321674804,-1.9142678419696253,-1.4552086035357874
1.2319469451904297,-0.10443531461312489,0.4362381732640278,-0.07185657117286483,1.9722824314988054,2.0577354820565317,0.3247803256962307,-6.696336491831797,13.086113473587947,5.195891540391103,1.6455376298471887,0.7402263085820304,0.19601582686382996,3.6669561105915527,-1.9142006079303187,-1.4552772680865687
1.2339866161346436,-0.10443177588084179,0.43623093987581724,-0.0718570427921626,1.9722889459957393,2.0577820151954094,0.3247107076119987,-6.5871220779125075,12.898005890016037,5.198068637758649,1.639942544577929,0.7437522732366949,0.19833195076779642,3.6669394212910156,-1.9141457716571253,-1.455336872731344
1.2360265254974365,-0.1044060165981501,0.4362198287850991,-0.07186080735438982,1.9723395172226441,2.057771638391486,0.3246430696957835,-6.622141892414689,12.85825236832116,5.082075786365108,1.6292836781982862,0.7404961876497735,0.19575763957892295,3.6668993669697265,-1.914100472127096,-1.4553888479815882
1.2380859851837158,-0.10439251029329064,0.4362430274931002,-0.0718465378027026,1.972363406125913,2.057811520629523,0.32467102418354016,-6.4562073640629105,12.666459714931623,5.240558293660435,1.622735936010867,0.7363301968417874,0.19377818058734075,3.666863127345703,-1.9140875975238245,-1.4554527441607874
1.2401447296142578,-0.10438661814596034,0.43624600700320526,-0.0718391176785722,1.9724574434178286,2.057817134458179,0.32462132981593156,-6.300786009248595,12.686113676695204,5.19677608400511,1.619040021896145,0.7260175197230002,0.18793377211453727,3.666839285487793,-1.9140203634845179,-1.4554689566241663
1.2421848773956299,-0.10437829092869835,0.43623621754482245,-0.07184130256406089,1.9724758354826761,2.057857219394415,0.32456274720093403,-6.230856974419684,12.702622103657701,5.21491816116764,1.6119069280593599,0.7214274468328524,0.1895934511665926,3.6667958933063964,-1.913968865071432,-1.4555290381061
1.2442245483398438,-0.10438035912303971,0.4362398262695042,-0.07184428468713489,1.9725197659909293,2.0579034904363582,0.3244962916315448,-6.122038133507869,12.572089335557264,5.342429230495776,1.6018930523250021,0.7228431405619652,0.19007678058077393,3.666763945216797,-1.9138978163348597,-1.4555733839618128
1.246264934539795,-0.10435928814647458,0.43623177763041365,-0.07184410220198666,1.9724997622409521,2.057920727395669,0.3244479583570834,-6.61006886053922,12.442892837937856,5.295762536267723,1.5951403045509676,0.7224030992256955,0.18611664867467936,3.666755362147949,-1.9138806501971644,-1.4556458632098597
1.248304843902588,-0.10434022612278623,0.4362334353978532,-0.07183892034403562,1.972503444119761,2.057955945728176,0.32442402906669443,-6.601142871670373,12.414144130948594,5.348465136975492,1.5848733416743737,0.726008192307754,0.1817853221656237,3.6667191225239257,-1.9138558546649378,-1.4557245413409632
1.2503447532653809,-0.10433374271139477,0.4362358258545143,-0.07183142408828608,1.9725916822339795,2.057951006400341,0.3243925661395322,-6.520144463745319,12.423851443064871,5.449308204256001,1.577028828807132,0.7241649448693587,0.1784294019369726,3.6666952806660156,-1.9138043562518519,-1.4557297865497034
1.252384901046753,-0.1043280156393431,0.436233174152445,-0.07183043652111125,1.97254449057047,2.058002972461075,0.3243558491419655,-6.519338478578375,12.422408143736991,5.559267417037345,1.5671916860958697,0.7213965453079405,0.17319707818502683,3.666694326991699,-1.9137871901141565,-1.4558013121234339
1.2544467449188232,-0.10430917283206947,0.4362357032943846,-0.07183026722687509,1.9726752233470595,2.057996980638968,0.3242580371652186,-6.551058277038351,12.363723532330683,5.580698053963357,1.5557596663222057,0.7150858402071312,0.16851670235836552,3.666651411647461,-1.9136884848224085,-1.4558408896075647
1.256509780883789,-0.10431194213887132,0.436229522154188,-0.07181370804943084,1.9726230744634738,2.0580683596792304,0.3242666163415024,-6.5506114490141885,12.120147694450573,5.529023472574025,1.5512093311535398,0.7103752034403454,0.17105091480554913,3.6666499811359863,-1.9136841932879847,-1.4559009710894983
1.2585546970367432,-0.10430532262313888,0.4362708490188953,-0.07180281533193913,1.9727603459296903,2.0580952229316134,0.3242864813246553,-6.4033631699567515,11.915939119517883,5.538921379347712,1.5476842959160841,0.7031006587573846,0.17133654658271785,3.666571779842041,-1.9136207739459437,-1.4559295813189905
1.2605948448181152,-0.10427877603678849,0.43626032657457864,-0.07181426248887023,1.9727406234901066,2.058096585789042,0.32421374077539455,-6.126417801399526,12.169060415964545,5.641757324956995,1.534220758418797,0.6965972479734288,0.1619671915121481,3.666555090541504,-1.913600269948141,-1.4560044447528284
1.2626347541809082,-0.1042714628380218,0.4362648194891231,-0.07180070572171418,1.9727764941574795,2.0582022838674985,0.324163639240832,-6.450416456378127,11.906926867643703,5.7029983380333835,1.5178105252691805,0.6980251552567337,0.16062961451501806,3.6664840418049316,-1.913515869771139,-1.4561203161822718
1.2646737098693848,-0.10424591284069726,0.4362525800289163,-0.07180067224711206,1.972813129279019,2.0581660522804204,0.3241026278892961,-6.641517106660221,11.79963214713144,5.747392442721143,1.5203763888881883,0.7070583536625255,0.16179528214411976,3.666487379665039,-1.9134910742389124,-1.4561494032489222
1.2667152881622314,-0.10424460400877894,0.4362612587173935,-0.0717952938007912,1.972848004794255,2.0582219368680086,0.3241116906470762,-6.7303872806750675,11.871526337406738,5.432215485421397,1.5103972398810535,0.6988906294611106,0.16300111380237342,3.6664163309284667,-1.9134553114520472,-1.4561975638019007
1.2687699794769287,-0.10422056878807903,0.43625916449266683,-0.07179306090723987,1.9728959792467649,2.0582322073226837,0.3240575117978947,-6.3426549174379545,11.870101166846927,5.818099398920342,1.5064483402734625,0.7002343933261176,0.1541352612790599,3.6663762766071777,-1.913408104573385,-1.4562643210040491
1.2708241939544678,-0.10422584083522551,0.43626820719388126,-0.07178340394557169,1.9729567267304182,2.0582675155161243,0.32398036668582153,-6.520946091445694,11.817806977034536,5.63502584639707,1.5048159148099731,0.6877392078083254,0.15992708637361225,3.6663996416279296,-1.9133284727679651,-1.4562934080706995
1.272864818572998,-0.10420838341497196,0.43624313309879653,-0.0717961500776395,1.9729696777096726,2.0582555294720253,0.3238949039174835,-6.305528234417963,11.700181912486746,5.798359385385584,1.5101133577383161,0.688615226874778,0.1592296879870599,3.666374846095703,-1.9132912794696253,-1.456329647694723
1.2749037742614746,-0.1041998047721714,0.43626503344892203,-0.0717768555623437,1.9729963864644762,2.0583057995238754,0.32393046570113604,-6.360078123930219,11.675027046661565,5.499828266738067,1.506283087290542,0.6838661649759697,0.1589721317599163,3.666339560145996,-1.9132750670062464,-1.4563892523394983
1.2769436836242676,-0.10419698366458537,0.4362625303251323,-0.07178412161927177,1.973023743950447,2.058358029000323,0.323851505591897,-6.316306100460739,11.550706754565331,5.555391715499386,1.5016110652069703,0.6948786271612095,0.15768821078970308,3.6662961679645996,-1.9132040182696741,-1.4564526716815394
1.2789838314056396,-0.104186093154251,0.43626735416811746,-0.07177825611957121,1.973068794433534,2.0583701545963407,0.32379905590703184,-6.574037408047448,11.840835655641875,5.300267486360538,1.4996667962404844,0.6927663919193235,0.15419216853858686,3.666295214290283,-1.9131558577166956,-1.4564936796771448
1.2810637950897217,-0.1041665352162827,0.4362618704772279,-0.07178841785063944,1.9730840690046356,2.058378581557642,0.3237627625701078,-6.5880929528641285,11.876504562187739,5.275113409748408,1.4941320634410626,0.6858192860639788,0.1544168264071597,3.666236086482666,-1.9131320158587855,-1.4565485159503382
1.2831037044525146,-0.10416062744455595,0.436272844535001,-0.07178017218372824,1.9731623525746433,2.0584042686868185,0.323741131286865,-6.149828645492125,11.665982049596186,5.646648875682012,1.4914844523694786,0.6900548713382662,0.15253831147012276,3.6661926943012695,-1.9130762259112757,-1.4565814177142542
1.2851436138153076,-0.10414853169164717,0.4362668707219411,-0.07177418303039844,1.9731672555210464,2.0584322134892057,0.32370626288912707,-6.296864905784778,11.786169405132833,5.368062784441609,1.4926330162437011,0.6906386874571113,0.15376843362686682,3.6661760050007324,-1.9130476156817835,-1.4566376844989222
1.2871837615966797,-0.10412637196023322,0.4362828419232211,-0.0717651057975381,1.9732152465795074,2.058447422329411,0.3236975347361855,-6.33820975993123,11.878412110499854,5.260397347151459,1.4861776525151034,0.6926797735367246,0.15469308321139946,3.666139765376709,-1.9130190054522913,-1.4567011038409632
1.2892236709594727,-0.10413857945016824,0.4362889078985831,-0.07176556461141614,1.973240359312732,2.0585306579923888,0.3236410098353768,-6.215315359472051,11.463339998507507,5.387659752690255,1.4892447749448965,0.6925723174589736,0.15259897581031684,3.6661006647297363,-1.912943188344137,-1.4567564169513147
1.2912626266479492,-0.10412738717745099,0.43628863406969726,-0.07176807952169989,1.9732148336431363,2.058596415755738,0.32359819530894046,-6.063639481303908,11.494852103085066,5.393112435706401,1.4870967044754348,0.6923766396372513,0.1508629798137357,3.66605727254834,-1.9129083792315882,-1.4568513075457972
1.2933027744293213,-0.10410533780974142,0.4362573108572369,-0.07178172483227371,1.973216168110034,2.0585500570502893,0.323485838037741,-6.284425379360236,11.619910712983298,5.408633026050422,1.4788054769167265,0.6821192366383845,0.15338537085331727,3.6660825449177246,-1.912879769002096,-1.4568727652179163
1.2953426837921143,-0.10408747677212624,0.4362898621781726,-0.07176428150545142,1.973278373672292,2.0585821307205885,0.3235188796553408,-6.160166970724113,11.677684114624963,5.465667320482082,1.470754489290598,0.6885629380367438,0.14937473445106336,3.6660353380390625,-1.9128559271441858,-1.4569361845599573
1.297386646270752,-0.1040727851041151,0.43628024561072776,-0.07175976225125165,1.9732858636948685,2.058617435109279,0.3234832955658486,-6.1812321520191595,11.860144052741436,5.465804665741031,1.4662915866599646,0.6855084660220092,0.14644567201818137,3.66599623739209,-1.9128230253802698,-1.457003418599264
1.2994577884674072,-0.10408384661995235,0.4362817951155357,-0.07176134724904686,1.9733310921254315,2.0586581133099338,0.32339887933930556,-6.005926173724314,11.094211745315375,5.667242128720579,1.4659470667222867,0.6834925362228761,0.14420860201965174,3.665999575252197,-1.912743870412008,-1.4570253531085413
1.301499605178833,-0.10407147923525843,0.43629600301061067,-0.07175121731251241,1.973363982086528,2.058689091840248,0.32341875654104796,-6.246769133570941,11.291389245206974,5.607416156493937,1.4579725108288806,0.6791463785150752,0.1432275509519843,3.6659514146992187,-1.9127267042743128,-1.457076374684469
1.3035478591918945,-0.1040383119798661,0.4362934633167715,-0.07175580607724949,1.9733887852554486,2.0586658815178653,0.32337359483572947,-6.111175564204689,11.389750382824811,5.737266922476145,1.4449565755819997,0.6804964640541016,0.1414086173328586,3.665924234981201,-1.9127104918109339,-1.4571355024920862
1.305607795715332,-0.10403588630874436,0.4362968615248383,-0.0717498397974591,1.9734085330740252,2.0587176700274448,0.3233554976328012,-6.284054281854136,11.116906940991832,5.9187307929985895,1.4379961794536558,0.6738136615515009,0.13878050509630113,3.665884180659912,-1.912670914326803,-1.4571884314166468
1.3076465129852295,-0.10402892543593631,0.436280558386782,-0.071751684302811,1.973429187579803,2.05874260840423,0.32328462071795017,-6.1854295941540505,11.116330224970339,6.079563895258364,1.4349025231920736,0.67697586152209,0.13711327631894532,3.665860338802002,-1.9126189390765589,-1.4572323004352015
1.3096866607666016,-0.1040199304638066,0.43627951835947154,-0.07175220262013488,1.9734600523903942,2.058765507226385,0.32322279302340773,-6.260126347097856,11.093887266494205,6.08808778649607,1.4316539217627433,0.6774642635144807,0.13411348599299894,3.665843649501465,-1.9125679175006312,-1.45728046098818
1.311725378036499,-0.10401361868071124,0.4362921814770231,-0.0717429562269583,1.9735154172871339,2.058807772443418,0.323201367713036,-6.078027821784753,11.256334815630309,6.430019045468623,1.426768738992141,0.680618964195051,0.1329954840860033,3.665804072017334,-1.9125154654132288,-1.4573324362384241
1.3137645721435547,-0.10399464886723037,0.4362814706475933,-0.07174857620078723,1.973506632874895,2.0587974880022806,0.32313977907783603,-6.25340039879401,11.22973146115391,6.477219707683947,1.4300274047892878,0.6698374264683924,0.13509813376360547,3.665811224574707,-1.9124987761126917,-1.4573763052569788
1.3158035278320312,-0.10399170476948248,0.4362929561805485,-0.07173804483865152,1.9735540872650816,2.058834172631818,0.32313350355600046,-6.293118452358461,11.149014198337978,6.544935958000818,1.4287133628709756,0.6648899934846262,0.13741427964236763,3.6657792764851074,-1.9124587217914026,-1.4574134985553187
1.3178424835205078,-0.10398234776553006,0.4362906339619607,-0.0717384160420374,1.9735743874432428,2.0588881099842884,0.3230646683899961,-6.290512372316179,11.140243597107425,6.522374632294897,1.4224607421280424,0.6640270226481332,0.13134224630256153,3.665740652675293,-1.9123957792865198,-1.4574921766864222
1.319882869720459,-0.10396843244034285,0.43628693648585753,-0.07174055195830041,1.9736210971402628,2.058908660400278,0.32299479866416997,-6.481482894285536,10.907173795426967,6.702356988200764,1.4285682660068586,0.6631693923640988,0.1348575493193263,3.6657048898884277,-1.9123356978045862,-1.457547966633932
1.3219292163848877,-0.10395612491283526,0.43628950785066595,-0.07172572891208286,1.9736175768818853,2.058918687414001,0.3229792187846478,-6.232283565852576,10.87149992091083,6.638909800077798,1.4205888828530933,0.6679534414469323,0.13467520793708893,3.6657344537922363,-1.9123275915728968,-1.4575889746295374
1.323974847793579,-0.1039518414160783,0.4362989518186581,-0.07172667544938754,1.973605068193701,2.0589809483869375,0.32298762750202703,-6.349004731888241,11.236106434983784,6.6283705781580835,1.4144013208224226,0.6702699688988262,0.13155466393292636,3.6656719881245117,-1.9123109022723597,-1.457656208668844
1.3260197639465332,-0.10393463315101704,0.43628205608897874,-0.07173744538048375,1.9736434177180708,2.058940641178353,0.3228683222998095,-6.40301393564174,11.14265497300503,6.687091181397842,1.412326343453229,0.6703657475298808,0.13196880237135084,3.6657020288654785,-1.9122589270221155,-1.4576728979693812
1.3280918598175049,-0.10393019592285553,0.43630080332443455,-0.07172699412299112,1.9736795616756047,2.0590217225420493,0.32288280158823873,-6.373730549390973,10.86287805904547,6.685526405284044,1.406781151174042,0.670522821310198,0.12645068175273005,3.6656204897114257,-1.9122145811664026,-1.4577520529376429
1.330136775970459,-0.10392133103446698,0.4362768211652943,-0.07174037527504902,1.9737144714229304,2.0589991426117713,0.3227387402528753,-6.491411592469457,10.859676439854795,6.632218674741193,1.4005750141998177,0.6673869241880651,0.12580839344150035,3.6656505304523925,-1.9121435324298304,-1.45776874223818
1.332181692123413,-0.10390159010310163,0.43629441789118417,-0.07172770816738916,1.9737000858328122,2.0590515254625363,0.3227729203734914,-6.429647231766369,10.596282638793618,6.721221264609024,1.3975911330714779,0.6631949616262082,0.12867976480190207,3.6656038004108886,-1.9121463934527796,-1.4578598181353968
1.3342723846435547,-0.1039086180564326,0.4362967837515077,-0.07171396173958093,1.9737949665125987,2.0590957404867054,0.3227410796869767,-6.411654723342362,10.740934570806855,6.803998209312962,1.3894533914703693,0.6609751172151848,0.12744950652155845,3.6655608850666503,-1.912067715321676,-1.457876984273092
1.336319923400879,-0.10387245931106212,0.43629033711590715,-0.07171852675044355,1.9738200147879115,2.0590269368993606,0.3226592946586571,-6.353629052460448,10.978640427030406,6.839782024775659,1.3816820699331678,0.6605632589304291,0.12218406503070706,3.665602846736572,-1.9120548407184046,-1.4579089323626917
1.338364839553833,-0.10387178909684022,0.43629616239659164,-0.07172750359515924,1.9738190616109,2.0591213838305946,0.322635235943088,-6.351298441649275,11.003931858560152,6.891562041483675,1.3750425682674141,0.6597776738381828,0.1221465156821519,3.6655008035847167,-1.9120033423053187,-1.4580000082599085
1.3404512405395508,-0.10386323196667052,0.4362980331905299,-0.07171946510398115,1.973813614943439,2.0591634888214663,0.32260375146393877,-6.340458021595234,10.43214363867891,6.968865697293325,1.3801271278759233,0.652016880483149,0.12579774596601845,3.6654955583759765,-1.9119742552386683,-1.4580639044391077
1.34254789352417,-0.10383842164538942,0.4362948141668202,-0.07171138644209016,1.9739112968637276,2.0591654501007044,0.32249585758086613,-6.255946781579583,10.823534028884872,7.049585141256772,1.3649398095873586,0.6511106039444121,0.11618412733821465,3.6654831606098632,-1.9118831793414515,-1.4581287542926233
1.344592571258545,-0.10383648749875155,0.4363012255039727,-0.0717078868504731,1.9739085181135057,2.0592165863803737,0.3224725274716576,-6.399365152698962,10.550702355921096,7.086490726455191,1.3691068255615648,0.6526816690575028,0.11316131763955856,3.6654631334492187,-1.91185170808901,-1.4581850210772913
1.3466367721557617,-0.10383613454371557,0.4363097073335333,-0.07170136734836693,1.9739669618965383,2.0592698449669538,0.32242346157327284,-6.371036346003486,10.474940204250048,6.904661883220155,1.365625273573748,0.6483359872205113,0.11724743822562306,3.6654278474995117,-1.9117792288409632,-1.4582369963275355
1.3486816883087158,-0.10382168108884003,0.43631103981808933,-0.07169774143243893,1.9739688077999604,2.0592908649545523,0.3223789198836486,-6.524339650193696,10.504454992725956,6.9769178624002395,1.3547988675735612,0.6418684869810884,0.11612961496001756,3.6654278474995117,-1.9117510954486292,-1.458297077809469
1.350726842880249,-0.10379131366924282,0.4362939098324179,-0.07170204716766714,1.9739547390486452,2.059292453905283,0.3223368802396069,-6.2722982514710885,10.670802050366483,6.883012822701316,1.3559897861358052,0.6519902525992536,0.10955566956186852,3.6653877931782226,-1.9117425123797815,-1.458371941243307
1.3527717590332031,-0.10378925446086107,0.4363065993991762,-0.07169008161489487,1.9739929888327565,2.0593282006135336,0.3223293482325221,-6.526640090469035,10.575678290997674,6.903529205987802,1.3520028344873363,0.6498020008201623,0.11828972886209532,3.665372057552002,-1.911706272755758,-1.4584081808673304
1.3548436164855957,-0.10377669941964926,0.43630842840407486,-0.07170072143864419,1.974043442269014,2.0593283891118537,0.3222366684034833,-6.443096828891379,10.614403629531639,6.734345379932219,1.3472457032016982,0.6492832208187704,0.1108809137213787,3.6653591829487304,-1.911642853413717,-1.4584487120257776
1.356919288635254,-0.1037599885227823,0.4363061204992872,-0.07169435935628547,1.9740164888613916,2.0593600667740533,0.3222238028716394,-6.453741888307907,10.44144058932046,6.903611460692553,1.3532817510297612,0.6482323036501088,0.11379807720134083,3.665343924159668,-1.911638085042135,-1.45851976076235
1.3589715957641602,-0.10375698080239631,0.43632752529755503,-0.07168263559434664,1.9741090230374072,2.059410244880302,0.3221661570747434,-6.230989044028497,10.601089302356923,7.101791237442567,1.3488600963387518,0.652607469792459,0.10914989505471412,3.6653196054645996,-1.9115479628192347,-1.4585760275470179
1.3610131740570068,-0.10374755737215899,0.4363258528084268,-0.07167409261731836,1.9740831948145103,2.0594633251083945,0.32220125954486156,-6.370784198362938,10.482216967814066,6.993008315748055,1.3511270869727758,0.649377305527374,0.11315255342578218,3.6652604776569824,-1.9115541617022913,-1.458639923726217
1.3630666732788086,-0.10372737949536048,0.4363380600230875,-0.07166591260557136,1.9741411593059939,2.0594551762720474,0.3221740545252538,-6.658500622882636,10.600558697895597,6.83469481199498,1.350919971906411,0.648889468362595,0.1128385027419671,3.665252848262451,-1.9115222136126917,-1.458679501210348
1.3651161193847656,-0.10372577965551642,0.4363002133944357,-0.07168119699364196,1.9741203849485365,2.0594839424756533,0.322052380768152,-6.499634852134024,10.572978218357044,6.800520258975959,1.3476921090732914,0.6545460556103762,0.11162420907096132,3.665240450496338,-1.9114630858050745,-1.4587238470660608
1.367163896560669,-0.10371980628430659,0.4362745213886984,-0.07169220949088492,1.9741159676264128,2.0594899695420876,0.3219473218988364,-6.4689494097794,10.498122333187139,6.995087207259248,1.3454417214734895,0.6564399887420755,0.11367818487632192,3.665247603053711,-1.911414925252096,-1.4587562719928187
1.3692119121551514,-0.10370131892943871,0.43630643886627685,-0.07167872718757719,1.9742283402251666,2.059504501787105,0.3219698341116201,-6.343795388732017,10.2506909917248,7.1467230745812556,1.3483088772852871,0.6561710805404345,0.11154581634025945,3.6651765543171386,-1.9113710562335413,-1.4588006178485315
1.3712477684020996,-0.10370086718550944,0.4363267896871981,-0.07165953690600081,1.9742153971053156,2.059582463429598,0.32196173838752046,-6.282386470014026,10.547572423223404,6.9320317817049,1.3417102585175182,0.6542748606897164,0.11362539628465806,3.6651875215717773,-1.9113391081439417,-1.4588797728167933
1.3732926845550537,-0.10367843775825676,0.43631918151440907,-0.07165802068373295,1.9742406597124567,2.0595849390895773,0.3219365321800107,-6.300367524016023,10.524972199447104,6.878437811143735,1.338052620355763,0.6478469932705456,0.11091214729030757,3.665144129390381,-1.911318604146139,-1.4589317480670374
1.375337839126587,-0.10366577143494032,0.4363181575463006,-0.07165945193510347,1.9743326347928454,2.0595677923041524,0.32185343754993684,-6.105395824213712,10.276892958377385,6.878079140058768,1.3429720543107417,0.6485518788517681,0.11015911042507082,3.665132685298584,-1.911248032246725,-1.4589489142047327
1.377382755279541,-0.10364118384421775,0.43631772843022837,-0.07164779370045679,1.9742996876631307,2.059583496679137,0.3218664171248389,-6.214544586758677,10.440864907930575,6.6565038299839365,1.342179906693859,0.6505681323774921,0.11222175734442147,3.665123625392578,-1.9112661520587366,-1.459019962941305
1.3794276714324951,-0.10364262906391264,0.43633794055275016,-0.07163900170608598,1.974334993215683,2.0596385303287503,0.32185767911565005,-6.184895526003004,10.3004460397072,6.9470575906476855,1.341433780277814,0.6581907783137763,0.11258776838726509,3.6650964456745605,-1.9112218062030237,-1.4590681234942835
1.3814725875854492,-0.10362803965025828,0.43632455162428824,-0.07164313282909071,1.974356461201235,2.059657836578944,0.3217709889997918,-6.336430151061036,9.982666632543827,6.869985118274515,1.343634937312005,0.652546309040328,0.11377868890677822,3.6650759416767578,-1.911166016255514,-1.459128204976217
1.3835117816925049,-0.10361453998625603,0.4363060697600723,-0.07165387255814828,1.9743559968489226,2.059667197807881,0.32165446147795,-6.342242487160316,10.506066956890734,6.608291791422473,1.3356185369019573,0.6524354780080273,0.11211530139121811,3.665083571071289,-1.9111107031451624,-1.459184471760885
1.3855504989624023,-0.10361430159416338,0.4363157142940679,-0.0716515437434734,1.9743844055243025,2.0597132610829214,0.3216566823570354,-6.412440325162466,10.55332484999477,6.637282203227718,1.3368634318627168,0.6501964654373141,0.10848210607466413,3.6650282579609375,-1.9110787550555628,-1.459224049245016
1.3876309394836426,-0.10359779315259517,0.43632855588162067,-0.07163659759144277,1.9744106710382752,2.059743712085653,0.321661233817313,-6.323334932445808,10.285979893607704,6.799773428422954,1.337194983936942,0.6565243951963232,0.11170184933260147,3.665003462428711,-1.91105825105776,-1.459287468587057
1.3896756172180176,-0.10358850730369049,0.4363214565130993,-0.07163671093692495,1.9744545502896398,2.059741141673729,0.32158725220523,-6.448088798772013,10.216580459302996,6.725570363129688,1.336260817704598,0.6470519166029641,0.1171495692994281,3.6650072771259765,-1.9110067526446741,-1.4593127409564417
1.3917205333709717,-0.10356866396823242,0.43633312968404214,-0.07162250643313245,1.9745067912095413,2.0597632118570486,0.3215897094818606,-6.255994425375284,10.58392228983261,6.853092414393243,1.325983837742561,0.6462829784498129,0.10808484648970973,3.6649643617817382,-1.9109776655780237,-1.4593728224383753
1.3937656879425049,-0.10357495258218602,0.43633337458582316,-0.07161489362093719,1.9745013356385686,2.059845540762575,0.32154820479782587,-5.937364587855457,10.192963069516553,6.980641806191764,1.3324447416269656,0.6507941871730485,0.11158155141151971,3.6649438577839355,-1.9109237829791468,-1.459440056477682
1.3958117961883545,-0.10355009448337288,0.4363263896951679,-0.07161531461655687,1.9745200885218452,2.0598326489045675,0.32149065321376025,-6.250644681911661,10.148478735828423,6.901459190206718,1.3318620938839694,0.6456825821123291,0.11133932842681038,3.6649395662495117,-1.910898510609762,-1.4594915548907679
1.3978567123413086,-0.10352580550735671,0.436325699977417,-0.07162610683596925,1.9745458095225332,2.0598182531240514,0.3214412308899188,-6.4740062082345515,10.214052485526125,6.938415950653804,1.3233252496519003,0.6395062148357655,0.11282366999656429,3.664904757136963,-1.9108746687518519,-1.4595397154437464
1.3999006748199463,-0.1035187704929991,0.4363360200319668,-0.07161179403232179,1.9745741971903823,2.059875122497511,0.3214496544432215,-6.282977465570454,9.988356952673605,6.97916688534328,1.3225935383351608,0.6456354337291844,0.11064761448274202,3.6648565965839843,-1.9108417669879358,-1.4596031347857874
1.4019403457641602,-0.10350053098839138,0.4363354819398099,-0.0716101057199891,1.9746033327375503,2.059856810518946,0.32141098506115584,-6.361008041287987,10.169342910195862,6.9108442042301546,1.3180578921774069,0.6399269428897957,0.10529558894750313,3.6648599344440917,-1.9108217398272913,-1.4596317450152796
1.4039807319641113,-0.10350378301307497,0.43634269015991994,-0.07159423652542578,1.9746407619052186,2.0599278280762494,0.3213712961332324,-6.296359750802248,10.104055158194615,6.957165888911968,1.3138136946890135,0.640331639529288,0.10570548028141041,3.6648446756550292,-1.9107545057879847,-1.4596918264972132
1.4060218334197998,-0.1034804169503786,0.4363142462861611,-0.07161354472263294,1.9746414312487457,2.059891272500559,0.32125093097280566,-6.105520760096961,9.950245795001077,7.0673412317566955,1.3177946381659835,0.6436713913471837,0.10537179128396035,3.6648518282124023,-1.9107187430011194,-1.4597275892840784
1.408097743988037,-0.10347091081556276,0.4363164749255542,-0.0716169320616858,1.9746932316816086,2.059915709614208,0.3212088942068176,-6.331560324430852,10.080472756852062,7.010527158758711,1.30557864499825,0.6332780433331728,0.10724775281714805,3.664796991939209,-1.9106667677508753,-1.4597724119769495
1.4101431369781494,-0.10345880712866512,0.4363177485375373,-0.07160919316836838,1.9746080129605486,2.0599875665630134,0.32122993942413336,-6.338377789874958,9.669400924781915,7.180691081976093,1.3038509209045377,0.6388757013337043,0.10348077636227632,3.664771719569824,-1.9106858412372034,-1.4598706404315394
1.4121878147125244,-0.10344551011753704,0.4363375480530636,-0.07159150840443275,1.9747543805654062,2.0599347264154213,0.32122378474235425,-6.3914382241716865,9.789934999985697,7.046659834210782,1.3016854912162312,0.6380248020784555,0.10351460209590713,3.66477553426709,-1.9106414953814905,-1.459841553364889
1.4142324924468994,-0.10343631022590272,0.43633461772944715,-0.07159056858897346,1.9747293482042516,2.0600083578399992,0.3211528459064191,-6.13806309701442,9.699261998122434,7.209789040888656,1.3007530057191672,0.6407265287881613,0.10482765259777366,3.6647555071064453,-1.9105895201312464,-1.4599435965167444
1.4162733554840088,-0.10344329825485668,0.43633341572315737,-0.07158390078600355,1.9747063689206317,2.0600774304915497,0.32113135850112734,-6.220442186411754,9.683338832418068,7.269187992417222,1.2941221052325291,0.6348995358559052,0.10485803867619503,3.66474358617749,-1.9105585257159632,-1.4599955717669886
1.4183175563812256,-0.1034098021495286,0.43633478109344187,-0.07159082184207331,1.9748118753288049,2.0600209265911595,0.32104731331187686,-6.066392482620881,9.860233784385022,7.318972667560012,1.2900056260204464,0.6344609589212595,0.10280895821445607,3.66471974431958,-1.9105022589312952,-1.4600241819964808
1.4203574657440186,-0.10338724766563454,0.43635105960524934,-0.0715702499073887,1.974820247737706,2.060055485031727,0.32109606450316946,-6.202120200647456,9.526010563524043,7.431649159493057,1.2962394095376881,0.6282419663106394,0.10442087872916961,3.664679689998291,-1.9105094114886683,-1.4600995222674769
1.4223973751068115,-0.10338227068811885,0.43634413473380584,-0.07157587867964409,1.974835139257656,2.0600742798883145,0.3210491559852313,-6.198208993212824,9.844496373600567,7.256130597825594,1.2851230296395098,0.6265643860385179,0.09872314113486502,3.6646525102802734,-1.910473648701803,-1.4601324240313929
1.4244365692138672,-0.10337307576649117,0.4363557258052781,-0.0715657894395935,1.9748324571217784,2.060115309106043,0.3210377052215382,-6.314366267675993,9.870833278071355,7.283175063178245,1.279690514936098,0.6312473192504083,0.0962617862016838,3.6646477419086914,-1.9104531447040003,-1.4601953665362757
1.4264757633209229,-0.10336267790668587,0.43633788066932766,-0.07156707450458466,1.974875271470606,2.060126348240278,0.3209226617979251,-6.103852821687665,9.857326314031416,7.197727935557311,1.2786811246558885,0.6322538633245782,0.1001465605943001,3.664651556605957,-1.910377327595846,-1.4602401892291468
1.4285156726837158,-0.1033515130228426,0.4363375268038913,-0.07156828825325734,1.9749005141431373,2.06015442002852,0.3208532211410239,-6.100981061961777,9.76405259817786,7.461491179522345,1.275301981250086,0.6235993642726912,0.09981677121564558,3.664635344142578,-1.910323444996969,-1.4603002707110804
1.4305546283721924,-0.10331132837743526,0.4363488074215799,-0.0715601597534088,1.9748804640638133,2.0601945189567767,0.3208597340300229,-6.103764931319578,9.414241245938053,7.626144149399529,1.2717102009874324,0.619515639149253,0.09648722879120836,3.6645752626606445,-1.9103248755084437,-1.460430924092428
1.4325945377349854,-0.1033047639445184,0.43634245287831613,-0.07156288245304776,1.9749843882983105,2.0601922908274766,0.3207595134932691,-6.082870771305427,9.702587466411202,7.486279917175477,1.261257718986673,0.6144494776682239,0.09713430348850888,3.6645514208027343,-1.9102333227740687,-1.4604476133929651
1.4346346855163574,-0.10329262784364633,0.4363263061441788,-0.0715630627631745,1.9749962235682756,2.060237176971698,0.3206815222138358,-6.0632585660014175,9.735678715760129,7.693655920722596,1.2593525396018022,0.6156451994994429,0.09318021799603443,3.664515181178711,-1.9101741949664515,-1.4605234305011194
1.436673641204834,-0.10328129258411717,0.43635340091798674,-0.07155297200927746,1.9750456463105803,2.0602447882428225,0.32067114398360835,-6.056732597469489,9.336363013374577,7.768411146661675,1.2598226537772481,0.6178163454075669,0.09885402838444657,3.664522333736084,-1.9101455847369593,-1.4605591932879847
1.4387123584747314,-0.10326254801451168,0.43634219698103516,-0.07155765019185799,1.9750274229062879,2.0602488424235417,0.3206739070703482,-6.187528627011975,9.508976047302601,7.876716447018204,1.2565320784949296,0.6249905314022275,0.08861628840463048,3.6644722658344726,-1.910156551991598,-1.4606035391436976
1.440793514251709,-0.10326919590845858,0.4363390400195075,-0.07154541306529714,1.9750173949827179,2.0603389701419235,0.320598541406968,-6.213958515740966,9.551772416641008,7.710133175678656,1.252600424317468,0.6301795984488198,0.08979765547139651,3.6644832330891113,-1.9100855032550257,-1.4606831709491175
1.44284987449646,-0.10325240573501679,0.43634206834522826,-0.07154432721928346,1.9750684557213136,2.0603330082681044,0.32055236319185715,-6.313993144752482,9.41827859607435,7.661332137833328,1.2479084196430377,0.622256561342787,0.09061071635474932,3.6644674974628906,-1.910046402608053,-1.4607189337359827
1.444894790649414,-0.10324641507803081,0.4363393034880298,-0.0715519252771106,1.9750896519600691,2.060370334529966,0.3204832077155211,-6.121682693150175,9.432573248164672,7.965568506154234,1.2450625081357614,0.6176130056187482,0.09037458161028894,3.664431257838867,-1.9099896589862269,-1.4607752005206507
1.4469397068023682,-0.10321809487627993,0.4363333511697084,-0.071549539925507,1.975114747938651,2.060359254365479,0.3204511206611935,-5.977651348429932,9.521066609473513,7.890088998913782,1.2384847295478116,0.6090849612198594,0.0889197694571443,3.6644036012836914,-1.9099729696856897,-1.4608305136310022
1.4489836692810059,-0.10321231849388762,0.43634455062740957,-0.07154120911090806,1.9751826200153748,2.060385354247533,0.32039624843104086,-6.304760773298231,9.367758863245138,7.909864483176708,1.2341433903886772,0.6040383029978614,0.08618952403403807,3.664395495052002,-1.9099062124835413,-1.4608715216266077
1.45102858543396,-0.10321645477576785,0.43636787727911175,-0.07152311400708256,1.9752431954147842,2.060443938147434,0.32040298622341257,-6.103512024034131,9.504583293701787,7.927620962510856,1.2282786428595185,0.607475217936287,0.08125586117448652,3.664367361659668,-1.9098551909076136,-1.4609110991107386
1.4530737400054932,-0.10318876444704583,0.4363504206275813,-0.0715289346040657,1.9752279517145723,2.0604232780759597,0.3204058283770019,-6.387427385503225,9.199735128199286,8.013297339386746,1.2310437844254836,0.6107208539347756,0.08501258265620154,3.66431634008374,-1.909877125416891,-1.4609516302691858
1.4551186561584473,-0.10318022920332817,0.4363666042098512,-0.0715188185858223,1.9752459087735805,2.0604661160546724,0.32036601038974466,-6.202876643981409,9.165670043312309,8.263723572377813,1.217518701437256,0.6080169193680585,0.0844366690373452,3.6643234926411132,-1.9098332563983362,-1.4610188643084925
1.4571640491485596,-0.10316720080559767,0.43635759328631657,-0.07152080506907212,1.9753104030332762,2.0604665059391,0.32033045225123724,-6.196390511662202,9.195879380274544,8.309638091372499,1.2205874864160706,0.6027756361489859,0.07818185463435512,3.664263887996338,-1.9097893873797815,-1.4610441366778772
1.459230661392212,-0.1031327988664055,0.43636296425247395,-0.07151772871734356,1.9753003986422217,2.0604248475832123,0.32030958367971224,-6.157408352099332,9.350131504650568,8.314584029884799,1.211801152027353,0.5981267820108082,0.08249188550402747,3.664294405574463,-1.9098084608661097,-1.4610922972308558
1.461289882659912,-0.10314274665943188,0.4363730842007007,-0.07151847368926599,1.9753355543121507,2.0605079789861676,0.32025506648308394,-6.058695433457258,9.391078747084954,8.207304897259457,1.2135432424896082,0.5983215226085343,0.08230549688693367,3.6642471986958007,-1.909729305897848,-1.4611519018756312
1.4633567333221436,-0.10314233546981377,0.4363764435186071,-0.07150647900239206,1.9753844886420138,2.0605390893098767,0.3202465570228759,-6.170686851929645,9.088487729829273,8.356983238305318,1.2190056893251406,0.5991463735695645,0.08166043154897001,3.664220018977783,-1.9096892515765589,-1.4611762205706995
1.4654016494750977,-0.10311927844442713,0.43636636165576287,-0.07151525724641676,1.9754202251530883,2.0605392150814565,0.320168925398295,-6.405831736354855,9.188259263331478,8.232184526030133,1.2122418814022868,0.5992609458239683,0.08345840355529255,3.664179964656494,-1.9096410910235804,-1.461235825215475
1.4674465656280518,-0.10309992083868946,0.43636146990297553,-0.07150738613446575,1.9754435650709508,2.0605367066559586,0.32013127532658847,-6.077908430227943,9.094807375993291,8.31854391028629,1.2158948183473217,0.604375674579671,0.08758657886827054,3.664179964656494,-1.9096172491656702,-1.4612801710711878
1.469491958618164,-0.10309086458990648,0.43636529389550044,-0.07150723320905747,1.9754385865730835,2.0605720423626797,0.3200778403870496,-6.0916674934378205,9.33198586659438,8.28086252261159,1.2161931528138095,0.6006199408629956,0.0869853717062748,3.6641790109821777,-1.9095810095416468,-1.461344067250387
1.4715368747711182,-0.10307914094584836,0.4363776813163069,-0.07149255949354383,1.9754924953250865,2.0606072288368424,0.3200914760293281,-6.004714547156336,9.222418055492318,8.184216635522807,1.216494998676051,0.5994461721047041,0.08100355355446154,3.6641270357319335,-1.9095490614520472,-1.4613950888263147
1.4735820293426514,-0.1030752596164492,0.4363695663455728,-0.07149822848004463,1.975513551632397,2.0606230316396803,0.32001307714569266,-6.2268553809673435,9.048818214722953,8.262526881979326,1.2200623735750777,0.6017220886269469,0.08898174610051274,3.664123697871826,-1.909497086201803,-1.4614279905902308
1.4756269454956055,-0.10306274467387533,0.4363347899569014,-0.07152314560492062,1.9754902369686254,2.0606370924738977,0.31981832969719376,-6.308267543332962,9.355337997078578,8.067862605097364,1.2194027812357673,0.6046193406166168,0.08497193811266834,3.664147062892578,-1.9094141165362757,-1.4614999930011194
1.4776718616485596,-0.10303741215996712,0.43636495955863197,-0.07149744242076686,1.9755347297949495,2.0606309356682115,0.3199139171237564,-6.19628526175944,9.265534245861582,8.208711226519714,1.2204478653703226,0.6056442135831643,0.08786659352705001,3.664114161128662,-1.9094446341144007,-1.4615357557879847
1.479717493057251,-0.10303610201134145,0.43635625713228043,-0.0714905690161138,1.9755362021147809,2.0606959685214137,0.319899728208303,-6.307199999409237,9.1236277393422,8.234406820119416,1.220133809522711,0.603390401279581,0.08480754129886825,3.664059801692627,-1.9094088713275355,-1.4615958372699183
1.4817616939544678,-0.10304148913827124,0.43637299523789075,-0.07147727003452434,1.975610976186837,2.0607536633666976,0.3198684569558125,-6.215405074187699,9.102356647486904,8.17193662050184,1.2204724769349962,0.6043260576268042,0.08318701551472202,3.664032145137451,-1.9093340078936976,-1.4616354147540491
1.4838056564331055,-0.10301779749918805,0.43635193770133035,-0.07149121617843728,1.975562160744758,2.0607581674960618,0.319760600098546,-6.3979540846822545,9.387805965238858,8.297648972759983,1.211976577040037,0.5975969315554697,0.08543269130781139,3.6640469270893554,-1.9093087355243128,-1.4617145697223108
1.485844612121582,-0.10301106530801474,0.4363595825926996,-0.07148858795357049,1.9755321784949604,2.0608143008603657,0.31977139866289256,-6.434571255158287,8.930294966076808,8.393548399084139,1.2180194208783053,0.6007079589423414,0.0881741257010693,3.6640068727680664,-1.9093039671527308,-1.461783234273092
1.487884759902954,-0.10298349452926155,0.4363392208901882,-0.07148893524462126,1.9755903844868032,2.0607603357516058,0.31967492434550043,-6.369757590990908,9.363601312516188,8.484506435138329,1.20530717290633,0.6039772687847402,0.08395225249007404,3.664026899928711,-1.9092610518084925,-1.4618032614337366
1.489924430847168,-0.10298505460524729,0.436371476962852,-0.07147307154132122,1.9756143818118657,2.0608641423448875,0.319711108658477,-6.349685773319585,9.17116943240894,8.433529816582887,1.208571371586256,0.6050490339574254,0.08694056626585905,3.6639553743549804,-1.9092209974872034,-1.4618900457965296
1.4919648170471191,-0.10297373627418653,0.43637847091521625,-0.07146453531637784,1.9756598454989562,2.060853390922349,0.31970682665773864,-6.404307656180657,8.960969695765268,8.538269899704796,1.2105582071063328,0.600466395671742,0.07923357711853996,3.6639506059833984,-1.9092047850238245,-1.461902920399801
1.494114637374878,-0.1029624375247986,0.4363790301079743,-0.0714611742413048,1.9756996590109213,2.060863145129471,0.3196646346681258,-6.1152543682301665,9.240685324473244,8.30556293197743,1.2044633446969457,0.5990415515923728,0.07947071872851574,3.663935347194336,-1.9091647307025355,-1.461940113698141
1.496187448501587,-0.1029488760531869,0.4363720026428092,-0.07145644826269601,1.975711744188963,2.060895039684499,0.31958333234603487,-6.116533918810332,9.069238374841714,8.628779765406517,1.2006653889695207,0.5923205356556387,0.08101588152076411,3.6639391618916015,-1.909109894429342,-1.4620111624347132
1.4982280731201172,-0.10293485685227183,0.4363728494725218,-0.07145110046486827,1.9757236748691045,2.060912172147638,0.3195713644258688,-6.089236745443671,9.220064318282596,8.50233215897732,1.1981817838143982,0.5948598129136555,0.07734708366365833,3.663914843196533,-1.9090936819659632,-1.4620588461505335
1.5002856254577637,-0.10292280204543208,0.4363770074890856,-0.07145360598065809,1.9757851530113835,2.0609361804778654,0.3195118509789645,-6.320767896602861,9.02284484026921,8.477229110817495,1.1993259598759292,0.5943776845302934,0.08422176397662046,3.6638681131550292,-1.909029785786764,-1.462111775075094
1.5023369789123535,-0.10292032160869469,0.43637323490893004,-0.07144801308069128,1.975731157854056,2.0609907997494172,0.3194745186768751,-6.2998366956158804,8.940823228867332,8.526022675697952,1.1985762185922626,0.5995473826892137,0.08406454315395806,3.6638871866413574,-1.909013573323385,-1.4621790091144007
1.5043814182281494,-0.10289482673052425,0.4363640252363195,-0.07144395389550649,1.975805057646723,2.0609471409874613,0.31946110496576446,-6.196694223705056,9.072676870345521,8.415746650960898,1.198572909390837,0.5986422745031089,0.07986630069356893,3.6638476091572265,-1.908996884022848,-1.4621880690204065
1.5064468383789062,-0.10289070101542162,0.4363831596054858,-0.07143436172473129,1.9757698364935257,2.0610236984159593,0.31946231602157305,-6.24059236149875,9.10384376028269,8.458047348616343,1.1984938862391994,0.5960035447875343,0.07823789332221603,3.6638356882282714,-1.908980671559469,-1.4622748533831995
1.5084917545318604,-0.10287092079710324,0.43635837326634397,-0.07145572763790939,1.9757720173855122,2.061003071839359,0.3193336114561828,-6.230870411373905,8.912102720532758,8.267243580102512,1.2052534718063248,0.5929214967816236,0.08259675800360683,3.6638356882282714,-1.9089329878436487,-1.4623191992389124
1.510554313659668,-0.10285932660964398,0.4363757653106446,-0.07143949822830765,1.9758926063166435,2.060996371679746,0.31931458664256834,-6.116149891511882,9.160182873634028,8.016800364385121,1.2026965640936322,0.5965570867011563,0.08226731187877162,3.6638151842304687,-1.9088738600360315,-1.4623320738421839
1.5125997066497803,-0.10284106832794174,0.4363568425725093,-0.07144314699436022,1.9758419262209743,2.0610208999566444,0.3192957664979925,-6.114710597651047,9.213501939620016,8.073758156772506,1.19547742322736,0.5943986251637478,0.08409080455661505,3.6637789446064453,-1.9088805357562464,-1.4623997847186487
1.5146448612213135,-0.10281756424736632,0.4363711386876617,-0.07143137160801491,1.9759136429784343,2.0610749715547034,0.31919566715180675,-6.118807142760113,9.1458226924019,7.788251329755192,1.201561104687078,0.5965696446636153,0.08371969170075821,3.663759394282959,-1.9087818304644983,-1.4625147024737757
1.5166902542114258,-0.10280436134058389,0.43638046331040725,-0.07141984623142264,1.9759357094436185,2.061083209799718,0.3192177899242991,-5.916638891542307,8.966973296486659,7.7923947621768574,1.2026034762070927,0.6011991463519376,0.08211846986105997,3.6637393671223144,-1.9087803999530237,-1.4625471274005335
1.5187387466430664,-0.1027907820442571,0.4363649827491392,-0.07141515474240825,1.9759430811839849,2.061108146482951,0.3191326421045258,-6.121454305846132,9.25849249161279,7.750862652487437,1.1904425543544435,0.5922213303251717,0.08302298300334898,3.6637465196796875,-1.9087289015399378,-1.4626110235797327
1.5207850933074951,-0.10279514791668837,0.4363822657183582,-0.07140360935464678,1.9760123824346525,2.061138566257998,0.31911203260898385,-5.7705259101970245,9.10017326207218,7.933316429595876,1.1879735457980583,0.5964136397221291,0.08176575326258179,3.663738413447998,-1.9086735884295862,-1.4626277128802698
1.5228455066680908,-0.1027874921460818,0.43636061429759904,-0.07140786408634738,1.9759489630163254,2.0612036688934996,0.3190392700356833,-5.788911831948848,8.888854181766266,7.817840406254213,1.195126744864627,0.5931279284681175,0.08275087131393016,3.6637226778217773,-1.9086416403399866,-1.4627187887774866
1.524890661239624,-0.10275744761157002,0.4363709483648718,-0.07139435359356114,1.9760168355775927,2.061158654652566,0.3190499900704778,-6.093447136134271,9.000447613761644,7.723231691879466,1.189021578126647,0.5907521650421987,0.08227185206357518,3.663714571590088,-1.908640209828512,-1.4627388159381312
1.5269360542297363,-0.10275560165460118,0.43636689077641544,-0.07139134418572174,1.9760374499908397,2.061209861911808,0.31899147450346127,-6.008421063568067,8.847422484534865,7.875402436291349,1.1910320384332445,0.5933060109067182,0.07665820723233457,3.6636902528950195,-1.908581558858053,-1.4627955595599573
1.5289809703826904,-0.10273461650805982,0.43637941537484687,-0.07140005485277853,1.976062985844547,2.061204237846782,0.31896575774933356,-5.9238454981949165,8.729890738850566,7.636162095100625,1.1878021578753377,0.5945728186295107,0.08175285470869109,3.6636554437824707,-1.9085643927203577,-1.4628432432757776
1.531024694442749,-0.10273584295237898,0.43639222857427823,-0.07138676363480415,1.9760879138367151,2.0612779764872573,0.3189414627720001,-6.088048345958349,8.783595733998359,7.548140847504613,1.18842812600724,0.5943007130697907,0.08180910910628103,3.6636316019245605,-1.9085090796100062,-1.4629104773150843
1.5330636501312256,-0.10272802702520947,0.4363752418982365,-0.07137993270297127,1.9760630922562037,2.0613347032429554,0.3188911238786143,-6.010500634524631,8.714520580220942,7.593225164964458,1.1861340463052032,0.5905824691965993,0.08279469217186147,3.663614435786865,-1.908473316823141,-1.4629862944232386
1.5351026058197021,-0.10270600289188861,0.4363919493902084,-0.07136886097883148,1.9761448688089325,2.0613012116215823,0.318895152633919,-5.949066944121926,8.90820465697137,7.71173542274896,1.1801188073394064,0.5848943066906301,0.07887230211435187,3.66360251485791,-1.9084561506854456,-1.4629996458636683
1.5371415615081787,-0.10268772627580565,0.43637858354759385,-0.07138416223576345,1.9761597318612012,2.0612861040791413,0.31878479826829753,-5.979837685297797,8.93907071962321,7.5331560091331715,1.1856902622733985,0.5835820314180935,0.08103899904873213,3.6636063295551757,-1.9084084669696253,-1.463043514882223
1.5391807556152344,-0.10268043356659826,0.4363748495100283,-0.07137258020783636,1.9761239120984297,2.061339132202562,0.31876357693933655,-5.977924955444461,9.089699933327658,7.5432608914566135,1.1841068534037689,0.5836141773804193,0.08065979059862766,3.663609667415283,-1.9083927313434046,-1.4631145636187952
1.541219711303711,-0.10268063311708744,0.43636067253236516,-0.07136407168278022,1.976157396470459,2.0613890506099772,0.3187148140793087,-5.8575403092333955,8.81373121358454,7.554146222615238,1.189401774209226,0.5961675553746232,0.08290086297940269,3.6635748583027343,-1.908332649861471,-1.463158909474508
1.5432584285736084,-0.10265976423211567,0.4363707183490206,-0.0713658243696389,1.976224620382539,2.061383600882924,0.3186565410619139,-5.9994873065253564,8.917016657430098,7.528802140968502,1.1947639597547681,0.5979811001005196,0.075410002572522,3.663550539607666,-1.908281151448385,-1.4632065931903284
1.545297622680664,-0.10265145596035666,0.4363646958458904,-0.07136783058366135,1.9761771549317517,2.0614107554028074,0.31861362270510285,-5.986251410353251,8.89466060502545,7.489228219836042,1.1925816825775815,0.5993215295956951,0.07890953605693535,3.6635653215595703,-1.9082725683795374,-1.4632623831378382
1.5473787784576416,-0.10263832306386443,0.4363612218878043,-0.07136627180075704,1.97621099594065,2.0614312909071284,0.31854201535450566,-5.835604807153823,8.908548334445706,7.5214620719768295,1.1868901741058817,0.5947949769784651,0.08208798197369599,3.663553400630615,-1.9082172552691858,-1.4633186499225062
1.5494232177734375,-0.10262700325991575,0.43638326351607964,-0.07134546310368547,1.9762729259560505,2.0614549360220735,0.318604862857286,-5.880354845910677,8.879496927487631,7.525403097705379,1.1880331253953382,0.5904762660465309,0.08420606783844531,3.66349904119458,-1.9082091490374964,-1.4633505980121058
1.5514686107635498,-0.10259699259518304,0.43638988138618434,-0.07134263876758984,1.976330720913066,2.0614406895067514,0.3185506495509569,-5.808387797843588,9.139634460886304,7.4101499775831225,1.1915789795252762,0.5888077741513296,0.07839880249958919,3.663482351894043,-1.9081690947162073,-1.4634106794940394
1.553513526916504,-0.10260291587466533,0.43637965615499474,-0.07134562188421453,1.9762650782210929,2.0615213288634804,0.31852842517496305,-5.666798801405546,9.06703401676061,7.503759618469511,1.188966783930968,0.587510706807603,0.08343758042070026,3.6634508806416015,-1.9081524054156702,-1.4634783903705042
1.5555589199066162,-0.10258542882396032,0.43637562790861356,-0.07134579986265507,1.9763505666498549,2.0614733140908035,0.3184648801844415,-5.691364036973685,8.973836841532245,7.4397226322576735,1.1955500177492715,0.5879363947114632,0.08515225421628686,3.663454695338867,-1.9081080595599573,-1.463475529347555
1.5576038360595703,-0.10256562059408059,0.4363757232047674,-0.0713337905739283,1.976332988867116,2.0615132982879576,0.31846129753615665,-5.758793673538726,8.907411476326203,7.215176310305539,1.2013330207515722,0.5846253836868238,0.08286119781673423,3.663430376643799,-1.9080999533282679,-1.4635584990130823
1.5596497058868408,-0.10256870524072631,0.43637654566629785,-0.07133237302347496,1.9763863147872773,2.061554261709035,0.3183919361571106,-5.5976886503536765,8.99398530383758,7.305520948842968,1.1991473143367737,0.592686059365151,0.08747646592002056,3.6634103494831542,-1.90802508989443,-1.4635942617999476
1.5616958141326904,-0.10254532154499238,0.4363925864696306,-0.07131619608662874,1.976407006579678,2.0615852672463673,0.3184059789121808,-5.851804451924605,8.988062028048482,7.078504539304908,1.2030844864294212,0.587797512799857,0.08608607416758024,3.663378878230713,-1.9080122152911585,-1.4636734167682093
1.5637462139129639,-0.10255332797146308,0.43639308826334916,-0.07131936468458104,1.9764335543657177,2.0616270531283964,0.3183548608490694,-5.706644709438429,8.88785207495625,7.014804006621365,1.2063662063432743,0.5965984041865522,0.08888746059349589,3.66335837423291,-1.907956902180807,-1.463698689137594
1.5657932758331299,-0.10253862288628901,0.43637444504413436,-0.07132941414643172,1.9764680874798943,2.0616123377314732,0.31824226613343803,-5.864649742593076,9.111496253902423,6.844465671346928,1.19745719138859,0.5876351522370914,0.08509378648167398,3.6633621889301757,-1.907898251210348,-1.4637311140643519
1.5678396224975586,-0.10251777623674865,0.4363654874406459,-0.07132411498272838,1.9763954607655387,2.061651837482181,0.31823170471432793,-5.543192590677423,8.991073284292417,7.170620510474478,1.1989042321441632,0.5943955382522961,0.08562579461025988,3.6633540826984863,-1.907912556325094,-1.4638221899615687
1.5698847770690918,-0.10251032010969577,0.4363977390875925,-0.07130547917988424,1.976480975540798,2.0616876214085607,0.31826233122329345,-5.6203319313174465,8.802990731196811,7.139395123885306,1.2050982313710026,0.5908627191613328,0.08744862933690623,3.6633073526569824,-1.9078729788409632,-1.4638622442828577
1.5719294548034668,-0.10249250872394086,0.43638048083937636,-0.07131914760401999,1.976518866625279,2.061658932641376,0.3181445857702689,-5.706636011696734,9.359108899505252,6.958325627763682,1.1926075359657367,0.5906317034090847,0.08335363943413132,3.6633145052143554,-1.9078171888934534,-1.4638903776751917
1.5739686489105225,-0.1024792597650194,0.43639703304993205,-0.07129698715528979,1.9765571246177143,2.0616881026713183,0.3181970356309632,-5.619282678415207,9.271713142823002,7.106903342848582,1.1892156134494045,0.5914173228955603,0.07869152796957973,3.6632744508930664,-1.9078128973590296,-1.4639352003680628
1.576007604598999,-0.1024874009191016,0.436393084399618,-0.07130745450097152,1.9765620822094114,2.0617545310292527,0.318129168323746,-5.679834128220998,9.011292648586588,7.253185958706312,1.1913276804269373,0.5958668650084786,0.08489578695598676,3.66323105871167,-1.9077490011798304,-1.4639866987811487
1.5780465602874756,-0.10245210398765194,0.4364127357814622,-0.07128468565557135,1.976587638191287,2.061722334917056,0.3181768149170798,-5.720951607531324,9.005123952972104,7.3264196211502455,1.1877157363958912,0.5922156566799985,0.0892209329597754,3.6632420259663085,-1.9077790419207972,-1.4640310446368616
1.5801398754119873,-0.10244061751642197,0.436391332321965,-0.07129286832535595,1.976567669126897,2.061777027860638,0.3180507150172978,-5.700959711076077,8.91797612593954,7.337409213227776,1.1927038754368995,0.5899713364014417,0.08375910229875855,3.6632301050373535,-1.907707993184225,-1.4641264120685022
1.5821843147277832,-0.10242630412367679,0.4363868625474002,-0.07129327902076417,1.9765725923633604,2.0617592810119154,0.31802416629734503,-5.799972117966117,8.535963879436935,7.352807700628334,1.2009442438027185,0.5843593929763167,0.08810906123588236,3.6632372575947265,-1.907703701649801,-1.4641464392291468
1.5842597484588623,-0.10241731877869535,0.4363745222155604,-0.07129913059682012,1.9766238491030232,2.0617881540502196,0.3179793404613533,-5.79806707799101,8.84248368666435,7.330072458654163,1.1920888449749227,0.5836120741905829,0.0868247575990137,3.663155718440674,-1.9076483885394495,-1.4641903082477015
1.5863630771636963,-0.10239517344662298,0.43636735577811725,-0.07129656025217797,1.9766416737978472,2.0617673544927935,0.31795073998916995,-5.9337822186109195,9.03582876263668,7.494541897249992,1.1897082166278192,0.5822701604995646,0.08358915464578176,3.6631504732319335,-1.9076398054706019,-1.4642232100116175
1.5884194374084473,-0.1023877868671448,0.43639752595330616,-0.07127813607655228,1.9766689420881765,2.0618280298285607,0.3179472961838513,-5.679670268476732,8.92558301561591,7.524963175821503,1.194907685532426,0.5856997294131275,0.08127324854167967,3.6631457048603515,-1.907600227986471,-1.4642990271197718
1.5904698371887207,-0.10238792439198566,0.43638161192142383,-0.07129019796092566,1.9766734505329862,2.0618812928891996,0.31785643819347115,-5.840939325862815,8.998259707140914,7.593753821409539,1.1839942956801661,0.5873908830083161,0.0814539619874578,3.6631027895161132,-1.9075329939471644,-1.464358154927389
1.5925109386444092,-0.10236180859579748,0.4363920328375372,-0.07126480254994277,1.976676385511654,2.061950001529429,0.317827349176941,-5.717970267686557,8.804299704699966,7.532567588672601,1.1833278149659474,0.5856899157806605,0.08403211333616933,3.663093252772949,-1.9074919859515589,-1.4644859472857874
1.5945591926574707,-0.10234299475127429,0.4363962633910373,-0.07126456626236609,1.9767272141373886,2.061917203468745,0.31782200964604007,-5.687706613390056,8.811763716874893,7.723139153937901,1.1742075881220815,0.5813917764739372,0.08221272107906263,3.6630703645893554,-1.9074838797198694,-1.4644950071917933
1.5966055393218994,-0.10232299760965366,0.43639942430323697,-0.07125434650385475,1.9767686412897898,2.0619460309648665,0.31781453742842175,-5.629052921588185,8.749506409534208,7.71856074147359,1.1767287029304265,0.5782245058855635,0.08114934813513452,3.6630145746418457,-1.9074519316302698,-1.4645622412311
1.5986459255218506,-0.10231637858739653,0.4363907736641717,-0.07126382520598698,1.9767445830971515,2.061962857895395,0.3177251862265461,-5.7584946509223425,8.972132866268911,7.473064561090911,1.1744665669387617,0.5746034382102209,0.07673849416149175,3.6630379396625976,-1.9074156920062464,-1.4646104017840784
1.6007449626922607,-0.10229044389101455,0.43637641472606703,-0.07126724485438517,1.9767759086527723,2.061961763082262,0.31765067991344176,-5.849695921282494,8.743135780374823,7.699966975140918,1.1707666264026801,0.5742629063483161,0.08117766222079725,3.66300551473584,-1.9073718229876917,-1.4646742979632776
1.6027886867523193,-0.10230628816932308,0.43637241863907894,-0.07126225002326908,1.9767815659163344,2.0620530077811585,0.3175880067596555,-5.64542350925019,8.79917989596088,7.734674277861336,1.1678948998113021,0.5838666342899805,0.0836235102777565,3.6629864412495117,-1.907297436391012,-1.464729134236471
1.604827642440796,-0.10227018842499777,0.4363975059871773,-0.07124476551693736,1.9768749256975073,2.0619936649793855,0.31765899586244845,-5.961419432002881,8.700372608823171,7.848769387347442,1.1706204805050118,0.5793234259979404,0.0818141641615438,3.662946863765381,-1.9073193709002894,-1.4647391478167933
1.6068830490112305,-0.10226615294949576,0.4363780040875898,-0.07125540594305445,1.9768237894904603,2.0620451440191934,0.317561450135424,-5.758002889515254,8.571073967414085,7.834325109827752,1.1718937790384083,0.5781055203372392,0.08057492680975975,3.662946863765381,-1.9072759787188929,-1.4648140112506312
1.6089277267456055,-0.10224854030869387,0.4363800420105215,-0.07124760639481255,1.976860691870224,2.0620623362764845,0.317529773914929,-5.691642658468755,8.314387836792461,8.061633165676668,1.1685891967912092,0.5764350722155225,0.08708293728989985,3.6629220682331542,-1.9072397390948694,-1.4648707548724573
1.6109726428985596,-0.1022499928937377,0.4363847570093337,-0.07124301743153301,1.9768394096132562,2.062123877341458,0.31750902310428736,-5.688868860072222,8.426680975733284,7.991613273866705,1.1669039092941067,0.5699845390457212,0.08370832932980538,3.662909670467041,-1.9072125593768519,-1.4649298826800745
1.6130180358886719,-0.10223002199782383,0.4363976351064024,-0.07122739436048273,1.9769158780268206,2.0620985208060616,0.31752610238315354,-5.367430663972888,8.66301586572199,8.045872781842892,1.1646940201869707,0.5677772608408814,0.0799360537098785,3.6628939348408203,-1.9071996847735804,-1.464942757283346
1.6150662899017334,-0.10220753531224347,0.4363981897519272,-0.07123140971718368,1.9769673933901217,2.062094440726272,0.317469732590432,-5.34589229553945,8.606029391263819,7.989297042140048,1.1604638434389645,0.5601058775555382,0.07408212586313423,3.662857695216797,-1.9071558157550257,-1.464994255696432
1.6171133518218994,-0.1022073659567641,0.4364024518207655,-0.07122015879014999,1.9769505986063207,2.0621704366723246,0.3174245053582722,-5.5231042294755355,8.60445118540062,7.970028252468108,1.1613880650689141,0.5570312362908353,0.07835122147821594,3.6628615099140625,-1.9071090857135218,-1.4650738875018519
1.6191599369049072,-0.10219968641642116,0.43641631385296636,-0.07122007460516858,1.9769630247228458,2.062208394303235,0.3174079090264725,-5.54696115374788,8.395011422703835,7.9049960826761545,1.1634261765868454,0.5633739630344348,0.07905251320591206,3.662830038661621,-1.9070804754840296,-1.4651301542865198
1.6212048530578613,-0.10219591813390619,0.4364019291936886,-0.07121885543956522,1.9770228087940531,2.0622198559551514,0.3173385322601687,-5.577602882859269,8.39440574829054,7.956274668753519,1.1578048569133121,0.5716708602459246,0.07986645778869494,3.662806196803711,-1.9070165793048304,-1.4651501814471644
1.6232497692108154,-0.10217761146070754,0.4364038960104878,-0.0712208325339031,1.9769648397239317,2.062247970280835,0.3173506967185267,-5.838493140561651,8.506964506747837,7.947657760748643,1.1541723055331465,0.5650807894875748,0.08046399354747585,3.662778540248535,-1.9070394674884241,-1.465222183858053
1.625293493270874,-0.10216646924608382,0.4364073028022668,-0.07120616534090671,1.9770234913655729,2.0622584044979084,0.3172870703256384,-5.457124035130526,8.669053060945812,8.07640557278742,1.1509521621473948,0.5674701516801353,0.07637240679765417,3.662801428432129,-1.906980339680807,-1.465262238179342
1.6273326873779297,-0.10214252121014028,0.4364062755225485,-0.0712084757238369,1.9770230325822695,2.0622611923027843,0.31727013745196275,-5.5788954004032645,8.345770753645212,8.165958973079999,1.1605711814418105,0.561810435201912,0.07862774372869341,3.66276661931958,-1.906975571309225,-1.4653218428241175
1.6293725967407227,-0.10213227648416445,0.43642006130102756,-0.0711918299497467,1.9770540027058687,2.0622972770313237,0.3173220215336428,-5.5416634663960815,8.34859532065814,8.081522878948583,1.158009315122038,0.5642860773005648,0.0796827931284021,3.6627108293720703,-1.9069708029376429,-1.4653661886798304
1.6314115524291992,-0.10211648548102811,0.4364109756639737,-0.07120008545686039,1.977100460733077,2.0622854743557233,0.3172048067755581,-5.564606583180062,8.439472521825474,8.10338265228923,1.1555627450125585,0.5635404064916804,0.07652756909881181,3.662721796626709,-1.9069035688983362,-1.4654057661639612
1.6334514617919922,-0.10210989879556488,0.4364131226212169,-0.07119272303931237,1.9770568188841613,2.0623593283273185,0.3171781272733968,-5.530631261084801,8.298239856879887,8.224599201930802,1.1529564779670256,0.5635790861550457,0.07506330978428927,3.662709875697754,-1.906879727040426,-1.4654973188983362
1.6354906558990479,-0.1020860522335997,0.43638004425351223,-0.07121194671715361,1.9771004272128223,2.0622763030251807,0.3170709533709943,-5.581272933094295,8.374319446996848,8.075675413244095,1.148344029492679,0.5582653851747442,0.08061031370943705,3.662717505092285,-1.9068511168109339,-1.4654839674579065
1.6375298500061035,-0.1020769864717328,0.4364052600180775,-0.07118578978914614,1.9771404060638214,2.0623298350666466,0.3171252994168799,-5.541363306968204,8.39200081634216,8.401928692828136,1.1461134449243133,0.5589872687517621,0.07737267062262065,3.662677450770996,-1.9068353811847132,-1.4655426184283655
1.639568567276001,-0.10207477813444124,0.43640418515250856,-0.07119132891985851,1.977144858950466,2.0623935237461546,0.3170092124321776,-5.451725943416335,8.507426010949457,8.322943016435019,1.1416683096345495,0.5538348968684503,0.0766093027730202,3.662677450770996,-1.9067524115191858,-1.4656255880938929
1.6416075229644775,-0.10206716872756746,0.4364165603356346,-0.0711765915564458,1.9770860798339138,2.0624630003899616,0.3170387328100507,-5.517900625586115,8.41290102649011,8.221570383669674,1.1370591314641696,0.5458878047726816,0.0768829820414701,3.6626693445393066,-1.9067633787738245,-1.4657095114337366
1.6436476707458496,-0.10205650893983273,0.4363953979800636,-0.07119137701985717,1.97715716145872,2.0624457445583624,0.31696038642689034,-5.701714013570208,8.412447597875145,8.310408322966396,1.1430874616084807,0.5445693116217587,0.0711966913696952,3.6626102167316894,-1.9067042509662073,-1.4657180945025843
1.6456880569458008,-0.10204108292971903,0.43640837532445415,-0.07118260759051091,1.9772271535107966,2.0624705000498516,0.31693538725539233,-5.625214522097309,8.529940973844882,8.470594352305243,1.1405398748745943,0.5469491931161319,0.07650138986272326,3.662566824550293,-1.9066522757159632,-1.465773884450094
1.6477439403533936,-0.10201524593871594,0.43641354070070304,-0.0711702505191759,1.9772764935341192,2.062429393777335,0.31693522515187317,-5.424522232305915,8.150448210702844,8.54989481171659,1.1455496121461315,0.5464466109471615,0.07853096047485819,3.662574453944824,-1.906651798878805,-1.4657910505877894
1.6497888565063477,-0.1019946200414939,0.43640115487116565,-0.07117747664694662,1.9772847248823449,2.0624386923598035,0.31684831050959206,-5.41460197412686,8.375999793472818,8.59318787122085,1.1449763143289975,0.5464585887290023,0.07586429346873458,3.6625587183186035,-1.906607453023092,-1.465858284627096
1.6518328189849854,-0.10199460233079294,0.4364032226176588,-0.0711738224427964,1.9772673665974765,2.062473924842887,0.3168150819173171,-5.220097468331694,8.59146689403428,8.3590826270697,1.1385494407215668,0.5433777946782632,0.07671112671788155,3.6625735002705078,-1.9065845648394983,-1.4658988157855433
1.6539027690887451,-0.10197456681323369,0.436406792376971,-0.07116465466923912,1.9773102997048824,2.0624777745609815,0.31681737448252373,-5.484839238202172,8.39021037840575,8.380636111396758,1.136627186943572,0.5399856681288505,0.08377711827195566,3.6625334459492187,-1.906567398701803,-1.4659422079669397
1.6559476852416992,-0.10195374063087842,0.4364121440524178,-0.07116762641266856,1.9773724791943141,2.06246708668239,0.31676795664910123,-5.433940070401447,8.343411380370615,8.329500173184979,1.1406972482064748,0.5470605448456478,0.07568843556169869,3.6625024515339355,-1.9065244833575647,-1.465982739125387
1.6579928398132324,-0.10196041136915468,0.4364085549448344,-0.07115086747476511,1.97728771780657,2.0625779372984754,0.316738030671968,-5.601144835347233,8.013492250903765,8.312222810059247,1.136055040031313,0.5458167461443594,0.07682287557750994,3.662524862880371,-1.90649921098818,-1.466081444417135
1.6600375175476074,-0.10193816689885205,0.43639031809748097,-0.07114916464582258,1.9773391774850129,2.062543930457023,0.31669732086605384,-5.45349654249631,8.303854376641944,8.163246152113782,1.1272554673474384,0.5474458544753842,0.07238718164377561,3.662501021022461,-1.9064753691302698,-1.466097656880514
1.6620981693267822,-0.10194021150738344,0.43641581193775697,-0.07115089958241697,1.9773712069382916,2.0626313664705322,0.3166503534362328,-5.392499331828686,8.16540350992511,8.18008727620918,1.1217667316331756,0.5444186695265525,0.06990426011323514,3.6624504762836914,-1.906400505696432,-1.466182057057516
1.664158582687378,-0.10190482538343208,0.43640930066045275,-0.07115385239872049,1.977442216091659,2.0625554153015724,0.31661579524128114,-5.363961045454063,8.16819757218832,8.27254262151621,1.120036648977022,0.5389715546794018,0.06740991890586373,3.662433310145996,-1.906391445790426,-1.4661906401263636
1.6662027835845947,-0.10188894848588534,0.43641382044010624,-0.07114027132799168,1.977418092678843,2.0625931712567835,0.31660717583852754,-5.3973291042136005,8.090186755557578,8.322338171227207,1.1192632245916072,0.5410637332980344,0.06589158454962335,3.6624371248432617,-1.906384293233053,-1.4662659803973597
1.6682476997375488,-0.10187995429680531,0.43641960975540006,-0.07112823967060126,1.9774629525704872,2.062608595018327,0.3165923428392563,-5.552999599817529,8.260710424793853,8.365593151091737,1.1174811577962476,0.5419434152381211,0.07412888944771956,3.6624252039143066,-1.906351391469137,-1.4662984053241175
1.6702935695648193,-0.10186736979439107,0.4364094308931969,-0.07114215532342623,1.977504417579121,2.0626230431613397,0.31649628727745704,-5.307202768286754,7.9591602947713,8.140288254702705,1.121407532558484,0.5404885624317928,0.07182768112582072,3.6623822885700683,-1.9062841574298304,-1.4663499037372034
1.6723418235778809,-0.10185607236592281,0.4363971311854895,-0.07114328279386906,1.9775274929882507,2.0626128870343363,0.31646212985932637,-5.385344370311712,8.11318690661101,8.530512681608133,1.1233503026882468,0.5391190372964464,0.07053655893252897,3.6623660761066894,-1.9062641302691858,-1.4663665930377405
1.6743857860565186,-0.10185301824462838,0.43641443524897106,-0.07112632949964315,1.9774846085915507,2.0627231114272995,0.31644557683702085,-5.179846375065131,8.022020550747733,8.381129885914575,1.128503455512328,0.5385259878213307,0.07565436653590368,3.662358446712158,-1.9062278906451624,-1.4664843718158167
1.6764256954193115,-0.10183698625906948,0.4364056885849335,-0.0711287696887296,1.9774894109477898,2.0627389767646602,0.3164152859401446,-5.091181102674762,8.154751432321582,8.30117279773669,1.1260342943130424,0.5402989752684464,0.07325786811733553,3.662318392390869,-1.9062073866473597,-1.4665373007403772
1.678464651107788,-0.10181845615942851,0.4364041405073005,-0.07112786990361189,1.977578008791217,2.062691473135583,0.3163653380545037,-5.253096600166776,8.303860759883875,8.164360158884914,1.1258603596063572,0.5388335948816058,0.07898246424146388,3.662313147182129,-1.9061678091632288,-1.4665349165545862
1.680504560470581,-0.10181581221153177,0.43641720656916017,-0.0711120717346498,1.9775489333151641,2.0627645667864747,0.3163613689341913,-5.275608218496625,8.072297266207245,8.128683857350564,1.1292168782674992,0.5411945951825717,0.0766934578017433,3.6623169618793945,-1.906147305165426,-1.4666135946856897
1.6825437545776367,-0.1017798874588747,0.4363974254810965,-0.07111696696106462,1.977587584836513,2.0627545780823846,0.3162478266527471,-5.617334571319685,7.860273890889888,7.792648461755755,1.1322803850751695,0.5470788128756702,0.07841712585105409,3.6622931200214843,-1.9060877005206507,-1.4666975180255335
1.6845827102661133,-0.1017814055775676,0.43641734064722554,-0.07110710559512051,1.977677373817487,2.0627880724019207,0.3162405262075336,-5.456776002656705,7.967577430649405,7.921869118557253,1.1315787888794167,0.5596319533781354,0.07734883461633318,3.662249727840088,-1.9060280958758753,-1.4667184988604944
1.6866226196289062,-0.10176762376695077,0.4364051645349619,-0.0711103806560022,1.97764970327318,2.0628180623919543,0.31616830298923887,-5.646498963291902,8.275782633079114,7.688922220388107,1.1278763633354894,0.5569475071781943,0.07963144371510711,3.662249727840088,-1.9059966246234339,-1.466790501271383
1.6886615753173828,-0.10175112191128512,0.4364338606981922,-0.07108031622536215,1.9776971670679857,2.0628392791159778,0.31621952188907787,-5.591138714405325,8.389128604391992,7.700861069466616,1.1254639834953706,0.5591194406501655,0.07684242144384418,3.662245436305664,-1.9059913794146937,-1.4668381849872034
1.6907017230987549,-0.10172862056888293,0.43640511693464784,-0.0710953353766249,1.9776997980233402,2.0628240219540523,0.3161047900634908,-5.548131192990988,8.366707591934734,7.417037386311506,1.124563435275122,0.5668784626272576,0.08071358208475271,3.6622368532368164,-1.9059479872332972,-1.4668896834002894
1.6927495002746582,-0.10172320174435887,0.4364222392207763,-0.07108624550668975,1.9777465044108873,2.0628654584244934,0.3161167394296558,-5.415451167743013,8.160064374978257,7.573459598556203,1.1330448402852449,0.5745608807215222,0.08009451788931354,3.6621858316608886,-1.905914608632223,-1.4669345060931605
1.6948175430297852,-0.10172234675761439,0.43641634167575993,-0.0710807389064308,1.9777714636397707,2.062905569611039,0.316038059137321,-5.390756556763645,8.11791537915239,7.463240110213788,1.13564013177143,0.5809450788219241,0.07823700678151824,3.6621929842182617,-1.9058492819415491,-1.4669821898089808
1.6968567371368408,-0.1016982748523462,0.4364148133030195,-0.07108531547599098,1.9777691004529905,2.062894407420859,0.3160192099970295,-5.491246477540599,8.51928341201577,7.3733220737970795,1.1273247730796656,0.577267425109296,0.07760991053516092,3.6621691423603515,-1.9058507124530237,-1.4670303503619593
1.698896884918213,-0.10166810380426825,0.43640328495014924,-0.07107929870302822,1.9777584281085003,2.06288636266159,0.3159790242777514,-5.518021965744313,8.19808219423096,7.539812536094888,1.133923465766074,0.5756584813484212,0.08149730141300832,3.662172957057617,-1.9058454672442835,-1.467097584401266
1.7009356021881104,-0.10166877034171345,0.43641972319878564,-0.0710624250732614,1.9778576467855735,2.0629303772966345,0.3159613121936866,-5.585074153428257,8.146678452612264,7.3589143554262755,1.1359533079018658,0.5674504171447653,0.0798249814889484,3.6621333795734863,-1.9057720343219202,-1.4671295324908655
1.7029757499694824,-0.10166094108392551,0.43641976312722625,-0.07106266771438954,1.9778579332004131,2.0629616672388624,0.315902641509227,-5.543102833352542,8.074304502463358,7.5437942668111475,1.131394847908595,0.5668031758188725,0.08189747827341215,3.6621333795734863,-1.9057324568377894,-1.4671862761126917
1.7050156593322754,-0.10164052870604395,0.43642454512163215,-0.07105891338094539,1.9778276925130924,2.0629669023554467,0.31592624352166804,-5.538556793245059,8.150044373704947,7.304826282107873,1.1298114943056645,0.5720614666337175,0.07974394303430477,3.662116690272949,-1.9057582060443323,-1.4672377745257776
1.707075595855713,-0.10163024585389735,0.43642398192042625,-0.07104998593393093,1.9778354774268054,2.0630035516999747,0.3158798018025233,-5.768724483179821,8.359687824133063,7.128847785251642,1.126794102783085,0.5777558778499862,0.08434157158545275,3.662116690272949,-1.9057186285602015,-1.4673011938678187
1.709115743637085,-0.10161055604066754,0.43644090727730195,-0.07104388958583926,1.977968468585169,2.0629824634389893,0.31584094810897306,-5.660732679904167,8.415555768194793,6.898747981222716,1.1254028303301642,0.5769329931022324,0.07748593018702093,3.66207663595166,-1.9056523481952112,-1.4673216978656214
1.7111623287200928,-0.10158638379203722,0.4364261800947507,-0.07105360109144553,1.9779340017582967,2.0629947264222763,0.31577099296113154,-5.733018984772789,8.039720667440115,6.982691184995419,1.1252031192379586,0.5744978964695058,0.07990337061453984,3.6620613771625976,-1.9056347052203577,-1.4674013296710413
1.7132086753845215,-0.10157280206805633,0.4364290386747562,-0.0710420086238799,1.9780280981345046,2.0629797690763554,0.3157538783856077,-5.526696273180788,8.08166655843309,6.9921957908617935,1.1298749423049164,0.579789210652818,0.08086590960085077,3.66203419744458,-1.9055922667132776,-1.4674103895770472
1.7152540683746338,-0.10158338581289802,0.43641667932459166,-0.07104633456967091,1.977981138222986,2.0630475231396956,0.31570433462332353,-5.534762227493555,8.256111091207318,7.039397911943662,1.1235322619781165,0.5782237666170624,0.07937207891653847,3.662025137538574,-1.9055593649493616,-1.4674585501300257
1.7173008918762207,-0.10156479905094769,0.4364339422805622,-0.07102308226221693,1.9779699673988176,2.063110249335675,0.3157288828140396,-5.807441864023426,8.057868321242198,6.975946394770019,1.123045992239355,0.5708949047480584,0.07733273355846432,3.6620051103779296,-1.905550781880514,-1.4675572554217737
1.719357967376709,-0.10155434760626778,0.4364252550379081,-0.07102557379957912,1.9780315738251373,2.0630926329563692,0.31565038276894974,-5.567195063605469,8.148857416732142,6.923374765365232,1.1218690033656646,0.5747148823681258,0.077146596966294,3.6620051103779296,-1.9054959456073206,-1.4675701300250452
1.721402883529663,-0.10153880428296226,0.4364253607986624,-0.07103001432788976,1.9780049859959006,2.063106247825624,0.31562691852778646,-5.460777306117925,8.056332766516787,7.041665584728455,1.1241608707856463,0.5785711539255537,0.07639070766012446,3.6619927126118164,-1.9054940382586878,-1.4676254431353968
1.723442554473877,-0.10152925188814614,0.4364290068278232,-0.07101756977595629,1.9780459442581182,2.0631683541484067,0.3155647877722951,-5.306080178964555,7.92241235810487,7.093695717662742,1.1200506620088921,0.5792417806083613,0.07428062673115104,3.661968870753906,-1.9054206053363245,-1.4677093664752405
1.7254838943481445,-0.10151135344314868,0.43644316343315354,-0.07099456665399415,1.978095407425699,2.063164917930418,0.31560116992355186,-5.428592960675085,7.855250418059715,7.050287148179224,1.1169246201823502,0.5753248426287936,0.07284963214436835,3.6619607645222167,-1.9054186979876917,-1.4677370230304163
1.7275378704071045,-0.10149204589840437,0.43644709079082783,-0.07099348846228466,1.9781238564984531,2.0631624887869764,0.3156089241719904,-5.469790541795058,8.128160474696614,6.99739685769591,1.1124039106459693,0.5729352548220116,0.07182548265144711,3.6619130808063964,-1.9054134527789515,-1.4677742163287562
1.7296264171600342,-0.10148214087363472,0.4364352871518432,-0.07099868813868535,1.9781563213380844,2.063196157663241,0.31549469330008917,-5.3657459991437495,7.922681567856984,6.9449494552690325,1.1146742627511959,0.5731119493992157,0.07479095413717651,3.661897822017334,-1.9053328672992151,-1.4678409735309046
1.7316908836364746,-0.1014647108832539,0.4364329865540078,-0.07099415895410542,1.9781543678396833,2.063201236124951,0.3154542008341481,-5.2813942477278015,7.917511942262606,6.905068549902042,1.1138222491136776,0.5709042339627224,0.07435200448075763,3.6619087892719726,-1.9053157011615198,-1.4678924719439905
1.7337424755096436,-0.10146780761180386,0.43643156283349327,-0.07099913572917428,1.978194835187124,2.0632467748358043,0.3153836371958366,-5.000541044202818,7.930908971800384,6.930807796770867,1.1079639093817808,0.5804184715919644,0.07284996098663638,3.661873980159424,-1.9052441755877894,-1.467933479939596
1.7357749938964844,-0.10145736680777986,0.436425380434577,-0.07099359127712476,1.9782444747981156,2.063237211054735,0.3153334651415325,-5.332326720043591,8.021578704740444,6.726799519147626,1.109303445172007,0.5755422375061687,0.07221410276373214,3.6618777948566894,-1.9052041212665003,-1.467950169240133
1.7378218173980713,-0.10143521037341965,0.43642368546815397,-0.07098725704170274,1.9781778069678766,2.0632940449112147,0.31530346146262694,-5.315246185750324,7.991512047487917,6.7055502507836335,1.1072797027092607,0.571166474470977,0.07257921530331285,3.661872549647949,-1.9051993528949183,-1.4680646101581019
1.7398836612701416,-0.10141393600576579,0.4364368136060751,-0.07098113712744533,1.9782330343175059,2.063293939401637,0.31530530583263555,-5.149387871161093,7.9672624144684745,6.593611713687517,1.1082086153935247,0.5684036353188862,0.07006079587892983,3.661829634303711,-1.9051783720599573,-1.4681084791766565
1.7419133186340332,-0.10141291412779221,0.4364442912796615,-0.07097060819911061,1.9782425562640864,2.0633249502050117,0.3152927282456438,-5.221628597853586,8.13377165169642,6.6463234133395,1.1007443510022665,0.5655273600789718,0.07017376721443891,3.661836786861084,-1.9051545302020472,-1.4681413809405726
1.7439751625061035,-0.1014131930799608,0.4364200125685687,-0.07098418022845115,1.9782453086918785,2.063347776850876,0.3151490784507247,-5.246802211304142,7.797148013870292,6.40761340596137,1.1022653920401233,0.5701752357339912,0.07519644546668319,3.661855860347412,-1.9050772825824183,-1.4681819120990198
1.7460129261016846,-0.10138542806670359,0.4364285026088895,-0.07097147536036964,1.9782968972332267,2.0633226728708656,0.31523045075531364,-5.287738585675285,8.053491037977727,6.356674316367034,1.101524892654254,0.5799712132237455,0.07348890816164255,3.6617814737507324,-1.9051063696490687,-1.4682019392596644
1.7480900287628174,-0.101364401118541,0.4364522649941326,-0.07095254222789861,1.9783252005199485,2.0633374430735487,0.3152284196988909,-5.281870755261654,7.813469175244628,6.451269670090253,1.1015472447819492,0.5764690471754275,0.07128201322338967,3.661796732539795,-1.9050892035113733,-1.4682658354388636
1.7501604557037354,-0.1013677012380197,0.4364376885443839,-0.07095710895804876,1.9783133666032595,2.0634244932585313,0.31516360022188283,-5.25210574419895,7.899326006673139,6.437541469863643,1.0959776282034235,0.5690513824453249,0.06922561566175633,3.6617371278950195,-1.9050257841693323,-1.4683449904071253
1.7522063255310059,-0.10136029381638675,0.43642414051666006,-0.07096937573577025,1.9783332938245466,2.0634258208426286,0.3150737842097983,-5.331288336250997,7.740011352144195,6.588386047258871,1.095334362165603,0.5682626903499869,0.06894272040531146,3.661728544826172,-1.9049761931048792,-1.4683740774737757
1.7542519569396973,-0.10133380270884848,0.4364246918400868,-0.0709568395624239,1.9783635439147027,2.0634243716140612,0.31504906633537505,-5.005814903145303,7.685125704173036,6.6837702548891365,1.0979393037199396,0.5791182269527116,0.06800321468952675,3.661721392268799,-1.9049556891070765,-1.468433682118551
1.7562971115112305,-0.10133652827542458,0.436445999715877,-0.07094034074498395,1.9783393036408277,2.063530763907406,0.3150767590777768,-5.140661256970076,7.86922783376564,6.521847873392089,1.0910222325740386,0.5744476993717891,0.06358769914715323,3.6616813379475097,-1.9049318472491663,-1.4685247580157679
1.7583420276641846,-0.10132058535306766,0.43643515712296194,-0.07094294265166684,1.978398408247744,2.063510526095738,0.31499024709247236,-5.2938655428757055,7.804735990092721,6.626496621631321,1.0863346445946227,0.5716891027539455,0.06541889338301055,3.6616808611103515,-1.9048765341388147,-1.4685490767108362
1.760425090789795,-0.10130790177770002,0.4364412604541414,-0.07094352204102582,1.9783928437328957,2.0635433819194575,0.31492950608562215,-5.406789068401004,7.850877231716444,6.465874541513239,1.086222041838325,0.5744548932972933,0.0653215543374202,3.661684675807617,-1.9048388640033167,-1.468621079121725
1.7624716758728027,-0.10128599708049713,0.43643372548971027,-0.0709332287809325,1.9783865091237585,2.0635329651689323,0.31494646992480246,-5.452984573200878,7.839391827462711,6.443847983655954,1.0851751121758593,0.5697709862348531,0.07044426490837019,3.661672278041504,-1.9048574606524866,-1.4686568419085901
1.7645220756530762,-0.10127146242953375,0.43644552074268866,-0.07093438852560215,1.978466616728034,2.0635362625956266,0.31490590226001686,-5.268442372884781,7.453326590165679,6.715234639981485,1.0881543306925485,0.5715824247139075,0.06472262157206321,3.6616288858601074,-1.9048031012164515,-1.4686930815326136
1.7665724754333496,-0.10124692497917753,0.4364395419500325,-0.07093092459340088,1.9784916183272518,2.063574696077893,0.314805668655286,-5.430722275621921,7.651879678660259,6.5666175471185895,1.0782188812886828,0.5788427129513836,0.06053166755018463,3.6616121965595703,-1.9047325293170374,-1.4687970320331019
1.7686195373535156,-0.10123833720455575,0.43645531783821206,-0.07091779610871397,1.9785368746558256,2.0636305187457067,0.31482003270531295,-5.459162164602185,7.441769407392098,6.362710026197391,1.0759298637896293,0.5750522298675912,0.061869007503178974,3.6615497308918457,-1.9046948591815394,-1.468860928212301
1.7706670761108398,-0.10124242170723452,0.43644343523010687,-0.07092637167097192,1.9785294045487825,2.0636803572076823,0.3147340743831119,-5.245438213628931,7.655528163906008,6.485621987975183,1.0702408578530602,0.5742840907570265,0.06047570446249467,3.6615373331257324,-1.9046362082110804,-1.468910042439596
1.7727172374725342,-0.10122264003483791,0.43643136760338364,-0.07093135271671897,1.9785358449590869,2.0636580701583678,0.3146828278435534,-5.014671365587448,7.304913498300083,6.7687726119776395,1.0716907045508148,0.5722169154767682,0.05948603074769404,3.661536856288574,-1.9046228567706507,-1.4689410368548792
1.7747790813446045,-0.10119858545947619,0.43644766062902035,-0.07091463629105607,1.9785414402731272,2.0636948751685606,0.3146970979219012,-5.18146761739462,7.4838642204927295,6.5438793741729935,1.062698669717577,0.5661674454835289,0.05868394777644398,3.6615120607563476,-1.904614273701803,-1.4690287748919886
1.7768402099609375,-0.10119130329184184,0.4364517100242167,-0.07091374892995028,1.9785689456391375,2.0637068405034724,0.31467327219764013,-5.199584624806684,7.318141464733531,6.4518246750098065,1.0649937314768745,0.5642369439172212,0.05796786182002134,3.6614934641071777,-1.9045866171466272,-1.469057861958639
1.7788851261138916,-0.10117566971217865,0.43643788197092914,-0.07091600924781866,1.978552890504795,2.0637369089283193,0.31460281110311267,-5.1691653374987006,7.459030626485994,6.569464839065041,1.056241955689636,0.5676983291944576,0.06355837749823712,3.6614810663410644,-1.904550854359762,-1.4691317717181605
1.780925989151001,-0.10116419762977677,0.4364509973835114,-0.07089928258391953,1.9786130850579782,2.063760962225616,0.31461108823521855,-5.0554918973843215,7.350528207476952,6.7755984120068575,1.0540971938370594,0.5701997908116896,0.053355074002280234,3.6614486414143066,-1.904517952595846,-1.469172779713766
1.7829668521881104,-0.10115065442030127,0.4364406956209062,-0.07090312824880436,1.9786417325698988,2.0637389625922076,0.3145471845813723,-5.054749931676218,7.22501684877028,6.619918498298391,1.054194676005243,0.5664036492378762,0.05333150399812181,3.661456270808838,-1.904487435017721,-1.4691899458514612
1.7850079536437988,-0.10112908814152226,0.4364305694516374,-0.07090549584416359,1.9786459512241727,2.0637488610167036,0.3144826425021455,-5.091105641711266,7.195518619204168,6.807428338440415,1.048477716029016,0.5602013667089321,0.05751008359886578,3.661440535182617,-1.9044550100909632,-1.4692567030536097
1.787050485610962,-0.1011173656415486,0.43644726334569917,-0.07089215744010821,1.9786635941610056,2.0637796503822363,0.3145407784692402,-5.190637137153773,7.116200448333335,6.837167290901546,1.0431407572674538,0.5547312256640448,0.052247701344368125,3.661388083095215,-1.904461685811178,-1.4693010489093226
1.7891321182250977,-0.10111263676427898,0.43643642463309534,-0.07088920319433305,1.9786497354758683,2.063811509888816,0.3144699917769883,-5.236666801284939,7.105831439870114,6.928317698066037,1.0396844752174155,0.55741375687116,0.05247036077693201,3.6614081102558593,-1.9044221083270472,-1.4693525473224085
1.7911739349365234,-0.10110348071638806,0.43644696457217325,-0.07089238946890773,1.9787069217590383,2.0638514030805823,0.3144426914982631,-5.198198346983113,7.0377283980751395,6.851733540543522,1.0418848966546554,0.5538098877059461,0.054920193812185214,3.6613332468220214,-1.9043672720538538,-1.4694088141070765
1.7932302951812744,-0.10109925111786014,0.4364581885472274,-0.07088406298282633,1.9787135070589716,2.0638959967129655,0.31437761917142887,-4.92413212526127,7.148223081492507,7.013017879672515,1.0313785489206928,0.5537975050682177,0.05044411347585298,3.6613637644001464,-1.9043152968036097,-1.4694727102862757
1.7952711582183838,-0.1010815275568637,0.4364468986523209,-0.07087927997972013,1.9787645736749073,2.0638820079225697,0.31436582782449796,-4.928200584079747,6.95306808834594,7.166445027387681,1.0320822816055033,0.5530240947524103,0.05097369204549368,3.66132037221875,-1.9042952696429651,-1.4694927374469202
1.7973124980926514,-0.10106185077069973,0.4364641182536687,-0.07087023170418814,1.978746080207976,2.063929873749819,0.3143605662734769,-5.0120461869998145,7.110087899761812,6.940593555101925,1.025291090481486,0.553482648289688,0.04871928210763954,3.661304159755371,-1.90428334871401,-1.4695876280414026
1.7993555068969727,-0.101048513986934,0.43644854674076994,-0.07087981825937971,1.978786520234905,2.063917199780226,0.31427894383242533,-5.075714415929561,6.907711204035514,7.112439638584098,1.0226647210591235,0.5582396155679095,0.047031390403975026,3.6612841325947265,-1.9042351881610315,-1.4696129004107874
1.801438808441162,-0.1010315212343417,0.4364612367816417,-0.0708682959768497,1.9788135928264063,2.0639223972923535,0.31431265789660406,-5.123263462098324,7.096776485766496,7.144339036281028,1.0150942802523717,0.5520425242524406,0.04139399304757968,3.6612531381794433,-1.904238526021139,-1.4696491400348108
1.8034818172454834,-0.10102631243798169,0.4364395387383147,-0.07087577406171025,1.9788448614586278,2.063913264992858,0.3141950621259755,-5.113607568337665,7.16122534529902,7.121990242726839,1.0117524013633186,0.5508266549319911,0.038859498326378694,3.661276026363037,-1.904175106679098,-1.469665829335348
1.80552077293396,-0.1010186826661705,0.4364543918195163,-0.07087544210320319,1.9788301074502046,2.063989073491892,0.3142058453262907,-5.158669571526282,6.986301475618925,7.18477106614658,1.0048388811458544,0.5509222384911028,0.04020950137237972,3.661204977626465,-1.9041546026812952,-1.4697535673724573
1.807560920715332,-0.10100513667399483,0.4364499396499525,-0.07086801465497164,1.9788804854595012,2.0639898617030643,0.3141404155575307,-5.200315484403568,7.0963938221205725,7.073800523895889,0.9999101183674365,0.5486621930106421,0.04188642401983017,3.661212130183838,-1.9041031042682093,-1.4697898069964808
1.809600591659546,-0.10097621113042723,0.43647838472446465,-0.07084543323312473,1.9788775284864917,2.064025084116804,0.31420955716287524,-5.177208412647907,6.964543921421304,7.129307824265675,1.0033584562278797,0.5484582597461186,0.036035955870563185,3.6611763673969726,-1.9041250387774866,-1.4698808828936976
1.811640739440918,-0.10096699514707558,0.4364845416440552,-0.07084175952672707,1.9789177439676928,2.0640424369902775,0.3142114951221288,-5.13987069258328,6.70044858714283,7.19052464200403,1.0030561034244874,0.5478276713339891,0.04144358734643083,3.6611291605183105,-1.9041011969195765,-1.4699128309832972
1.813704490661621,-0.10095274788791835,0.43646187346912074,-0.07085011664016282,1.9789435706596288,2.064039598647458,0.31406836152203943,-5.259791015721227,6.82858314286047,7.176453765369891,0.9988102348938048,0.5472279746510585,0.0372182043482675,3.6611520487019042,-1.904027287160055,-1.4699609915362757
1.815746784210205,-0.10095337509749389,0.43648387654640325,-0.07083935544759586,1.9789936189735704,2.0641038457824252,0.3141020382537886,-5.4304860625805755,7.020143685360383,7.061072167156839,0.9887777919702955,0.5446125308812514,0.039157868922577554,3.6610771852680664,-1.9039910475360315,-1.470008675252096
1.8177950382232666,-0.10093041363012448,0.43645821853428346,-0.07084987780294949,1.9789460892864879,2.0641028515858513,0.31401604306981745,-5.265715308061596,6.606142212624336,7.1672319315959605,0.9947582148733978,0.5475432259407065,0.039460534432733785,3.6610848146625976,-1.9039776960956019,-1.4700759092914026
1.8198442459106445,-0.10091001536886679,0.43648217437499215,-0.0708322387689118,1.9789994380499578,2.0641152977414574,0.31401541268454325,-5.2869965021593615,6.797484916508478,7.046849970113137,0.9875837465497741,0.548356064407784,0.037976884371580644,3.6610800462910156,-1.9039505163775843,-1.4701326529132288
1.8218913078308105,-0.1009166251259821,0.4364591636314964,-0.07083811903008307,1.9790452876907498,2.064134253754639,0.31393566501540404,-5.384366125305537,6.584725806916008,7.013332710601491,0.9865517372978377,0.5419124304301701,0.0352728129818598,3.66105238973584,-1.9038832823382776,-1.4701374212848108
1.8239576816558838,-0.10090014877150247,0.4364457558139211,-0.07085268354674443,1.9789820241106433,2.064145026478354,0.3138918666950645,-5.337300243670605,7.059908759202679,6.942305303400622,0.9789616168363579,0.5452169709193365,0.03428132328710948,3.6610399919697265,-1.9038904348956507,-1.4701975027667444
1.8259973526000977,-0.10088181919825664,0.4364619961495604,-0.07083673319007075,1.9790502765199784,2.064169003761574,0.31386617668971284,-5.436378519314891,7.0684763483008375,7.109875796712779,0.9771779069397146,0.5451570761772251,0.031014616528125427,3.661019964809082,-1.903839413319723,-1.4702604452716272
1.8280377388000488,-0.10087739686670544,0.4364686674165389,-0.0708226349524516,1.9790330671459897,2.0642130119575257,0.31387067773308946,-5.40406074716531,6.621418687542059,7.078316771891723,0.9821437071292607,0.5459803371755393,0.03583987656756976,3.6610237795063476,-1.903830353413717,-1.4703124205218714
1.830122709274292,-0.10086350180558823,0.43645516654721894,-0.07083614089319963,1.9790601725983996,2.0642355239821453,0.31378745086132837,-5.341806453975296,6.6341538501169905,7.186282442311762,0.9851156328713816,0.5479873843249817,0.03522229204378624,3.660967989558838,-1.9037721792804163,-1.470372502003805
1.832185983657837,-0.10084295829578396,0.43645591873212014,-0.07082616966441824,1.9791438578187082,2.064178929586878,0.3137901144030302,-5.279353462332519,6.736024361470177,7.107467590999958,0.9791957263084947,0.5475405248778239,0.03194392019962694,3.6609598833271484,-1.9037631193744105,-1.4703577200519007
1.8342254161834717,-0.10082713926778047,0.43649261342344103,-0.07080480726676452,1.9791683758710035,2.0642352355059153,0.3138535311797555,-5.296599559212524,6.576280771897886,7.241920955745975,0.9819551558096629,0.5450655196041495,0.031193746264757072,3.6609126764484863,-1.9037583510028284,-1.4704373518573206
1.8362646102905273,-0.10082603707150226,0.43646042349291575,-0.07081648565980958,1.9791544762778785,2.0642619944836555,0.3137267497605098,-5.230116285012652,6.580284722657851,7.226578908159997,0.9806806648058966,0.5441059290988488,0.03557902417629433,3.6609198290058593,-1.9036949316607874,-1.4704812208758753
1.8383033275604248,-0.10081054114116347,0.4364731313530842,-0.07080484691455602,1.9791453318129872,2.064299879346251,0.31375634719006973,-5.30344192589466,6.620703825276516,7.1424906756745,0.9735673400657178,0.5456237139654604,0.036085416159245376,3.6608874040791015,-1.9036982695208948,-1.470548454915182
1.8403425216674805,-0.10079584931029079,0.43647998698461443,-0.07080005553810952,1.9791622001948588,2.064302151094265,0.3137662163712506,-5.350973062911718,6.802202971140554,7.159128611354234,0.9678774576700597,0.5427761562362123,0.028275584558227873,3.6608635622211914,-1.903696362172262,-1.470581356679098
1.8423807621002197,-0.10077639747938323,0.4364586344668594,-0.07081347088996828,1.9791960307259364,2.064302615849927,0.31363323490630934,-5.229661352950501,6.6897826460098635,7.370501493654688,0.9657948875565047,0.5471938239374246,0.02753000525223348,3.6608478265949707,-1.9036229292498987,-1.4706414381610315
1.8444194793701172,-0.10076953116257226,0.43645793815532796,-0.07081171950013564,1.9791728766841112,2.064363215055848,0.3136143094167568,-5.431110127482809,6.369390993768974,7.29505443737903,0.9657752996625736,0.5406626902159306,0.0284774012631544,3.660808725947998,-1.9035990873919886,-1.4707167784320276
1.8464584350585938,-0.10074540456374989,0.4364771593530917,-0.07080045216073547,1.9792429669314568,2.0643186156035176,0.3136476970924978,-5.157992145556527,6.522050199666977,7.340348815365443,0.9570121016204514,0.5497417923664719,0.028803449418122462,3.6607953745075683,-1.9036057631122034,-1.4707215468036097
1.8484978675842285,-0.10073604239648429,0.4364815790011244,-0.07079135706533163,1.9792469547038654,2.0643929818712,0.31360838021010257,-5.340989754626554,6.421757161320671,7.486435225761823,0.9544944328541558,0.5451977723143603,0.02365391109110876,3.6607605653950195,-1.9035542646991175,-1.470816437398092
1.850536823272705,-0.1007312433257046,0.4364921138128442,-0.07078999374095178,1.9793169513028908,2.064396231130544,0.3135603151239899,-5.319109481835884,6.509734910483115,7.661075994580488,0.9439422000417484,0.5384092540446579,0.019575670920095267,3.660751982326172,-1.9034994284259241,-1.4708331266986292
1.8525798320770264,-0.10072649553330068,0.4364807982226602,-0.070787514926968,1.9792395649535417,2.064485158512308,0.3135299121231409,-5.2843509907143424,6.371642753315221,7.537251946919998,0.9439070397564592,0.5347410921756582,0.02324550218621002,3.6607248026081542,-1.9034822622882288,-1.4709351698504847
1.8546149730682373,-0.10071699246026576,0.436461343983812,-0.07079599798238446,1.9792557568086615,2.06446337123765,0.31345504335821495,-5.5093032311152985,6.540692836976862,7.647727113032158,0.9410891706106973,0.5318102797531568,0.018667172230359796,3.6607319551655273,-1.9034517447101038,-1.4709447065936487
1.8566572666168213,-0.1006935432420438,0.4364604132477696,-0.07078699730906216,1.9793111741567808,2.0644929355420176,0.31340768859450985,-5.324542832069866,6.227550693952963,7.822055767900112,0.9290134445295042,0.5281551840185023,0.016905254750072818,3.6606833177753906,-1.9033950010882776,-1.471025292073385
1.8587150573730469,-0.10066653234471687,0.4364704959329308,-0.07078954515696281,1.979362838641041,2.064472876394077,0.3133844769950693,-5.404354264472033,6.194847602191705,7.845917620789584,0.9238791988332667,0.5280858479849588,0.018105644692931244,3.6606475549885253,-1.9033740202533167,-1.4710691610919397
1.8607532978057861,-0.10066035436456092,0.43648460777159587,-0.07078004370538811,1.979363825050011,2.0645374624906676,0.3133606911969429,-5.374133586332178,6.040770435222123,7.981092555173207,0.9217992709437871,0.5285049518189351,0.014551132349711948,3.6606318193623046,-1.903334919606344,-1.4711483160602015
1.8627865314483643,-0.10064467177088615,0.43649585402249297,-0.07075731361994914,1.9793771429062161,2.0645627441766954,0.3134158125453048,-5.1931752072492525,6.193074091098327,8.035143905216282,0.9166682141692382,0.5281923147752817,0.01223245916740634,3.660604639644287,-1.9033449331866663,-1.47119647661318
1.8648431301116943,-0.10062801603845559,0.4364996875001068,-0.07075925037429903,1.979419849653454,2.0645917193942496,0.31336837093012976,-5.253623796028505,6.185884429900242,7.991521437349703,0.9176178156943049,0.520238894477805,0.0106462064698154,3.6605521875568847,-1.9032934347735804,-1.4712641874896448
1.8669424057006836,-0.10061543221494595,0.4364866310241875,-0.0707652584149167,1.9794502668817848,2.064589125531549,0.31325655746504516,-5.191762570634799,6.1949947001636,8.106131931515137,0.9064947123057647,0.5222287340670456,0.004414067661433152,3.6605679231831054,-1.903231445943014,-1.471304718648092
1.8689775466918945,-0.10061227913575935,0.43647285680824044,-0.07077010880671425,1.979438150782138,2.0646154572999573,0.31319802723564133,-5.208356283181908,6.100630084964479,8.210602209347355,0.9085229091171915,0.5281690476897665,0.006157205114740771,3.6605593401142578,-1.9031990210162562,-1.471344296132223
1.871009349822998,-0.10059845072679185,0.43649495256528176,-0.07075986102780638,1.9794803584677205,2.0646349368916534,0.3132014283443506,-5.404797984336298,6.41368023791656,8.095439967426065,0.899377930529593,0.5228329001610126,0.006948291821156527,3.6605393129536132,-1.9031747023211878,-1.4713924566852015
1.873035192489624,-0.10058479624331704,0.43648496366362344,-0.0707572656078664,1.9794952103594847,2.064676499729013,0.31317518184185233,-5.265044296415436,5.781133115498515,8.304720496513724,0.9028470225738578,0.5196084276664066,0.00938018918549438,3.660477324123047,-1.9031394163714808,-1.4714601675616663
1.8750591278076172,-0.1005689001125006,0.43645655524622184,-0.07077311875909172,1.9794377252933624,2.0646708102840026,0.3130872153904816,-5.327387464555372,5.8109534555439355,8.17869119976885,0.9068064628372229,0.5145141106392787,0.010058854024405539,3.660491629237793,-1.903130833302633,-1.4715083281146448
1.8770840167999268,-0.10054831972632919,0.43647936013129607,-0.07075337449220484,1.979517794732441,2.064669577293901,0.31311399031554876,-5.431369941481367,6.096304882996057,8.203129954846315,0.8901202155625858,0.5109275747385358,0.005666070465718376,3.660463495845459,-1.9031098524676722,-1.47154409090151
1.87910795211792,-0.10055467684504737,0.43649364134650714,-0.07074435586116111,1.9795123779733375,2.0647456540472198,0.31307956273454307,-5.346469263768322,5.99642918348654,8.30317487121234,0.8875111076673813,0.5196235891722802,0.004210180014313114,3.6604673105427246,-1.9030616919146937,-1.4716079870807093
1.881131887435913,-0.1005239965627856,0.436495875223947,-0.0707373395986446,1.9795451913907236,2.0647288270070905,0.31309301514715576,-5.51225016907801,5.89705823729685,8.12908284008091,0.8865460491966204,0.5176558893365721,0.003268720150944926,3.6604243951984863,-1.903065029774801,-1.4716561476336878
1.8831589221954346,-0.10051941469793779,0.43650689405662624,-0.07072732371868093,1.9795910673737578,2.064760704843327,0.31310945808588575,-5.21616104028269,5.799577169173875,8.377299861787115,0.8796571784481593,0.5171081971366651,0.0030767793971663293,3.660377188319824,-1.9030378500567835,-1.4716880957232874
1.8851828575134277,-0.1005072363667538,0.43647363691907004,-0.07074151837357631,1.9795686315912822,2.0647393237119536,0.31297526991073216,-5.316284909936173,5.94826853352863,8.432595105723005,0.8758042370180822,0.5078694220167115,-0.0040888913194356835,3.6604229646870117,-1.9029982725726526,-1.4717171827899378
1.88720703125,-0.1005017340705763,0.43648315959658174,-0.07073826610273524,1.9796111775684095,2.06480901400112,0.3129119292318447,-5.55108804740461,5.796826529031191,8.509980808445833,0.8761067568263284,0.49837681209360124,-0.0003488129755749858,3.660379095668457,-1.9029195944415491,-1.4718001524554651
1.8892319202423096,-0.10046937933314576,0.4364945615150656,-0.07073458109126826,1.9796779163103266,2.064763023108531,0.3129229875082702,-5.101940388613022,5.921123542243496,8.497084930910702,0.8723893776401133,0.5069470872296783,-0.004210854776018513,3.6603433328815917,-1.9029195944415491,-1.4718249479876917
1.8912558555603027,-0.10046946793491117,0.43649857342909765,-0.0707203981924492,1.9796054555160787,2.0648618042349742,0.31291638240470643,-5.375204636717282,5.653365417417136,8.220949517283456,0.8761921567703151,0.5073843762790619,0.0019094709721998449,3.6603433328815917,-1.9029057661639612,-1.4719236532794397
1.893279790878296,-0.10046554018028915,0.4364804842122432,-0.07073885683237369,1.9796274759895818,2.0648695427676422,0.3128316640533324,-5.371640408097717,5.604745267097631,8.472581994916228,0.8743785818423315,0.5118616131699226,-0.0021391213435398293,3.660304232234619,-1.9028542677508753,-1.471947971974508
1.895303726196289,-0.10042753700689536,0.4364901143216382,-0.07071798295967568,1.979722920372507,2.0648131678252764,0.31282287871363945,-5.2085936009187,5.6527129050539555,8.54485408295456,0.8748611179086115,0.516426642505369,-0.0018628707596590188,3.660311384791992,-1.90283710161318,-1.471976105366842
1.8973276615142822,-0.10042920661085503,0.4364945620920398,-0.07071359041712352,1.9797030704236496,2.0648800926663857,0.3128165482042916,-5.226984647788718,5.550217052382374,8.417572605408044,0.8792321133360024,0.5116678813404791,-0.0025856296221709596,3.660280390376709,-1.9028132597552698,-1.4720361868487757
1.8993520736694336,-0.10041848990848329,0.4364893856824344,-0.070713995329248,1.9797372761122534,2.0648543228188077,0.31277014359481403,-5.288929725593644,5.688156277069506,8.395742993190966,0.8659164074367935,0.5061304771852936,-0.0029717059268497548,3.660294695491455,-1.9027894178973597,-1.4720409552203577
1.901383876800537,-0.10039998526371877,0.43650783356380013,-0.07069827412007945,1.9797918125838974,2.0649166297344155,0.3127669979995541,-5.237966668749378,5.891822332598796,8.56579628641774,0.8596570899995566,0.5140917401569004,-0.0069359593766222805,3.6602279382893066,-1.9027379194842737,-1.4721358458148401
1.9034194946289062,-0.10039116169742102,0.4365001464865373,-0.0707063007059889,1.979718962413136,2.064955947066805,0.31271697950650323,-5.3757206138717635,5.604963725553852,8.307276693156092,0.8713211355241419,0.5120040286773715,-0.0032118231046824874,3.6602350908466796,-1.9027326742755335,-1.4722078482257288
1.9054577350616455,-0.10038336958453423,0.43650380154713514,-0.07069776639293411,1.9798037607833028,2.0649619372399317,0.3126787141398911,-5.324628555719762,5.737395097599154,8.408854389051987,0.8631404619233134,0.5138267656601916,0.0010570188016523208,3.6602112489887695,-1.9026745001422327,-1.4722278753863733
1.9074959754943848,-0.10036635488027505,0.4365006308764596,-0.0707007243486709,1.9798058544637018,2.064992469615994,0.31261688503877927,-5.417760025538902,5.519721584799595,8.381985885685719,0.869395575034009,0.5114955068162131,-0.0021503884020419584,3.6601874071308593,-1.9026344458209437,-1.4723041693316858
1.9095325469970703,-0.10034963753696635,0.4365112663732559,-0.07068602118481565,1.9798796906177487,2.064981076266456,0.31265714627773966,-5.452253885756478,5.474899563193752,8.227572114760646,0.8762539654406363,0.5105656783432915,0.0018334547459107342,3.660140200252197,-1.9026263395892542,-1.4723170439349573
1.9115729331970215,-0.10033446627271614,0.43648875035696905,-0.07068852385766748,1.9798436893526903,2.064978164984282,0.31253371996368745,-5.42672082718599,5.727519551743894,8.416781877813904,0.8622702377621997,0.5134806171159478,-0.002313964196758056,3.660210295314453,-1.9025900999652308,-1.4723718802081507
1.9136273860931396,-0.10032385694409665,0.43649718826966877,-0.07067630597638613,1.9798802572338359,2.065029312033336,0.31256495277738944,-5.374073817976019,5.935030428814996,8.28090646785093,0.8582049219174421,0.5122170619367084,-0.003995454856330349,3.6601311403461914,-1.9025662581073206,-1.4724319616900843
1.915665626525879,-0.10029702677264747,0.43652099378964093,-0.07066890320101873,1.9799466926370402,2.064992328568603,0.3125488194428681,-5.429490204156567,5.637700420809216,8.347523377176323,0.8609720914668724,0.5082499131591004,8.070162309908868e-05,3.6601430612751464,-1.9025490919696253,-1.4724610487567347
1.9177045822143555,-0.10028330841712974,0.4364986531535074,-0.07068003120260823,1.979937483749681,2.0650037411750306,0.31247067049580146,-5.453935030963899,5.58610521955214,8.29804361940116,0.8619760065866886,0.5056507987413856,-0.005701748313766908,3.660118742580078,-1.9025147596942347,-1.4725125471698206
1.9197869300842285,-0.10025321369159246,0.43648937776445584,-0.07067488507000033,1.9799249540879893,2.0649778698529206,0.31247168320063584,-5.202245825168068,5.557464297471434,8.423053285052722,0.8532279679659679,0.5067633331428328,-0.008348757141227625,3.660111113185547,-1.9025371710406702,-1.4725568930255335
1.921825647354126,-0.10025321438596671,0.4365211158641185,-0.07065667859424365,1.9800477929669478,2.065024190395116,0.31247619820084266,-5.288989413109565,5.516126480491724,8.348761750210343,0.8544249200555147,0.5024262161425268,-0.007927759543134627,3.6600562769123535,-1.9024618307696741,-1.472588841115133
1.923865795135498,-0.1002543819241565,0.4364869297104201,-0.07068068195912877,1.9799758931714153,2.0650876414840695,0.3123037497019835,-5.11355779954184,5.642979169000512,8.22441379341558,0.852694924490868,0.5026220977557341,-0.00793192391726899,3.6600710588642578,-1.9023879210101526,-1.4726761023150843
1.925905704498291,-0.10023907407597432,0.43652617650727976,-0.07064734491266143,1.9799865519800153,2.0651245752037886,0.3124689478922822,-5.111737497885432,5.628129399641299,8.508419891466609,0.846244198510693,0.5026047470550604,-0.01043881340217645,3.6600119310566406,-1.9024441877948206,-1.472719971333639
1.9279460906982422,-0.10020387960866728,0.43649713751036096,-0.07064713469643391,1.980009804262641,2.065091451882167,0.312328408741799,-4.9405889350946905,5.534297414644999,8.244343121670132,0.8451645088701915,0.5059417320604741,-0.004755943628986015,3.6600510317036132,-1.9023893515216272,-1.4727872053729456
1.929988145828247,-0.10021058442027123,0.4364893419697191,-0.07066207770130052,1.9799827349865324,2.065153403833954,0.3122923491701388,-5.460780384234371,5.355271452381302,8.11738130326909,0.8572530172023103,0.5017213506109696,-0.0030945019915486482,3.659991903895996,-1.9023569265948694,-1.472834889088766
1.9320330619812012,-0.10019281954460818,0.436497394783094,-0.07065019659136962,1.9800775334294518,2.065120049149386,0.31226311784902777,-5.199044715302073,5.544684129169297,8.167419779170688,0.8493379802704638,0.5091356127409767,-0.005066913175558685,3.6599952417561035,-1.9023173491107386,-1.4728410879718226
1.9341065883636475,-0.1001711333916516,0.43651085392303096,-0.07063285162163388,1.9800740242200057,2.065144997194135,0.3122840963515795,-5.177277354850593,5.629921522955809,8.206520544090134,0.849169269422635,0.5063796014169397,-0.008398816859327751,3.659987135524414,-1.902320686970846,-1.4729121367083948
1.9361839294433594,-0.10015504171126846,0.4365136439178095,-0.07062459958475095,1.9801197371796435,2.0651585393444116,0.3122598984993245,-4.939629126270136,5.687674748607882,8.242975358543626,0.8475130973291649,0.5029010159482092,-0.013121613706383872,3.65995900213208,-1.9022849241839808,-1.4729598204242151
1.9382247924804688,-0.10013782074093946,0.43651839165365497,-0.0706225320760814,1.9801278084483496,2.0651764445320113,0.31223354813463533,-5.062035314338019,5.289691127810963,8.337749737655631,0.8460241898830475,0.4978640910725227,-0.010403181696905961,3.659939928645752,-1.9022639433490198,-1.4730199019061487
1.9402658939361572,-0.10013582212024322,0.43652095562660187,-0.0706247765105519,1.9801632908459974,2.065200952776615,0.31219957426616396,-5.150224895020696,5.489951285437186,8.222264262106716,0.8459089502173427,0.499810253038193,-0.007862909033984455,3.659907503718994,-1.9022215048419397,-1.473048512135641
1.9423058032989502,-0.100110634111575,0.4364996565243131,-0.0706236447547403,1.980160933417461,2.065179885293835,0.3121035920145104,-5.259646054899524,5.505702099586241,8.172562818599324,0.8462075973436601,0.4996166015943258,-0.007924930669791552,3.6599456506916503,-1.9021919409381312,-1.473100487385885
1.9443457126617432,-0.10009815182919088,0.43651079063023457,-0.07061923846181087,1.9801746660468387,2.0652172118667065,0.3120972896974732,-5.1098609623261915,5.684012022719276,8.21478023107596,0.8395856032247933,0.5066619814921991,-0.011680155482349353,3.659907503718994,-1.902168099080221,-1.473163906727926
1.9463858604431152,-0.10007279609958969,0.43650528047477644,-0.07062769469937998,1.9802177058104433,2.065192428294595,0.3120134995096204,-5.296532751809,5.309392470927646,8.137180610188995,0.8412294858098054,0.498639093775556,-0.007988968813855468,3.65989796697583,-1.9021251837359827,-1.4732087294207972
1.9484257698059082,-0.10006814115098993,0.436497425570709,-0.07061975164277269,1.9802095164298579,2.0652637121527477,0.3119797474972141,-5.358559388950365,5.303525135481568,8.140553557746106,0.8404146664306935,0.49908452924879554,-0.013311210715371669,3.659859820003174,-1.9020822683917444,-1.4732874075519007
1.9504659175872803,-0.10004789878548348,0.4365251430621613,-0.07060206286067773,1.98023302869046,2.06527711314014,0.31201389984615635,-5.342774214611113,5.480183521416246,8.296356939042612,0.8313196896080285,0.5010345325764782,-0.014866431364331023,3.6598545747944335,-1.9020841757403772,-1.4733427206622522
1.9525067806243896,-0.10002755437248625,0.4365011149650064,-0.07060547269026594,1.9802348217284644,2.0652565398903877,0.31195439689480764,-5.332663126040934,5.464961259301676,8.142099773038876,0.8261706388406611,0.4979742354897869,-0.01228636269011879,3.659850760097168,-1.9020684401141565,-1.4733756224261683
1.9545466899871826,-0.1000144006454737,0.43652121681322825,-0.070594187219251,1.980296390872926,2.0652597882860615,0.3119631148100658,-5.168372634734197,5.357012846322524,8.358596400684345,0.8289118906702039,0.5034145001699045,-0.015838161790950683,3.6598307329365234,-1.9020445982562464,-1.4734037558185022
1.9565865993499756,-0.10001273579459394,0.43650693174408184,-0.07060001629343801,1.9802585736865363,2.065309286234548,0.31192044995104795,-5.152617818102489,5.322805233785562,8.343935622646773,0.8273908359326718,0.5003928385072629,-0.016463505871537,3.6598030763813476,-1.9020207563983362,-1.4734604994403284
1.9586596488952637,-0.09999133425875736,0.4365143137282789,-0.0705934127873149,1.9803346098041001,2.0653689637814874,0.3118071123921263,-5.227201580179253,5.214747840183054,8.239133654473571,0.8216704320744259,0.4872649481075288,-0.011595790864603911,3.659766836757324,-1.9019106070147913,-1.4735754171954554
1.9606986045837402,-0.09996357705174459,0.4365281728435065,-0.0705807554805964,1.9803558101108594,2.065342500648592,0.3118653158934122,-5.340953814031145,5.230819200233674,8.22431019282212,0.8237933122244605,0.4915222909057501,-0.01054191322977846,3.659742994899414,-1.9019435087787073,-1.4736045042621058
1.9627327919006348,-0.09995726094252572,0.43652135894793515,-0.07057197909532062,1.9803631456923532,2.0653975214609583,0.3118465132091494,-4.989672663143698,5.369989476796517,8.238190844502624,0.8225542637179979,0.5023021081229391,-0.018133621948658363,3.6596996027180175,-1.901907745991842,-1.4736679236041468
1.9647676944732666,-0.09995319785924955,0.4365193918657437,-0.07057836494508068,1.9803631496748453,2.065454853808664,0.3117463182973252,-5.10926924125401,5.3078575481379655,8.122258271254125,0.8229777368309326,0.5027316876560535,-0.016727384682487773,3.659691496486328,-1.901837174092428,-1.4737466017352503
1.966817855834961,-0.09992049631647962,0.43649537890228995,-0.07058865879599026,1.9803533834590974,2.065404100301037,0.31164200943084636,-5.210827006124589,5.579970391824345,8.095955485160072,0.8210515013610329,0.501593518403788,-0.019679036994970173,3.659726305598877,-1.9018219153033655,-1.4737914244281214
1.9689044952392578,-0.09991055127055723,0.4365119537091921,-0.07057099148616772,1.980413654342967,2.065434956769539,0.3116914950845539,-5.249037052532167,5.436955286582698,8.155742029598027,0.8189474236227605,0.49537002333791463,-0.01990819591703491,3.659663363093994,-1.901804272328512,-1.4738276640521448
1.9709713459014893,-0.09990971800121268,0.4364994788682067,-0.0705774161867516,1.9804414147184384,2.065449280544935,0.3116027290956488,-5.231701011948995,5.311188311002909,8.077399379342527,0.8185770502076009,0.49725676374197014,-0.019084827380962593,3.6596624094196777,-1.9017446676837366,-1.4738524595843714
1.9730486869812012,-0.09990165956976843,0.43651970159272674,-0.07056663860744533,1.980477071983909,2.065497787662404,0.3115738222474946,-5.147233828346695,5.804536537938874,8.120181709666639,0.8181200371044004,0.4951877812574321,-0.0215796115107392,3.6596504884907226,-1.9016945997821253,-1.473919693623678
1.975097417831421,-0.09987809713725218,0.4365041535861945,-0.0705605322407597,1.9804359218949978,2.0654979928820842,0.3115738169646647,-4.849935070072679,5.259502390105704,8.264680975203733,0.8248699741688685,0.5005318633791731,-0.01746558934295328,3.659642382259033,-1.9017170111285608,-1.4739745298968714
1.977144479751587,-0.09986811893250107,0.43653216682879387,-0.07055143287278408,1.9804955891699143,2.0655322870408876,0.3115439760562822,-5.013375030828327,5.2852874110670935,8.203863692818107,0.821763700144296,0.49329244741584727,-0.0166840278967203,3.659630461330078,-1.9016621748553675,-1.4740327040301722
1.9791948795318604,-0.09984958546918862,0.4365248668129226,-0.07055064524222503,1.9805439055631795,2.0655176238664072,0.31152735073689125,-4.9892116890341764,5.458425104249181,8.164889748023153,0.8218205202012576,0.4960801785984994,-0.022099217745934263,3.6595865923115234,-1.9016416708575647,-1.4740565458880823
1.98124098777771,-0.09984675399529351,0.43652845268458307,-0.07055208391606063,1.9805695195964041,2.065570290293217,0.3114574240116955,-5.258322529316345,5.265999266543011,8.048913600053936,0.8275971980061363,0.4975427120941548,-0.020729105098746148,3.6595627504536132,-1.9015749136554163,-1.4741204420672815
1.9832849502563477,-0.09982138813062603,0.43654225330255847,-0.07053439064934683,1.980572943183206,2.0655849573962333,0.3114898733291463,-5.383958014693794,5.422566639991513,8.164706262710174,0.8190349037400555,0.5024245850768673,-0.023695402695779744,3.6595470148273925,-1.9015854040728968,-1.4741876761065882
1.9853260517120361,-0.09981004934748486,0.4365249052699981,-0.07054049758241754,1.980548830701164,2.0655894298028783,0.3114461021185896,-5.231690716965606,5.464222277620216,7.997922520120619,0.8156431910456948,0.5019070323954283,-0.017344604519214768,3.659538431758545,-1.901576344166891,-1.4742243925677698
1.9873671531677246,-0.09978614147067456,0.4365213511104302,-0.07053814938386398,1.9805797243730792,2.0656038037193705,0.31137881577735915,-5.3565461710537345,5.325986774368326,8.274951241103905,0.8209967165991271,0.500841370048586,-0.025270451901898444,3.6595184045979003,-1.9015286604510706,-1.4742992560016077
1.989408254623413,-0.09979205521289736,0.43651122619221766,-0.07054601395653187,1.9805691518529818,2.065653999917798,0.31132406501374277,-5.013369485377593,5.564121782712329,8.271683481180148,0.8199663023132272,0.502594826740568,-0.028920408501666856,3.6594902712055664,-1.9014852682696741,-1.4743393103228968
1.9914493560791016,-0.09977050261568182,0.43651672311422984,-0.07052823133016033,1.9806488853292354,2.0656359779464952,0.3113166446252557,-5.338480965034607,5.5469032649636265,8.185438096076831,0.813608546756392,0.49108804871415956,-0.0244368728327147,3.6594788271137695,-1.9014561812030237,-1.4743645826922815
1.9934899806976318,-0.09976755879423685,0.43651764201525084,-0.07053810715310663,1.9806442580784027,2.0656804858446973,0.31125266558881626,-5.312167098016867,5.459111590993122,8.36977815406893,0.8129125838663087,0.49858117967349874,-0.024266683921913335,3.659454508418701,-1.901409927998678,-1.4744237104998987
1.9955310821533203,-0.09974289612329415,0.4365428346883962,-0.07052881841933095,1.9806416836905911,2.0656983059085867,0.3112671424975802,-5.185177138265454,5.4179022974851945,8.24924747594577,0.8141152524613693,0.5056414351600851,-0.02293208827517454,3.6594464021870117,-1.9014137426959437,-1.474499527608053
1.9975719451904297,-0.09973307117052099,0.43652203786183985,-0.07052553373672693,1.9806534462679044,2.0657302507485102,0.31118314875313174,-5.2736943962792475,5.008122662613615,8.397706163042008,0.8153006805762651,0.4987598080293568,-0.023472978338813705,3.659437819118164,-1.9013569990741175,-1.4745591322528284
1.9996140003204346,-0.09972175260260209,0.43654430749953665,-0.0705171945030592,1.9807400197746152,2.065735187323535,0.311219426884656,-5.179531013046955,5.254444447603609,8.651168430823018,0.8051329370641682,0.49595113862429463,-0.02554550521564647,3.659372015590332,-1.9013331572162073,-1.4745762983905237
2.001654863357544,-0.0997035014840918,0.4365138907443961,-0.0705217544815628,1.980700671905709,2.0657224858061696,0.31113505654199136,-5.183097044740995,5.274597386019376,8.687159590589394,0.8002385286186666,0.49191338932543316,-0.03260797697686807,3.659403010005615,-1.9013212362872522,-1.4746201674090784
2.0036962032318115,-0.09970388977523739,0.4365067950190475,-0.07053099766879556,1.9807168749240247,2.0657755315816604,0.3110214510990143,-5.192973586614235,5.154881668700052,8.66735443569826,0.7958053957775497,0.490108114355505,-0.030918140258337945,3.6593901354023437,-1.901238266621725,-1.4746840635882776
2.005737066268921,-0.0996896303564524,0.4365328077693725,-0.07050653484926689,1.9807216337462104,2.0658239045311255,0.31109222948702286,-5.279802313842489,5.129552263039325,8.5689988050464,0.7978283565437028,0.493346740103284,-0.032610184160845435,3.6593586641499023,-1.9012487570392054,-1.4747512976275843
2.0077788829803467,-0.09967876877680289,0.43653043695647903,-0.0705055475602029,1.9807490642874488,2.0658382723294744,0.3110363605656795,-5.377127455197593,4.924530621694456,8.681217448182466,0.7919525241643357,0.4860975237548277,-0.027759280395261265,3.6593500810810546,-1.901205841694967,-1.474795166646139
2.009819984436035,-0.09966004445231572,0.43652419752397337,-0.07051122959518363,1.9807458170402854,2.0658279604891243,0.31103198079453964,-5.175782135403334,4.872167619960959,8.719868826622573,0.7894433942894157,0.4856616710282177,-0.031354176897772895,3.659313841457031,-1.9012129942523401,-1.474828068410055
2.0118610858917236,-0.09964987402944164,0.4365229026856009,-0.07050650830078375,1.9807692350111825,2.0658884437791354,0.3109381776024731,-4.966829053452348,4.914626460620842,8.787225080630556,0.7900480255583576,0.49061235017871385,-0.03057706037322086,3.6593023973652343,-1.9011338392840784,-1.4749191443072718
2.013902187347412,-0.0996420696102408,0.43652606685904805,-0.07050389703538226,1.9807931011287545,2.065882497903046,0.31094343093739235,-5.057509160228683,4.9565848779508475,8.810710640714854,0.7929563270778835,0.4879736476790376,-0.031857846902402315,3.659285708064697,-1.9011290709124964,-1.4749282042132776
2.015943765640259,-0.09963440003895066,0.4365178968130534,-0.07050464517587492,1.9807406940293948,2.0659272742986263,0.31091176303224544,-5.032044337086676,4.885883846651606,8.623633246886795,0.7876219401968231,0.48852288960008117,-0.03272041532251463,3.659278555507324,-1.9011200110064905,-1.4749959150897425
2.0179851055145264,-0.09960578674225429,0.4365266764844722,-0.07049079888889326,1.980765504852579,2.065943308814045,0.31090548513267713,-4.951323940710973,5.338085739043048,8.68421125368775,0.7805027735175747,0.4900618819971307,-0.039542016284186327,3.6592537599750976,-1.9011028448687952,-1.4750750700580042
2.0200259685516357,-0.09959840534456725,0.43652813339876173,-0.07048785186765293,1.980802445874617,2.0659580578874284,0.31086817851033693,-4.972732167398883,5.171168548223088,8.72108346232894,0.7826514520974278,0.48870037018385215,-0.03732359043596395,3.659238501186035,-1.9010632673846644,-1.475107494984762
2.022087335586548,-0.09959142302447697,0.4365338503018048,-0.07048781106662975,1.9808672035003962,2.065955659920752,0.3108359260363802,-5.353972239308579,5.315637408466547,8.562019671256609,0.7808371744726564,0.4761237124074056,-0.03549367414092355,3.6592141824909667,-1.9010208288775843,-1.4751203695880335
2.0241498947143555,-0.09958323295818519,0.4365320712975379,-0.07047542089875045,1.9808066339773993,2.0660214399507626,0.3108408980864131,-5.131989540218702,4.910119019993231,8.805158709205063,0.7869750084522804,0.48459697181426303,-0.03396787290413894,3.6592060762592773,-1.901022736226217,-1.4752033392535608
2.0262179374694824,-0.0995569632768595,0.4365263664787728,-0.07048125545805342,1.980841874654295,2.066013469549692,0.3107340964737231,-5.31664317493485,5.032532396441876,8.867862610453829,0.7824822250774781,0.48158305733487045,-0.0323658794613689,3.6592089372822265,-1.9009655157672327,-1.4752705732928675
2.0282630920410156,-0.09956187595576202,0.4365303999771539,-0.0704800430205762,1.9808712422622854,2.0660645543702825,0.31072573924870006,-5.065703049468734,5.155110117434166,8.893243631646998,0.779102849186107,0.4917130022277175,-0.03665120631701643,3.6591545778461914,-1.9009245077716272,-1.4753029982196253
2.030306816101074,-0.09954381877551047,0.4365185088112854,-0.07048561921561412,1.9808566186983085,2.0660698561722657,0.31066485372255,-5.443510480607079,5.100479832826769,8.879880933632737,0.779051774077197,0.4828377660268527,-0.036354033477595304,3.6591498094746093,-1.9009040037738245,-1.4753592650042933
2.032346487045288,-0.09952339536538372,0.4365131218433162,-0.07047950639859228,1.9808947752475927,2.066066461680033,0.3106067495067798,-5.109917554191247,5.059592971557292,8.911179020349719,0.7803115516060648,0.49130883627233235,-0.04034867423508312,3.6591498094746093,-1.9008644262896937,-1.4754074255572718
2.0343868732452393,-0.09952533840698821,0.43651991381233446,-0.07047225328769584,1.9808988832865124,2.066130764063602,0.3105964252104296,-5.439592226896774,4.8178837001936685,8.70699172657897,0.7803707987279784,0.48531929606502344,-0.033622886870135926,3.659118338222168,-1.9008286635028284,-1.4754627386676233
2.036426544189453,-0.09951068740363228,0.436515000271505,-0.0704743491566225,1.9809042485074424,2.0661429045859325,0.31054699680438147,-5.241013330177059,4.681771114518592,8.873570583052087,0.7773577932169967,0.4876057680937018,-0.041421705711599616,3.6591059404560546,-1.9008005301104944,-1.4755142370807093
2.038466691970825,-0.09948264225335975,0.4365130267434548,-0.0704710540624714,1.9809536296369297,2.0661184615273998,0.31049665565380147,-5.2856490264400975,4.996147096450538,8.948634488704029,0.7671027991256394,0.4874011046613429,-0.04367733303473062,3.6590983110615234,-1.9007700125323694,-1.4755590597735804
2.0405068397521973,-0.09946513693454273,0.4365355187319606,-0.07046200591051248,1.9810212677041268,2.06617827921594,0.3105007298437916,-5.164994191486784,4.633660273060033,9.01303575433358,0.7702070885882688,0.48755016454173467,-0.04316630474544311,3.6590067583271484,-1.9007166067706507,-1.475647274647848
2.0425467491149902,-0.09947136690574238,0.4365308713928996,-0.07045525297822143,1.9809845020412453,2.066254395364124,0.31042877933183644,-5.300547794880792,5.0372899287700825,8.90783082228199,0.7559816876758683,0.4855741364425773,-0.04551303899178338,3.659033938045166,-1.900665585194723,-1.475717846547262
2.044586658477783,-0.09944174247613094,0.43652840917149055,-0.07045874511713453,1.9810481115946572,2.0662070085466198,0.3103831186248699,-5.387211574270511,4.860968922701917,8.880303185402905,0.7639838370006858,0.4909288557368862,-0.04031645797467767,3.6590139108845214,-1.9006412664996546,-1.4757431189166468
2.046626567840576,-0.09944129471484252,0.43653474385896496,-0.07044473281892287,1.9810777931783432,2.06625377164965,0.31037688248855366,-5.456983333387992,4.9772517110897185,8.78024618152743,0.7596162583604316,0.4869407737064425,-0.0439068468867474,3.6589934068867187,-1.9006035963641565,-1.4757841269122522
2.0486645698547363,-0.09940955503377759,0.43653941901571863,-0.070436205252637,1.9810803736136686,2.0662481547761073,0.31036326438629375,-5.282463816152944,5.00101480491366,8.889592988457993,0.7546676345728548,0.4856365363470921,-0.045641106352805494,3.658989592189453,-1.9006035963641565,-1.4758546988116663
2.0507025718688965,-0.09939572524593218,0.4365437369691765,-0.07043639504775416,1.9811542197529903,2.066253772356001,0.3103185906771898,-5.227815973277823,4.846856272580891,8.906234713703023,0.7652361912851423,0.49403328360342164,-0.04357882766072774,3.658946676845215,-1.9005487600909632,-1.4758909384356897
2.052741527557373,-0.09940809864936465,0.436529969648188,-0.070427145202706,1.981121346118798,2.0663219247702327,0.3102755342304321,-5.241581946196421,4.679307287789671,8.80295639850066,0.7694513828965467,0.49153617468112476,-0.046120477855475045,3.658960981959961,-1.9005115667926233,-1.4759319464312952
2.0548064708709717,-0.09937439980337628,0.43654298430086025,-0.07041882360883421,1.981135129634648,2.0662955002234793,0.31031162492486974,-5.349607700736006,4.853884225506787,8.756484089719477,0.7647773230041714,0.48958493105812106,-0.046592136664968475,3.658938093776367,-1.900538746510641,-1.4759796301471155
2.0568456649780273,-0.09935308549541158,0.43652446448030957,-0.07042704617823699,1.981120694538511,2.0663017858054045,0.31022775179722567,-5.140117705840696,5.070966016977822,8.646652332601851,0.7621507980755248,0.49830821210738097,-0.046011442914855566,3.6589295107075195,-1.9005077520953577,-1.4760468641864222
2.058884620666504,-0.09935453536215162,0.4365565145777868,-0.07041350194214016,1.9812111253145392,2.066347127993885,0.31023280618588034,-5.193448342653778,4.832541404896487,8.565706633073736,0.7692939954451324,0.49684611934510564,-0.040737782592988964,3.6588899332233886,-1.9004476706134241,-1.4760788122760218
2.060922622680664,-0.0993489333353756,0.4365355383990566,-0.07041840416109722,1.9812017499874215,2.066372952142406,0.31014544051632126,-5.4032405813320405,4.768860834829556,8.554165576303358,0.7666746870253357,0.48710698484997034,-0.04491894040386618,3.6588899332233886,-1.9004014174090784,-1.4761269728290003
2.0629615783691406,-0.09933079583927165,0.4365325427470569,-0.07041989022798673,1.9812061780427366,2.0663715437527888,0.3101129676533568,-5.2408586683928835,4.726623813306753,8.71402066421237,0.7695024888622182,0.4959961345959529,-0.04277988714913955,3.6588780122944335,-1.9003880659686487,-1.4761717955218714
2.064999580383301,-0.09932310702305382,0.436519862280222,-0.07041226558490617,1.9811456288859841,2.066431011370607,0.3101077993563873,-5.262053774697673,4.680601872243811,8.541871621871735,0.7681225226698359,0.4971150749801949,-0.039619352216793025,3.658857985133789,-1.9003880659686487,-1.4762471357928675
2.067037582397461,-0.09929014693872601,0.43653413275301534,-0.07041069587240834,1.9812450177929302,2.066386048706326,0.31007346120700374,-5.3624772158176714,5.071304418192156,8.557385991806672,0.7574484321911031,0.4938928478617299,-0.046752409716958904,3.658829851741455,-1.9003518263446253,-1.4762795607196253
2.0690715312957764,-0.0992773863286919,0.4365436001747672,-0.07040615845499185,1.9812701655698814,2.066393904900442,0.31005001994645737,-5.430497364085269,4.857942988774572,8.528699940456267,0.7636465100637816,0.49738028436971643,-0.04552500039963925,3.6588265138813476,-1.9003279844867151,-1.4763191382037562
2.071133613586426,-0.09926048207850105,0.4365421934481195,-0.07039811056543323,1.9812768976492683,2.066436372070047,0.3100251192807615,-5.3903545456452235,4.7878597177707665,8.401045076687712,0.761830883913082,0.49068688954490286,-0.04879979601940329,3.6587907510944824,-1.900296990071432,-1.4763982931720179
2.073195219039917,-0.09925210415141131,0.4365397218362259,-0.07039245064795249,1.9812831694497175,2.066458218121937,0.31000537841882236,-5.311855851544964,4.916434761432787,8.5698950317258,0.7560212887134754,0.49123527870972195,-0.04432415574876375,3.658778353328369,-1.9002764860736292,-1.4764388243304651
2.0752549171447754,-0.09924046936242124,0.43654482636059533,-0.07038652673468976,1.981311332515799,2.0664651911066474,0.3099909583597445,-5.256910126825353,4.832678126697569,8.529086656539464,0.7591112202737472,0.48734924673164687,-0.045650518259795325,3.658766432399414,-1.9002555052386683,-1.4764717260943812
2.0772948265075684,-0.09924206613110641,0.4365408524531049,-0.07037866820265722,1.9813110103516196,2.066513067972444,0.309919408877892,-5.2520319809553575,4.924592242865611,8.672924071506804,0.7608822913836332,0.4914092108704828,-0.04503758032872868,3.658792658443115,-1.900201145802633,-1.476523224507467
2.0793747901916504,-0.09922608072656411,0.4365331909818193,-0.07038449558485188,1.981363954524729,2.066506908078095,0.3098474714739878,-5.312233959759912,4.966029401059101,8.647059801589615,0.761586674895757,0.4943862352822585,-0.04711609546776757,3.6587654787250976,-1.900149170552389,-1.4765589872943323
2.081413745880127,-0.09921266610181997,0.4365298960879486,-0.07038504388009945,1.9813142390165221,2.066533683939692,0.30982597230532505,-5.144051122678061,4.937693609907629,8.705974061631903,0.7651030903593322,0.49634894565877824,-0.048409721275634865,3.6587654787250976,-1.9001525084124964,-1.4766228834735315
2.083453893661499,-0.09919637181139404,0.43654564090704323,-0.07036635825171414,1.9813715138384567,2.0665740717577483,0.30985601474207575,-5.1611916879010025,4.796719220364336,8.679669060254755,0.7693454473903291,0.49084359690747337,-0.045023330713129056,3.658702536220215,-1.9001238981830042,-1.4766858259784144
2.085493564605713,-0.09917435858888701,0.4365552034035786,-0.07035849077195047,1.9813880449131422,2.066551393456094,0.309843083508213,-5.248698021970893,5.066504012342976,8.605300006827596,0.7663325519159505,0.4871526232551935,-0.04505854298856579,3.6587254244038085,-1.9001238981830042,-1.4767187277423304
2.087549924850464,-0.09914794550059662,0.43653527973514744,-0.07037077843818774,1.9814065241529675,2.0665434682411283,0.30974954209673566,-5.122766797584314,5.101817219006489,8.430557794349001,0.7681875076578031,0.49346459590512703,-0.04363230624442499,3.658693476314209,-1.9000805060016077,-1.4767821470843714
2.0895957946777344,-0.09914139126020909,0.43653267808705326,-0.07036829085964574,1.981432696186643,2.0665692632801815,0.30971255885940174,-5.255409949480034,4.806746414215682,8.513806294824263,0.7704556790189467,0.4963891578792258,-0.0464072364922731,3.6586691576191406,-1.9000409285174769,-1.4768226782428187
2.0916357040405273,-0.09912485986082256,0.43656533936903696,-0.07034692006357057,1.9814388386270756,2.0666082355356847,0.3097559369125543,-5.179501289639733,5.019969181324246,8.29510977457004,0.7694736375690773,0.5004150092155466,-0.043898461880315987,3.658665342921875,-1.9000428358661097,-1.476893726979391
2.0936756134033203,-0.09911620017814157,0.43655410344380585,-0.07033979705854355,1.9814274208430487,2.066637376748774,0.3097527496649538,-5.312218855822106,4.771196347986146,8.27470061537748,0.7751378360562668,0.4968885651558655,-0.040559092359201604,3.658637686366699,-1.9000347296344202,-1.4769380728351038
2.0957157611846924,-0.09910091627186018,0.4365199626926646,-0.07035314395024928,1.9815156381383339,2.066578348331587,0.30963162289682294,-5.282445346788677,4.947304255383552,8.283840859795387,0.7680978374760188,0.4930642402315548,-0.043258616135091355,3.658625288600586,-1.8999674955951136,-1.4769237677203577
2.097756862640381,-0.09910374953447819,0.43655279414396825,-0.07034108565281598,1.981509034287469,2.066665694307808,0.3096520537578821,-5.158549459071688,5.122354309835806,8.26749209585089,0.7695826002348078,0.49587535535506294,-0.045082208736337115,3.6586014467426757,-1.899940315877096,-1.476999584828512
2.0997965335845947,-0.0990765601543443,0.43652226699783586,-0.0703496031098487,1.9815050547171147,2.0666373034072736,0.30955751011941296,-5.053751739841216,4.932113440788097,8.28448631828961,0.7771733199575768,0.497017805177877,-0.04341796966131767,3.6586052614399414,-1.8999159971820276,-1.4770472685443323
2.101836681365967,-0.09906788185484018,0.43653302512849473,-0.07034304023292447,1.9815264599011746,2.0666713735354905,0.3095837220155811,-5.02113292134053,5.005332696953127,8.28607433750255,0.7726821775251846,0.4960104901620032,-0.04317471921394245,3.658550425166748,-1.8999040762530726,-1.4770916144000452
2.1038761138916016,-0.09905269508582887,0.4365209070985251,-0.07034694083978309,1.9815500051165524,2.0666737066830656,0.30949174105162813,-5.064620106003908,5.067576607634291,8.123164430299726,0.7723067131138361,0.4984827696480873,-0.03779035987923479,3.6585537630268554,-1.8998525778399866,-1.4771397749530237
2.1059157848358154,-0.09905764078398202,0.43655116155039597,-0.07032879070511705,1.9815911916249231,2.066736025938153,0.30950271519976713,-5.125659045334754,5.140243132788625,8.010078801082042,0.7744554934839297,0.497080503866175,-0.04083441014432304,3.6585451799580078,-1.8998096624957483,-1.4771836439715784
2.107957124710083,-0.09903188282231179,0.43655332907101974,-0.07032054729006379,1.981612711095879,2.0667389516554544,0.309500089353327,-5.0479414955438955,4.88591785857562,8.129098964679205,0.7798570482006686,0.5021901046653237,-0.042732123787866144,3.6585141855427246,-1.8998010794269007,-1.4772427717791956
2.1100046634674072,-0.09901791818695346,0.43655580302965774,-0.07031539796021133,1.9816490537734024,2.066742080238608,0.30947166480253163,-5.1311045528578605,5.035512162224374,8.03350221257658,0.7800723726989784,0.4962400710757187,-0.042406960961854145,3.6585022646137695,-1.8997719923602503,-1.4772785345660608
2.112048625946045,-0.09899811896555731,0.43655032365774066,-0.07031469358345828,1.9816813960549582,2.0667309078363068,0.30939267555341793,-5.004405422990126,5.141263028167932,7.91530769804685,0.7752672279241364,0.4983540584802454,-0.040255845090290204,3.658517523402832,-1.899729077016012,-1.477323357258932
2.114109516143799,-0.09897959554729158,0.4365463816571208,-0.0703076472743776,1.981653960639953,2.0667426931338824,0.30938606448918965,-4.931283966523207,4.876376542966362,7.878857786786184,0.7788012529461459,0.5062821699275928,-0.04062749002741073,3.658517523402832,-1.899736229573385,-1.4773796240436
2.1161530017852783,-0.09896614698588344,0.43655143397658186,-0.07030939889848832,1.981678258487244,2.066774989393641,0.30931633017143545,-5.22349788910469,4.977486018779823,7.860982218622193,0.7820451229891235,0.5036637980218363,-0.044280803168672195,3.658501310939453,-1.8996809164630335,-1.477450195943014
2.1181955337524414,-0.09895997859226628,0.4365356055489057,-0.07030332433277779,1.981669799940019,2.066792176244918,0.30931995839370807,-5.211135090108684,4.9466098682035335,7.796744233232548,0.7766113832342312,0.4964490012421758,-0.03704692284672867,3.6584736543842773,-1.8996794859515589,-1.4774754683123987
2.1202380657196045,-0.09893088257817945,0.436557502605066,-0.07029782839484654,1.9817069463962709,2.066793153602938,0.30930245563381936,-5.15233094848238,4.681697260069809,7.769663656726196,0.7795029705035024,0.4952843456440539,-0.03928636772102129,3.6584574419208984,-1.899658505116598,-1.477546517048971
2.1222825050354004,-0.09893255812075558,0.43657154281699245,-0.07028408953636726,1.9817806744822397,2.0668448953377605,0.30927655183603886,-5.086242181261604,5.079541303617972,7.922736344013176,0.776963953026029,0.49962698324068544,-0.0451548783442037,3.658426447505615,-1.8995888868915003,-1.4775870482074183
2.1243205070495605,-0.09891014305412321,0.43654235372330297,-0.07029471604759589,1.9817346643430316,2.0668298124696554,0.30921452566045565,-5.401604932240038,4.9192563415474195,7.806912310360067,0.7753031468888889,0.49170401037668515,-0.04044694590582121,3.6584250169941406,-1.8995922247516077,-1.4776352087603968
2.126359701156616,-0.0988977144070872,0.43653406254034516,-0.0703045619938769,1.9817223271692044,2.066857607112634,0.30913680521597714,-4.8864251778116214,4.786214404446972,7.858825431868896,0.7759713261574888,0.49815116884183214,-0.047045686125505054,3.65840928136792,-1.8995521704303187,-1.4777024427997034
2.1283986568450928,-0.09888850601065327,0.43652840792534153,-0.07029204722341567,1.9817470060249942,2.0668722448870644,0.3091215097146213,-5.058048715743887,4.8792874511698265,7.838775089721692,0.7713452362167635,0.4952743978073595,-0.04311635208540568,3.6584011751362304,-1.8995283285724085,-1.477734390889303
2.1304378509521484,-0.09887643168461065,0.4365793870458003,-0.07026646375118945,1.9818737857827,2.0668854873187725,0.30921466878010084,-5.126090502397234,5.028594793347928,7.767828348598288,0.7678885762031864,0.4901459433425197,-0.04140204244069451,3.6583353716083984,-1.8995078245746058,-1.4777515570269983
2.132521629333496,-0.09885678139377183,0.4365574166098066,-0.07027367486395275,1.9818517546006351,2.0669024087819023,0.30911635905087337,-4.934678901254706,4.974551041007398,7.909037447102579,0.7706545808231849,0.49868816907769553,-0.04571236719920582,3.658333941096924,-1.899468723927633,-1.4778273741351526
2.1345608234405518,-0.09883327672898645,0.4365632842015787,-0.07025923212044588,1.9818773278007207,2.066943862614587,0.3090584297574557,-5.084138844850117,4.622632043373975,7.85068617742978,0.766222402567291,0.49661759591064986,-0.040710412666644685,3.6583291727253417,-1.8994153181659144,-1.4779265562640589
2.1366019248962402,-0.09880327149925083,0.4365560064442359,-0.07025953161581461,1.9818306164661392,2.0669438354919336,0.30902364954707323,-5.167242684980466,4.855525385897833,7.876057687600953,0.7609539762569024,0.49569537941198905,-0.04417883993923655,3.658336325282715,-1.8994258085833948,-1.4780057112323206
2.1386427879333496,-0.09879734959983572,0.43655727343911355,-0.07026076735961533,1.981883380563123,2.066971818990047,0.3090002267260114,-4.880287630501392,4.7997895008956295,7.827320291973802,0.7654807101963492,0.49597611131774455,-0.049475132014006856,3.65827385961499,-1.899379078541891,-1.4780414740191858
2.140683889389038,-0.09879413416561358,0.4365603283150017,-0.07026043254085233,1.9819268975948692,2.0669762342609888,0.3089199941371529,-5.1114702057961345,4.569720227809723,7.845188132979747,0.7655697767402968,0.48970595977213865,-0.043970544495083974,3.6583005624958496,-1.8993209044085901,-1.4780634085284632
2.1427249908447266,-0.09877523846315325,0.4365474594675538,-0.07025489173061683,1.9819059598923099,2.0670093782305816,0.30892113897104784,-5.108423893587565,4.515242001134539,7.750425554572784,0.761395891382955,0.49152404981615294,-0.04590837769684408,3.65825001775708,-1.8993189970599573,-1.4781344572650355
2.144766092300415,-0.09875409734396715,0.4365490653600765,-0.0702539273335194,1.9819255777004565,2.067002979189117,0.3088825176179725,-5.000092768990255,4.82856574975914,7.7233707043618915,0.7601437337578305,0.5018647473508214,-0.04498252649198217,3.658245249385498,-1.8992984930621546,-1.4781821409808558
2.146822214126587,-0.09874525404829754,0.4365685444818849,-0.07023841466592204,1.9820305096227018,2.067048907248087,0.30882150964360566,-5.325340978426594,4.619935952164492,7.847976163086897,0.7624650797321695,0.49594199765335034,-0.046853031072236984,3.6582209306904296,-1.8992026487933558,-1.4782455603228968
2.148864269256592,-0.09871490174203647,0.43653194679339696,-0.0702561999197503,1.9819622336765912,2.066996025336992,0.30876776309650517,-5.128229132855115,4.677871632318073,8.010976124776258,0.7523202050981376,0.5004316999252754,-0.04833630401394756,3.6582280832478027,-1.899238411580221,-1.4782779852496546
2.1509108543395996,-0.0987156736850717,0.4365549106467692,-0.07023470007948165,1.9820159495227316,2.067054830608338,0.308806956323651,-5.1219430846909155,4.399702626044926,7.783416447919597,0.7513282086123118,0.5000291940083947,-0.050319885054098734,3.658184691066406,-1.8992045561419886,-1.47831899324526
2.153280258178711,-0.09869948103392355,0.43654204720237727,-0.07024697329150516,1.9819974839160956,2.0670716947504633,0.3087412574334698,-5.231796364556928,4.7357260986377625,7.798356638704499,0.7409415705908771,0.4958738175502262,-0.0542189050808681,3.6581570345112304,-1.8991783300982874,-1.478382412587301
2.1553995609283447,-0.09868223813573282,0.436567504824299,-0.07022923313997283,1.9820816697296813,2.067066621896381,0.3087295333920676,-5.059168611111954,4.739222079162482,7.946141809916327,0.7362721477066009,0.499858110785955,-0.058856951803540336,3.6581646639057617,-1.8991387526141565,-1.4784148375140589
2.1575095653533936,-0.09867023434244125,0.43656534473880737,-0.07022388781634457,1.982087289308605,2.067097364065402,0.3086758488322201,-5.0994741343571715,4.652001286158582,7.952689836412151,0.7263809707930237,0.4945065407369918,-0.05355958992246024,3.6581646639057617,-1.8990996519671839,-1.4784782568561
2.1595873832702637,-0.09864337316807341,0.43657584160094065,-0.07021668416025549,1.9821345512939113,2.067095289345326,0.3087128909762046,-5.066067770448609,4.583140559417514,7.934460481302366,0.7291440610821518,0.496045739308347,-0.058072180742246404,3.6580936151691894,-1.8990996519671839,-1.4785264174090784
2.1616625785827637,-0.09865634351266782,0.4365624217911901,-0.07021949025277255,1.9821184255831776,2.067181212313155,0.30857837407506644,-5.150988549991787,4.455435339083865,7.985178573565012,0.7212495635211483,0.48665406669500844,-0.05516051950772022,3.6581169801899414,-1.8990052382098597,-1.4785974661456507
2.1637489795684814,-0.09862734243568155,0.43658418862808185,-0.07020971407463637,1.982174891690559,2.067149475304395,0.30863557447026535,-4.9509016323792405,4.400453405113729,8.230656849947664,0.725485810652704,0.4917335461718235,-0.056294835605151,3.6580731111713867,-1.8990238348590296,-1.4786222616778772
2.1658339500427246,-0.09860808628344955,0.43657324479067894,-0.07020014892413964,1.9821537454754663,2.067162536961629,0.3086513221543069,-4.999548330595517,4.31617509205101,8.065449621285989,0.7266156674716886,0.4887248754331672,-0.0564229297557273,3.658045931453369,-1.8990376631366175,-1.4786742369281214
2.1679039001464844,-0.0986025754412874,0.43657271393180325,-0.07020345064588053,1.982138037692353,2.0672034355831608,0.3085604763664962,-4.862675732741687,4.22208366449521,8.243232515446257,0.7232750763016196,0.4953878038005457,-0.05473680876769857,3.658068819636963,-1.8989861647235315,-1.4787424246417444
2.1699910163879395,-0.09857024975380321,0.4365560532562347,-0.07021593226216014,1.9821833398855773,2.06718167628615,0.30845752381966635,-4.869740856957095,4.495184634897088,8.243423715224253,0.7195751714937869,0.4927461543520902,-0.05791773235218334,3.658033533687256,-1.898933235798971,-1.4788063208209437
2.1720774173736572,-0.09856349879420645,0.4365776732905505,-0.07019018998621022,1.982218066915448,2.0672232043561776,0.3085030796671348,-4.97904682926774,4.24162273573482,8.056076484372776,0.7186555670598698,0.4828171758849749,-0.05846618243405813,3.6580168443867187,-1.8989198843585413,-1.4788501898394983
2.174163341522217,-0.09855812916788559,0.436554131372497,-0.07020518922030428,1.982184586103759,2.067233071457958,0.30841578953395204,-4.839294868961213,4.568227225303534,8.353430725284426,0.7103202255849562,0.490679886278379,-0.06058370314496522,3.6580206590839843,-1.8988922278033655,-1.4788864294635218
2.1762454509735107,-0.09853826259850298,0.43657494326914026,-0.07019425727391505,1.9822558774760215,2.067249169109688,0.3084337909724095,-4.916698917052804,4.473956476993005,8.127191889744905,0.7143836033422996,0.4850840382483902,-0.05990538934762596,3.6579620081135253,-1.8988631407367151,-1.4789379278766077
2.17832088470459,-0.09852684432563026,0.4365584427112441,-0.07019143507452501,1.9822615227982778,2.0672595211883924,0.3084159031948672,-4.835968583896392,4.498528174193123,8.184943443354282,0.7093260416318512,0.4915372692409253,-0.0642142408172438,3.6579300600239257,-1.8988493124591272,-1.478971306477682
2.180373430252075,-0.09851195360890967,0.436577033332219,-0.07018130222656983,1.9823532694566182,2.0672812555871953,0.3083824275949307,-5.082617359453674,4.165122310676952,8.127683510329682,0.7153901772608864,0.48581125023706984,-0.06238748291596469,3.6578938203999023,-1.8987839857684534,-1.479023281727926
2.182420492172241,-0.09849824654986236,0.43656069824536176,-0.07019503878546977,1.9822539046668353,2.0673434747444555,0.3082840029410474,-4.973872138451581,4.199815999685054,8.131266518580452,0.7180822029787559,0.48264222262481576,-0.06117899608130542,3.6579009729572753,-1.898759667073385,-1.4791372458087366
2.1844730377197266,-0.09848110746280257,0.43656759183432103,-0.07018279798049264,1.9822670846104498,2.067357630571706,0.3083363961543679,-4.93417251699285,4.319173664860069,8.146053938070272,0.7120767892294118,0.48767179797974414,-0.06119914463085041,3.657850905055664,-1.898773495350973,-1.479178253804342
2.1866257190704346,-0.09844199172981066,0.43658276180553557,-0.07017483595092401,1.9823521482534567,2.067342556547125,0.30825560485005626,-4.92589335410388,4.247597149878107,7.7545502076786725,0.7192514408704115,0.4819671607495417,-0.056340905762560345,3.6578494745441894,-1.898710076008932,-1.4792621771441858
2.18869948387146,-0.09843334679653767,0.43657280476819227,-0.07017068590481214,1.982416967896671,2.067355924154892,0.30821185497125997,-4.7935213964806,4.280055068769972,8.070751656689442,0.7172193055656598,0.49597842710400064,-0.06002627702267785,3.657806559199951,-1.8986552397357386,-1.479290787373678
2.1907780170440674,-0.09843161893998446,0.43656552120747544,-0.07016783714694058,1.9823226132762155,2.067437489603375,0.30815074273438614,-5.112083356389374,4.447408207846027,7.8819013913596425,0.7197420715367961,0.4880526878529305,-0.06735398127195547,3.657836599940918,-1.8986347357379358,-1.4793890158282679
2.192840814590454,-0.09839918607107989,0.43658673285215477,-0.07015688019824864,1.9823924385778842,2.0673843410512536,0.30820043849215645,-5.023261634981077,4.1964076377082105,7.847488986469296,0.7236228528039319,0.48802462012063824,-0.05842547840991119,3.657808943385742,-1.898653809224264,-1.4794023672686976
2.194901466369629,-0.09839351325628504,0.4365573775832002,-0.07016993582526523,1.9823788628718755,2.067432625966388,0.3080509376622802,-5.073084601862115,4.2914078406499785,8.036443311469926,0.7166531320553545,0.49170577794218423,-0.06041896886693893,3.65780417501416,-1.8985713163958948,-1.479481045399801
2.1969432830810547,-0.09838651958496158,0.4365779672717157,-0.07015238086717955,1.9823751209691167,2.067473823159948,0.30810056306627703,-5.121043819339976,4.265414454229726,7.746680319473788,0.720562306946563,0.4937098398471626,-0.06347228891713114,3.6577889162250976,-1.8985779921161097,-1.4795292059527796
2.198984384536743,-0.09837607900364839,0.43656462606927093,-0.07015265585304474,1.982427955773305,2.067473815060835,0.30805786033400095,-5.29772255008104,4.3542128730697405,7.9279818142200655,0.7146920769842651,0.4952837349295811,-0.060298994850801035,3.6577488619038085,-1.8985355536090296,-1.4795506636248987
2.2010252475738525,-0.09834627980533639,0.4365843586079045,-0.07014781265817999,1.982469300439493,2.067451526171849,0.3080551287785526,-4.984446836311593,4.090055840209371,7.9639769678542836,0.7232936875365187,0.4994088255582193,-0.05925963221570307,3.6577369409748535,-1.8985298315631312,-1.4795988241778772
2.2030673027038574,-0.09836381552038026,0.43656944474280407,-0.07014780149149802,1.9824597155064148,2.0675448691661726,0.3079551990966383,-5.009129001457885,4.396146889271037,7.760813012559865,0.713401816503199,0.48399640087357754,-0.06375268564545591,3.6577326494404296,-1.8984440008746546,-1.4796579519854944
2.205112934112549,-0.0983261560701077,0.43657918110573535,-0.07014236789239184,1.9824497463313044,2.06753995163696,0.3080038815351013,-4.8850429698163005,4.170014117192936,8.028610524075932,0.7121139255808715,0.490738833265797,-0.06901485214048145,3.6576763826557617,-1.8984788099872034,-1.4797332922564905
2.2071542739868164,-0.09832536489123955,0.43658390720925955,-0.07013479743927917,1.9824912966705284,2.0675756632250453,0.30796840447423074,-5.128633768590105,4.454968570882932,7.92581769898189,0.7070463424775308,0.4901663514252018,-0.06260280367888565,3.6576616007038574,-1.8984273115741175,-1.4797690550433558
2.209195852279663,-0.0982946963252194,0.4365731877145101,-0.07013461161523997,1.9824986312002582,2.0675562410672033,0.3079275269836123,-4.968754977604994,4.348853999307626,7.81622058247043,0.7076459423741688,0.49247306547554043,-0.06313577483231009,3.657649202937744,-1.8984187285052698,-1.479825798665182
2.2112362384796143,-0.09828491972170075,0.4365780034529422,-0.07012922796938152,1.9824937513901173,2.067590668397252,0.3078810675319172,-5.136452341727214,4.216388802235876,7.919012557103644,0.7087685350506572,0.4902266260629315,-0.06456673433354587,3.6576601701923828,-1.8983858267413538,-1.479889218007223
2.2132771015167236,-0.0982650841440148,0.43659348125981656,-0.07011634229614476,1.9825138442554577,2.0676118468568183,0.3079056055076638,-5.183514000770808,4.055633069074992,8.119480663567915,0.7090396346756519,0.48815460775792774,-0.06808811162417394,3.6576286989399414,-1.8983810583697718,-1.4799492994891565
2.215318202972412,-0.09827022607377137,0.43656718748210904,-0.07012958464499082,1.9825268518325798,2.0676311002585672,0.3078032391441306,-5.078993738726863,4.322499667462315,8.076442831561103,0.7035120247258446,0.4900304779425818,-0.06843517205583088,3.6576167780109863,-1.8983190695392054,-1.4799659887896937
2.2173590660095215,-0.09825421881682496,0.4365574979528045,-0.07012754571176509,1.9825531120017605,2.067622642461873,0.307771408830127,-5.032204657757509,4.141072435449721,7.9464522318316035,0.7108307665600117,0.48118574088100674,-0.06438421571683808,3.657600088710449,-1.8982985655414026,-1.479995075856344
2.21940016746521,-0.09823164930453909,0.436555929086974,-0.07012719757447929,1.982599458248994,2.0676344904262614,0.30766761564349543,-4.8924526099996655,4.14621698776727,8.192701256103692,0.7047494445578053,0.48372751270749587,-0.06446516348365827,3.657600088710449,-1.8982279936419886,-1.4800704161273401
2.2214410305023193,-0.09823178288530743,0.4365692087540115,-0.07011165041994336,1.9826147444031834,2.067708359538572,0.30770444378082673,-4.933077870235512,4.00103839809984,8.141103771024538,0.7080567545367857,0.48502588573625444,-0.06859649066656037,3.65754143773999,-1.8982041517840784,-1.4801290670977991
2.2234818935394287,-0.09821825125104378,0.4365529058419935,-0.07012716609737508,1.9825468020422683,2.067718976929778,0.3076436041161744,-5.101753441856156,4.0800950034739145,7.940981008542799,0.7052834543492097,0.49195440886827724,-0.06939625522783738,3.6575447756000976,-1.898205582295553,-1.4801858107196253
2.225524425506592,-0.09820200449808097,0.4365747228042369,-0.07010887380437643,1.9826009448663136,2.0677420802243316,0.30766428697867326,-4.990538315333556,4.330291792246322,7.85434891266401,0.6969922376573771,0.4871049148792925,-0.07071334702662013,3.65751759588208,-1.8981817404376429,-1.4802373091327112
2.2275936603546143,-0.09820295000713396,0.43657706267109164,-0.07010871641602325,1.982656334364719,2.0677855727595937,0.3075870013786034,-4.938556348154904,3.945220472693032,7.850533184334649,0.694907620470913,0.48324562253112924,-0.07072338909671091,3.657496138209961,-1.8981011549579065,-1.4802816549884241
2.2296435832977295,-0.09815661762712863,0.4365732913945839,-0.07009546684618992,1.9826576231935977,2.0677465091287006,0.30759954065669853,-5.169357804425685,4.054570751640135,7.675415660865565,0.6923971336835772,0.4790853514450727,-0.06816500341171902,3.6574885088154296,-1.8981307188617151,-1.4803488890277308
2.231691360473633,-0.0981632324631722,0.43657210338088254,-0.070096947664846,1.9827086859481293,2.067747333158765,0.3075414900669755,-5.142550324214036,4.17748693989778,7.992805052142661,0.6872697451680039,0.4837967880390449,-0.07414335355462051,3.6574999529072265,-1.8980792204486292,-1.4803388754474085
2.233738660812378,-0.09815375578632932,0.43657953835528157,-0.07009169982628138,1.9826980365809284,2.0678212043425193,0.3075387491779681,-4.933025388696638,3.937650886106378,8.009863774911748,0.6934593551941813,0.4906123174526227,-0.0725562917498849,3.6574413019367675,-1.8980510870562952,-1.4804289976703089
2.2357850074768066,-0.09813647200673835,0.4365771073575705,-0.07009972333294986,1.9827338688281686,2.0678151984420095,0.3074771972170734,-4.884019310844663,3.776713016984335,8.093268878482109,0.6956074689974725,0.4909768687795974,-0.07372073581159927,3.6574174600788574,-1.8980119864093226,-1.4804695288287562
2.237825870513916,-0.0981194920737718,0.4365892288586784,-0.07008385001488598,1.9827610907882594,2.067828958444161,0.3074871742534868,-4.7139093972202595,3.991369190304083,8.241726067908743,0.6865224779853379,0.48977641207525424,-0.06824074579385805,3.6574088770100097,-1.8980000654803675,-1.4805176893817347
2.239896297454834,-0.09812763239578326,0.43658577722706216,-0.07008558669840899,1.982736647127804,2.0678993998905435,0.3074549870477511,-5.019454359756304,3.930767853527274,8.209567925746303,0.6853164874346239,0.48599920990130585,-0.07216988618040412,3.657381220454834,-1.897963825856344,-1.4805696646319788
2.2419371604919434,-0.09808147404071697,0.43658847945788165,-0.07007231678756132,1.982765826562503,2.067849528867969,0.3074433375544426,-4.978290187177493,4.209383058205745,7.954553484739766,0.6866331447612526,0.48340079411967163,-0.07180990950573776,3.6573921877094726,-1.8979743162738245,-1.4806297461139124
2.2439794540405273,-0.09809211747381077,0.43658628872044186,-0.07007393190131321,1.9827509786690123,2.0679243722489407,0.30741882418856964,-4.898864070923113,4.145912960597786,7.907892192971707,0.6880331830282974,0.480057200921878,-0.07402658410039967,3.6573521333881835,-1.8979347387896937,-1.4806774298297327
2.2460360527038574,-0.09804922624353506,0.4365891817590161,-0.07006517967736317,1.9828268547289092,2.067861790050043,0.3074023331109048,-4.855826812607229,4.243275215783219,7.849352079067434,0.687387840185274,0.47768819959438225,-0.07662546987088742,3.6573373514362792,-1.8979266325580042,-1.4807136694537562
2.2481272220611572,-0.09806079764190279,0.4365661862500227,-0.07007460765874986,1.9827793625865155,2.067925193410501,0.3073302599531681,-4.936036538902677,4.0317239420427065,7.721640668033955,0.6887678528627734,0.4797597259542616,-0.07267608587146573,3.657324953670166,-1.8978856245623987,-1.4807575384723108
2.2501678466796875,-0.09804759148657105,0.4365754490988012,-0.07006595616129885,1.982817113888371,2.0679591216589683,0.3072954260013829,-4.970464292433932,3.8655505990040067,7.881158837708619,0.6922645558865806,0.484576785295879,-0.07335662286393696,3.6573044496723632,-1.8978388945208948,-1.48082143465151
2.252208948135376,-0.09804566569388444,0.43659305098589857,-0.07006181645112172,1.982857703530518,2.0680011505119404,0.3072991509625315,-4.981217809433513,4.056404377709389,7.719659898788996,0.6826515869181977,0.48482076460288953,-0.07138481782997627,3.657257242793701,-1.8978031317340296,-1.480861012135641
2.2542500495910645,-0.09803007280484721,0.4365837210450803,-0.07005516482519455,1.9828413537973,2.068036132880484,0.30722412641942776,-4.928261063062205,3.959213554344731,7.793319525568222,0.6826609383662776,0.48801010133051287,-0.07456127760174924,3.657275839442871,-1.8977630774127405,-1.4809415976153772
2.2562925815582275,-0.09801132042372131,0.43658376545233735,-0.07006204770951503,1.9828809064833717,2.0680206318356076,0.3072058017764681,-5.002666098562369,3.9735612321237084,7.843425975397085,0.6874755105104953,0.4858656135786597,-0.07626541782609653,3.657228632564209,-1.8977463881122034,-1.4809687773333948
2.258338212966919,-0.09799889220222402,0.43660109554858234,-0.07003354998771544,1.9829500718524953,2.0680383136535982,0.30725629145294897,-4.822659290285694,4.063104978908832,7.883702387925925,0.6855472847443673,0.4882072905352248,-0.07541059196912547,3.657200976009033,-1.8977306524859827,-1.4809978644000452
2.2603790760040283,-0.09797094914192107,0.4365824703896882,-0.0700523756535008,1.9829333465791483,2.0679899721511323,0.30714339517971645,-4.961676769418787,3.7618277092987986,7.886897418737648,0.6855514822717652,0.48584305650340626,-0.07467900831423033,3.657235785121582,-1.8977134863482874,-1.4810383955584925
2.262420177459717,-0.09798043254115693,0.43658914043645936,-0.07004668093206926,1.9829351036793381,2.0680825439321957,0.3071123432833153,-4.908961387758639,4.0011563229074145,7.7659750393489055,0.6865377096551426,0.49157659430646444,-0.07761145745089021,3.6572000223347167,-1.8976553122149866,-1.4811056295977991
2.264481782913208,-0.0979650028008899,0.43659740490851734,-0.07003584305529781,1.9830105237158588,2.068102752575709,0.3070756208116373,-4.980166403800618,4.111514085775876,7.827018719222099,0.6867032387229838,0.4958759392126586,-0.07754829178684533,3.6571685510822753,-1.8975966612445276,-1.4811576048480433
2.266526937484741,-0.09794092760080904,0.43658344524243436,-0.07004765924654027,1.9829689914087325,2.068082469061901,0.30702757656690827,-4.789871175334429,3.9055921116418864,7.861247920597361,0.6895596875779757,0.49857699014334766,-0.07244066838020369,3.6571718889423828,-1.897607151662008,-1.4812057654010218
2.2685842514038086,-0.09791003531825807,0.43660315717069,-0.07001926633374807,1.983048491589227,2.0681205602394614,0.3070238929199312,-4.872444589592163,3.996260480636371,7.673716718926863,0.6865403058663665,0.48932504026269713,-0.0758183103608816,3.65713278829541,-1.8975556532489222,-1.4813044706927698
2.270625114440918,-0.09789866794300423,0.43660088047899565,-0.07001479086619007,1.9830718211548848,2.0681282336706746,0.3070223953796228,-4.948792965736506,4.15882248959253,7.665698138528089,0.685159249581968,0.4886663222686339,-0.07089718364360406,3.6571003633686523,-1.8975423018084925,-1.4813335577594202
2.2726659774780273,-0.09790764294463508,0.436589084754194,-0.07002046163679582,1.9830380241664414,2.0681870512873357,0.30697986518977055,-4.862981932663091,4.06407165426948,7.440246223360592,0.6940099595706412,0.48410486365045047,-0.07473745169622054,3.6570798593708496,-1.897510830556051,-1.4813745657550257
2.2747080326080322,-0.09787111629798051,0.43658429200940013,-0.07001860415134584,1.9830333675701863,2.0681860322734753,0.30689151541735216,-4.766100859275607,3.911122038259638,7.345481423018079,0.6883877948887256,0.48063577505067245,-0.07383642048763994,3.6570989328571777,-1.8974788824664515,-1.4814732710467737
2.2767655849456787,-0.09785178994619931,0.4365680584596584,-0.0700179334940139,1.9830191322168167,2.068170162108155,0.3068696255924333,-4.706203666523846,4.051342965025908,7.352656377225047,0.6862322143305262,0.48512319491087624,-0.07487166222426025,3.6570955949970703,-1.8974855581866663,-1.4815052191363733
2.278838872909546,-0.0978460680614475,0.4365909780583959,-0.07000658197162697,1.9831206129561523,2.0681836186112013,0.3068717443137824,-4.7374135575738405,4.132381995608047,7.174077118046817,0.6852138421046011,0.4872824642911138,-0.07657704374832691,3.657055540675781,-1.8974340597735804,-1.4815219084369105
2.2808830738067627,-0.09783545508697497,0.43660304462514843,-0.06998909486013719,1.983126346140602,2.0682356552335146,0.3069157882702605,-4.733573273055639,3.841598851064505,7.27814521785097,0.686843950074473,0.4933413318681447,-0.0756128690511843,3.6570092874714355,-1.8974292914019983,-1.4815853277789515
2.282924175262451,-0.09783661819229753,0.43659456660369655,-0.0699973547246643,1.9831408303785327,2.0682944139184154,0.3068179985849165,-4.715086496426574,3.7843606315807277,7.198884625930544,0.6866750926415571,0.49131014110443627,-0.0801032833622908,3.6569816309162597,-1.8973515669452112,-1.4816492239581507
2.2849652767181396,-0.09781942367884633,0.4365963255326881,-0.06999114754780901,1.9831603837348597,2.068287074083305,0.30678842415725055,-4.838953178971577,3.5599146059970903,7.037547625265938,0.6872451176200949,0.4822586919453233,-0.07777108211678452,3.65699212133374,-1.8973348776446741,-1.4816854635821741
2.287006139755249,-0.09779288874289108,0.4365647530522564,-0.06999820064762859,1.9831543243291185,2.0682563558823137,0.30675762248151245,-4.9357983704751085,3.7473296007128294,7.227280024435972,0.6799835877872628,0.48038240216796196,-0.07584922455858589,3.6569525438496093,-1.897341553364889,-1.4817174116717737
2.2890470027923584,-0.09776982307850415,0.4366125953573126,-0.06997799743803867,1.983217366301441,2.0682656161455446,0.3067964195187539,-4.959613361048058,3.7654296302470476,7.0592013000884,0.6783621993634273,0.4786771200180688,-0.0677041569735646,3.6569477754780273,-1.8973291555987757,-1.4817741552936
2.291088342666626,-0.09776383894756632,0.43660180464218956,-0.069972358416738,1.9831883706637907,2.068323902684849,0.3067526714293294,-4.954149299721906,4.015326244501545,7.163350024942959,0.6763554971677417,0.4761507824289614,-0.0768075681660077,3.656935854549072,-1.897297207509176,-1.4818485418902796
2.293152093887329,-0.0977563760411838,0.43660067273186653,-0.06998436714120403,1.9832787103544474,2.0683166900681775,0.30665336703272583,-4.76663787056503,4.028918032662424,7.190692114262397,0.6749535700154516,0.4819640739675498,-0.0793774543912926,3.6569077211567382,-1.897214714680807,-1.481866184865133
2.2951929569244385,-0.09772268809600075,0.43659773673541763,-0.06997122812736577,1.983264508537649,2.0682954460767458,0.30664790315571683,-4.880937983356327,4.127958707281355,7.204613836483971,0.6662995117188981,0.47640205686731957,-0.07496698172617108,3.6569277483173828,-1.8972333113299769,-1.4819262663470667
2.297234296798706,-0.09773297447554956,0.4365900977465091,-0.06997211979341997,1.9832406174548856,2.0683911051698147,0.30655926576189896,-4.72957787836723,3.588633383668027,7.598457530735856,0.6673421260457787,0.4854492538446941,-0.07477614564430768,3.656918688411377,-1.8971594015704554,-1.4820054213153284
2.299276113510132,-0.09771438432025796,0.43660004109214007,-0.06996985228630404,1.9832797594166205,2.068395447361715,0.3065973452186844,-4.651011370748765,3.7091675815370393,7.849744485622782,0.6631055371897012,0.494289965803427,-0.08130897808223356,3.656844301814697,-1.8971594015704554,-1.4820411841021937
2.3013203144073486,-0.0976967145545917,0.4366092879472855,-0.06996670201507735,1.9832819532255024,2.068415376204779,0.3065755990145332,-4.7422688806930875,3.72073351580505,7.603102712105343,0.6515974698210318,0.4822701186553582,-0.08529221509221621,3.6568328577229003,-1.89714223543276,-1.4821050802813929
2.3033623695373535,-0.09768977521871752,0.4365964608361628,-0.06996528037116741,1.9833354711769329,2.0684015335746264,0.3065358812830042,-4.6777468240434175,3.5712324431070024,7.631906124448841,0.6480686685195416,0.4725591127225903,-0.0827465720460411,3.656815691585205,-1.8971064726458948,-1.4821060339557093
2.3054184913635254,-0.09765331457062569,0.4366105119791642,-0.06995942542558645,1.9833190537179213,2.068409862172504,0.30653812216160414,-4.43551904011271,3.834055521198102,7.945898865435998,0.6346680589630916,0.4705703350264073,-0.08907125647645242,3.656796618098877,-1.8971169630633753,-1.48220140138735
2.3074588775634766,-0.09764735809937553,0.4365921441143234,-0.0699647466893945,1.9833007307024764,2.0684525489773145,0.30646528682866553,-4.574888718349729,3.3002219128842056,8.012754073865338,0.6377648691137224,0.46218713980013043,-0.08708804310860083,3.656775637263916,-1.897074047719137,-1.4822643438922327
2.309499979019165,-0.09763763966224799,0.4366120172231834,-0.06994637909244875,1.9833867076849765,2.0684517534127784,0.3064543220392614,-4.465880457888024,3.6324904260521884,7.911741486884972,0.6331332056399293,0.4641563933765589,-0.09135868747010287,3.656783266658447,-1.8970306555377405,-1.482281510029928
2.3115410804748535,-0.09761705905104648,0.43660699240204737,-0.06995560219498859,1.9833992962307059,2.0684420206966276,0.30639037379740885,-4.415442395387712,3.248849222182961,8.171310761009062,0.6316633456712313,0.46494806870495664,-0.08666828496795145,3.656771345729492,-1.897003475819723,-1.4823291937457483
2.313581943511963,-0.097606934238594,0.43661273898585035,-0.06994449980580225,1.983366050263475,2.0685094681094416,0.3064161404632722,-4.233700130231222,3.1449034754204535,8.357320525309612,0.6240636243235906,0.46256958555285926,-0.09505798863784848,3.6567274767109375,-1.8970015684710901,-1.4824121634112757
2.315624237060547,-0.09758666749513714,0.43661994796810494,-0.069934230893822,1.9834889608559372,2.068463360508749,0.3063848294740734,-4.49007542841616,3.1580304578586005,8.227348199274234,0.6198553447204976,0.4554901392439669,-0.0924813770640241,3.6567160326191406,-1.8969538847552698,-1.4824093023883265
2.317699909210205,-0.09757901515025517,0.4366036537405322,-0.06993921904657222,1.9834348105239976,2.0685109641881705,0.30633941208949056,-4.268826447791226,3.1001945817118606,8.45106860521431,0.6148253079474425,0.45659967098597753,-0.09750240444612784,3.656696005458496,-1.8969381491290491,-1.4824803511248987
2.3197410106658936,-0.09755601486679973,0.43662141308651287,-0.06993244807811565,1.9834942463718894,2.068489489459471,0.3063607692661211,-4.417943307596108,3.336267120748227,8.311123164819318,0.6009531333417152,0.44397857060856755,-0.09934747453465032,3.6566635805317382,-1.896933380757467,-1.4825061003314417
2.321782112121582,-0.09756309060312819,0.4366196328802468,-0.06993086583902056,1.9834647712780331,2.0685866915374507,0.30626688436790944,-4.307791611288693,3.3662682622078948,8.12907443913762,0.5981006463900423,0.4408727100563875,-0.10352872727800547,3.6566712099262695,-1.8968594709979456,-1.4825971762286585
2.3238229751586914,-0.09753840879134154,0.4366301497191199,-0.06992183701247981,1.98353226681892,2.0685550542405706,0.3062766131859528,-4.329163314761766,3.0570398065607134,8.276418447261053,0.596468830375464,0.4381984675861095,-0.10163236297396808,3.6566473680683593,-1.8968504110919397,-1.482617203389303
2.325863838195801,-0.09751415085652798,0.4366004268044966,-0.06992329783719167,1.9834756189108922,2.0685881177495955,0.3062404629459899,-4.52152593572936,3.0983269977366437,8.347099763219093,0.5889211414542666,0.437302460440878,-0.10477165155705243,3.656604452724121,-1.8968489805804651,-1.4827082792865198
2.327903985977173,-0.09751776864437413,0.43662591352152147,-0.0699131459939099,1.9835299590050661,2.068614782503293,0.306248391262509,-4.4375565381203135,3.036095861987784,8.15195669322438,0.5862791694738637,0.4398357260036938,-0.10196680227102031,3.6565958696552734,-1.8968146483050745,-1.4827211538897913
2.3299436569213867,-0.0974978629265853,0.4366207671821097,-0.06991149412002258,1.9835520355976186,2.068627159894529,0.3061864512581528,-4.4316722159168895,2.901086179397149,8.164901592246,0.5807192171050093,0.44072269446961787,-0.10527983181914005,3.65658347188916,-1.896773640309469,-1.4827850500689905
2.331983804702759,-0.09747015378324378,0.43662086923958565,-0.06990789906780458,1.983628828494907,2.0685737253713583,0.30615036687242914,-4.3994835913974,3.309086187061096,8.103893737082341,0.5739251299275716,0.4405563351130974,-0.11150011953612343,3.6565791803547363,-1.8967497984515589,-1.482797924672262
2.3340227603912354,-0.0974527253266173,0.4366309629490638,-0.06990596661678024,1.9836554221202265,2.0685861437119826,0.3061567508343272,-4.605661333589146,3.0626004494790844,8.048944721099542,0.5723137282126991,0.4339307131963165,-0.10662134181739802,3.6565324503132324,-1.8967374006854456,-1.4828460852252405
2.336090564727783,-0.0974423869925719,0.4366127002861049,-0.06991052614777879,1.983620930454358,2.068635622275702,0.3060547592314348,-4.44105832779764,2.899397143738841,8.250861321568431,0.5658807161976953,0.4354321090454139,-0.11494332592291093,3.65653578817334,-1.8966863791095179,-1.4829328695880335
2.3381762504577637,-0.0974466866895133,0.43662902398909537,-0.06989748758413028,1.983636511476529,2.068719668835942,0.3060679601817779,-4.35180280592558,2.9503874378371826,7.965584801846398,0.5656716977318608,0.42742017606843125,-0.11354998943041097,3.6564885812946777,-1.8966463247882288,-1.4829962889300745
2.3402156829833984,-0.09741205951099838,0.4366162214637077,-0.06990114054126008,1.9836390983208518,2.0686745790506045,0.3060224843130992,-4.221755006366348,3.299324980634509,8.033340406495174,0.5615610383194313,0.42156732954433607,-0.12005984390066113,3.656491442317627,-1.8966501394854944,-1.4830406347857874
2.3422558307647705,-0.09740601564301415,0.4365970886991422,-0.06991185282771963,1.9836617949855575,2.068664543785219,0.30593898935275493,-4.160058283351564,2.670485727063021,8.260121132206567,0.5543729269960033,0.4179695337268942,-0.1109443209547516,3.6564876276203613,-1.8966072241412562,-1.483053986226217
2.3442957401275635,-0.09739269910164296,0.4366138105511339,-0.06989754308946418,1.9837132240747655,2.0686906022551828,0.30593378423827594,-4.378101113969428,2.914186574995643,8.275852088395592,0.5525701236648127,0.4262700605410078,-0.11148185505585381,3.6564671236225585,-1.8965709845172327,-1.483105484639303
2.34635591506958,-0.097371298144075,0.4366246853010723,-0.06989339541751081,1.983743922441232,2.0687010210215258,0.30593170575155687,-4.334453571273445,2.814302610056026,8.19747094731918,0.5525898670822603,0.4305613983779753,-0.11518642451706729,3.6564275461384277,-1.8965542952166956,-1.4831622282611292
2.348395586013794,-0.09735264167498722,0.436622163466265,-0.06988851170789898,1.9837387075963384,2.0687035092864425,0.3058965319128078,-4.567327554024793,3.1187913016863433,8.206230511374354,0.5326499596873981,0.42164382729557726,-0.11417023783461089,3.6564394670673828,-1.8965423742877405,-1.4832137266742151
2.3504557609558105,-0.09734800209110994,0.4366216490971297,-0.06988210950197363,1.9838369192873473,2.0687287611929994,0.30581320710413396,-4.316525972438498,2.873394525914841,8.378025847629257,0.5413629208563793,0.4271898375307361,-0.11951449657744112,3.6564156252094726,-1.8964479605304163,-1.4832494894610804
2.3525032997131348,-0.09731451044789405,0.43664217060884597,-0.06987203964589409,1.9838072168044751,2.068726433346898,0.3058943109953566,-4.308431636648259,2.5985487880161164,8.447119885877543,0.5411960660491628,0.42350276757363037,-0.1225364618116323,3.656379385585449,-1.8965047041522425,-1.483316723500387
2.354562520980835,-0.09729562869737778,0.4366349028714263,-0.06987312917134568,1.983830834952164,2.068807681184123,0.30577671275235224,-4.23242081463035,2.9341637102557963,8.332125900752477,0.5258520879572077,0.42121807925086424,-0.12471872427949196,3.6563283640095214,-1.8964064756976526,-1.4834488073932093
2.356616497039795,-0.09729562869737778,0.4366349028714263,-0.06987312917134568,1.983830834952164,2.068807681184123,0.30577671275235224,-4.23242081463035,2.9341637102557963,8.332125900752477,0.5258520879572077,0.42121807925086424,-0.12471872427949196,3.6563283640095214,-1.8964064756976526,-1.4834488073932093
2.3586559295654297,-0.09727734522059858,0.43661339275184513,-0.06987874935440778,1.9838606205071951,2.06876904443737,0.3057017696085879,-4.234122403124878,2.6597928564970723,8.446365954009888,0.5251216077447076,0.4173853389923459,-0.12291507191571244,3.6563355165668945,-1.8963788191424769,-1.4834616819964808
2.3607187271118164,-0.09724533373680708,0.43664326326489683,-0.06985623083077316,1.983915024596978,2.0688113874197205,0.30569191215154096,-4.257051387105283,2.6252737280222482,8.40938097319725,0.5179318023663991,0.4118095240338626,-0.12936925872386285,3.656311197871826,-1.896334473286764,-1.4835737387286585
2.3627729415893555,-0.09722738419355469,0.4366287740532364,-0.06986447935649,1.9839508627343378,2.068778779024404,0.3056448398217049,-4.048821201674811,2.6717914239985907,8.470793269989871,0.5052014869113817,0.4150479372386513,-0.13147365943660339,3.6562868791767578,-1.8963139692889612,-1.48358661333193
2.3648128509521484,-0.09721139831312851,0.4366301594114681,-0.06985701170402053,1.983929798577815,2.0688324713416297,0.3056264607379011,-4.141342870937663,2.0699620262453147,8.49726368444198,0.5079271588751012,0.41393170422289305,-0.13251291008346872,3.656259222621582,-1.8962934652911585,-1.4836767355548304
2.366866111755371,-0.09721762009622809,0.4366163968547262,-0.0698623615871957,1.9839368891264026,2.0688826079045204,0.30554912518877936,-4.174508089819491,2.4052412838883934,8.413510847866128,0.5004951185575605,0.40994557679370963,-0.13641422491107008,3.6562391954609375,-1.896231476460592,-1.4837172667132776
2.368905782699585,-0.09718894491750057,0.4366409558888353,-0.06984439522678774,1.9839573760927196,2.068886224891371,0.3055456659509892,-4.094251605646999,2.674013032570298,8.419066513008827,0.48516645271424863,0.40944337118920604,-0.14187807845533867,3.656262083644531,-1.8962228933917444,-1.4837897459613245
2.3709447383880615,-0.09716684942847759,0.4366287425962531,-0.06985095773079307,1.9839738537631078,2.0688870492798492,0.3055369655881394,-4.173940838183762,2.3378193094323496,8.576742840669603,0.4820001644764154,0.4046475338500537,-0.13759599006262185,3.6561872202106933,-1.8962143103228968,-1.4838369528399866
2.3729846477508545,-0.09714279682406429,0.4366297776306204,-0.06984513620476271,1.9839827931503136,2.068887533554787,0.3055282955797267,-4.257872157535026,2.463840580937408,8.601363500382538,0.4816224501636069,0.3985352231222771,-0.13471148167892522,3.656168146724365,-1.8962095419513147,-1.4838927427874964
2.37502384185791,-0.09713626009034934,0.436632527135452,-0.06984655253183504,1.984030375173842,2.0689074621131813,0.3054549390487139,-4.246910987341434,2.271799542509004,8.544008300321927,0.48257761460100984,0.3933952453121478,-0.1351282135852257,3.6561595636555175,-1.8961461226092737,-1.4839337507831019
2.377066135406494,-0.09712442950627867,0.43663231731286933,-0.0698362978876653,1.984050996209921,2.06892477604979,0.3054362971155282,-4.185175839833011,2.0813786972376973,8.814387827484401,0.48082065469490537,0.3978907559101288,-0.13522086528613994,3.656151457423828,-1.8961218039142054,-1.4839766661273401
2.379117250442505,-0.09709592483935675,0.43663428008777794,-0.06983036477128125,1.9841080840806171,2.0688873936163077,0.3054557486903174,-4.207636631028038,2.3329387349490096,8.798908017520583,0.476668127405956,0.39626005881854975,-0.14435821464954995,3.6561080652424316,-1.8961251417743128,-1.483997646962301
2.381185293197632,-0.09709374950167894,0.43665243690571626,-0.06981350319147878,1.9840753709504317,2.069003243480039,0.3054586081682452,-4.133882081515158,2.180160916234524,8.78380787126574,0.480077349472442,0.39441518002811066,-0.13930787451847612,3.656075640315674,-1.8960893789874476,-1.484112564717428
2.3832497596740723,-0.09707768351467655,0.43663717906972044,-0.06982352087418989,1.9840877264770245,2.0689787157787953,0.30538021445488944,-3.96531486470479,2.3281829923032626,8.707834653802133,0.4759602326155503,0.38808275053324004,-0.13639046612232164,3.656082792873047,-1.8960617224322718,-1.4841373602496546
2.3852975368499756,-0.09706460311513396,0.43665925678289474,-0.06981656157655701,1.9840982091082058,2.0690158242067445,0.30537103447375,-4.094251786697953,2.2507505322209616,8.744639660124612,0.4702880661340393,0.3768129628828495,-0.1408347140565118,3.65607134878125,-1.8960378805743616,-1.4842055479632776
2.3873445987701416,-0.09705197847323993,0.43665326280146227,-0.06981442497883354,1.984113914631064,2.0690407644653277,0.30532811326499376,-4.014245617315089,2.3479434464547673,8.666170587507365,0.4640743395970595,0.3876102493774516,-0.14265961975347433,3.6560465532490234,-1.8960016409503382,-1.4842608610736292
2.3893914222717285,-0.09704001782233772,0.4366507055886087,-0.06981118482872302,1.9840921070950954,2.069080488272514,0.30531521937970874,-4.113462719162353,2.154950160655273,8.625692436834276,0.46910502656502423,0.3924050050387349,-0.14046546729364706,3.6560188966938476,-1.895989720021383,-1.4843276182757776
2.3914380073547363,-0.0970104040336004,0.43663251603244485,-0.06982902243039153,1.9841896036253155,2.068997797286512,0.30520784111867316,-4.376165336370886,2.3671595613518677,8.433165772285715,0.46147301812115366,0.38723132157061124,-0.14262701497325667,3.6559998232075195,-1.895937744771139,-1.4843257109271448
2.393483877182007,-0.09701014613789427,0.4366528741106571,-0.0698068960127509,1.9841706903833334,2.0690661581676983,0.30521308440745903,-4.162496863778348,2.232127267532062,8.565188658751444,0.45872345017266586,0.39460888734528676,-0.143790676308797,3.656026526088379,-1.8959177176104944,-1.4843929449664515
2.39552903175354,-0.09698824028399897,0.43664413285161524,-0.06979268641478116,1.9841806356710685,2.069066217031127,0.30524734779564877,-4.171645803535792,2.43937760329955,8.58566638789271,0.454309261743262,0.39909082471995405,-0.14449739427426272,3.655986948604248,-1.8959315458880823,-1.4844325224505823
2.3975865840911865,-0.09697170783073256,0.4366507358135418,-0.06979249623689955,1.984192814407573,2.069122965186517,0.305227822498183,-4.219596962493794,2.3168799889534903,8.463466166056042,0.4548471683667883,0.3978466586966308,-0.14733966388329045,3.655916853541992,-1.8958938757525843,-1.4845235983477991
2.399651527404785,-0.09697993824409701,0.43664519326005546,-0.06979134409423636,1.9841970112651897,2.0691535626524695,0.30513304529872753,-4.132050154641431,2.176386725015959,8.431794332998566,0.4556502238910849,0.3987143327209091,-0.1445986923554462,3.6559664446064453,-1.8958337942706507,-1.4845483938800257
2.401697874069214,-0.0969605005006505,0.43665415088982684,-0.06978532862055019,1.984239845761893,2.069165382037806,0.3050868359249068,-4.141642713640669,2.158110921708364,8.370019717024917,0.4549365544882194,0.39321031982776655,-0.15002451610999595,3.6559578615375976,-1.8957904020892542,-1.4846084753619593
2.403742790222168,-0.09693248583718063,0.4366319389223767,-0.06979301722086528,1.9842438085613285,2.0691394047426424,0.3050787117298984,-4.313275509516192,2.139881461960826,8.30097147818993,0.4539523000052931,0.39262111611313244,-0.14540119504193222,3.655895395869873,-1.8958008925067347,-1.4846447149859827
2.405787944793701,-0.09691957808624288,0.43666913315502803,-0.06977358332001601,1.9843411613310833,2.0691387336203473,0.3051216801123475,-4.3981685095782925,1.9779428175358196,8.224676938279494,0.4590421564688431,0.39690141794404377,-0.14654907572115744,3.655871554011963,-1.8957770506488245,-1.4846614042865198
2.407834053039551,-0.09690954271427865,0.43665965358964487,-0.06977771755700345,1.9843259629440175,2.069171182903782,0.30505508412566223,-4.121879907225027,1.8854335085590725,8.457127001917069,0.4538360918729674,0.39872518577156324,-0.1495513735772695,3.655862970943115,-1.895740811024801,-1.484725300465719
2.409878969192505,-0.0969015664822343,0.4366693382835119,-0.06976353867641509,1.984303573583737,2.0692582496513077,0.3050221900956942,-4.215438219455909,1.7414537420103153,8.617709383931217,0.4521532639910255,0.3931821177499734,-0.1493726475355811,3.6558548647114257,-1.8956978956805628,-1.4848316351519983
2.4119231700897217,-0.09688868832671162,0.43663652693077,-0.06978965368120663,1.9842934394442315,2.069228423276447,0.30493166722570586,-4.205924561165629,2.0845818217856618,8.285543604729558,0.4486679167259868,0.3975150560782279,-0.15009872328768492,3.6558305460163574,-1.89567739168276,-1.4848454634295862
2.413966655731201,-0.09687386037763163,0.4366555256285247,-0.06977520980781557,1.9843687632632958,2.0692512977503483,0.3048991488553387,-4.1491553624260185,2.1989891194119515,8.450031849749502,0.44159326427055207,0.39822651841427265,-0.1517262193927328,3.6558186250874023,-1.8956192175494593,-1.4849002997027796
2.4160068035125732,-0.09686480246182841,0.43665139495938415,-0.06977151681721716,1.984327853353969,2.0692790594804,0.30490512217984683,-4.078931906570238,1.8666450475355323,8.656713801655657,0.43706742751973066,0.39649949310667204,-0.15246161396557104,3.655806704158447,-1.8956297079669397,-1.484948460255758
2.418046712875366,-0.09685244001755436,0.43664306811435416,-0.0697734371602129,1.9843792258742674,2.069295151076645,0.3048069133464406,-4.1749784378845805,2.025320223315865,8.439712844860678,0.43587756388237053,0.39540037384589755,-0.1535833157021999,3.655794783229492,-1.8955557982074183,-1.4850009123431605
2.420123338699341,-0.09682157232555853,0.43665432365048396,-0.06976688626822611,1.9844243266838277,2.069292963518664,0.3048146872347481,-4.21031752466596,1.7829631188281982,8.613194673919171,0.43648745085388907,0.3952321076297765,-0.15241414515849216,3.655742807979248,-1.8955438772784632,-1.4850643316852015
2.422168731689453,-0.09681826270154945,0.43665342600852747,-0.06975789228245496,1.9843655327096714,2.069335749898285,0.3048183300331237,-3.953746358388421,2.037316651555122,8.668486006230983,0.4260839302564101,0.39808782319013786,-0.15670973900056337,3.6557585436054687,-1.8955538908587855,-1.4851163069354456
2.424208879470825,-0.09679001799712784,0.43665850619717517,-0.06975307784606866,1.984420935070271,2.069308213408957,0.30482805555505726,-4.133929431662622,1.7786185543931685,8.713550698567603,0.43048526241000007,0.39327676769218384,-0.1607105078668656,3.655715151424072,-1.8955491224872034,-1.4851482550250452
2.426248788833618,-0.09678958019488698,0.4366787088867679,-0.06974557417116235,1.984486339867713,2.069367249953033,0.3047912603382002,-4.228288457060945,1.8117109572777519,8.745494710465536,0.42829670293750927,0.39835514347857715,-0.1572269314028733,3.655679388637207,-1.895475212727682,-1.4852045218097132
2.4282877445220947,-0.0967553776060622,0.4366578376955468,-0.069749863614504,1.9844093272235896,2.0693395618338415,0.30476340441521066,-4.385828771215529,1.996201054522411,8.51816983870733,0.423150560038168,0.3950770126269158,-0.1593550928057878,3.655698462123535,-1.8955162207232874,-1.4852684179889124
2.4303319454193115,-0.09675335622820538,0.4366390638645268,-0.06975391469459064,1.984400128014728,2.069373374956858,0.3046745430466115,-4.227567006906267,1.8047811749539824,8.673380865678194,0.42358353665857434,0.38761075931762085,-0.15794297095201326,3.6557022768208007,-1.8954651991473597,-1.485316578541891
2.4324026107788086,-0.09673225901958847,0.4366585196973229,-0.06973588771837505,1.9844192404578835,2.0693965036191795,0.30471088108032285,-4.091562003691992,1.8041152666428228,8.75592862666199,0.4191960958848957,0.38158362416663755,-0.15815345919831136,3.6556784349628906,-1.8954651991473597,-1.485379997883932
2.434443950653076,-0.09670896548117228,0.4366674749892194,-0.06973584981053638,1.9844782399714231,2.069395003439804,0.30468227741992293,-4.2680858859276345,2.0425854853666374,8.577060316476231,0.4188533778339594,0.38057974350265894,-0.1593020721927511,3.655634565944336,-1.8954289595233362,-1.4854314962970179
2.4365110397338867,-0.09669710442124457,0.4366612225000838,-0.0697294482638909,1.9844872548571648,2.0693859680618703,0.3046947566674866,-4.205531526053824,1.577065284048034,8.679863732857767,0.42995513938913205,0.391242709197308,-0.15949401156159118,3.6556193071552734,-1.8954361120807093,-1.4854453245746058
2.438560724258423,-0.09669526983682675,0.43666579805328315,-0.06972976025781367,1.9844792578340462,2.0694781602931664,0.30461385715734735,-4.41481226996507,1.5900842711148564,8.634675953546108,0.41268236960405713,0.39271185812380277,-0.1628221413745799,3.655594988460205,-1.8953617254840296,-1.4855483214007776
2.4406180381774902,-0.09664993456936746,0.43665345819624085,-0.06972522499555203,1.9844596987252745,2.06947497941591,0.30457261229826427,-4.285524342317853,1.8100842664149375,8.60394587406139,0.4172697352162781,0.3918273047440499,-0.1625019475107956,3.6555744844624023,-1.895360294972555,-1.4856560865985315
2.4426686763763428,-0.0966412090671772,0.4366588347860995,-0.06972540770119154,1.9845111067576777,2.0694820749825387,0.3045360202689462,-4.131801404767503,1.4152440283949312,8.750798172943044,0.41123693326438876,0.38797353861835715,-0.16137537844009936,3.655550642604492,-1.895317856465475,-1.4856837431537073
2.444705009460449,-0.09663410871291117,0.43667522580082974,-0.0697075978292417,1.984576046870564,2.0695075226109947,0.3045192968496405,-4.274738926755347,1.768718809851214,8.608513601003796,0.4077725595029693,0.3851674052379239,-0.16664965660311684,3.6555492120930175,-1.8952692190753382,-1.4857209364520472
2.446744680404663,-0.09661841668472773,0.43665269993845723,-0.06971506667456118,1.984511182312177,2.0695231633574194,0.30446281215585663,-4.248477256488847,1.8287257073593481,8.520526323522377,0.4104246570712585,0.38644595149341593,-0.1658147630465223,3.655553026790283,-1.8952692190753382,-1.4857843557940882
2.448784828186035,-0.09661457364390229,0.4366856023497325,-0.06969331947337197,1.9846004510225357,2.0695694256095187,0.3045130720663193,-4.288430951620201,1.6630402461870433,8.626462147222682,0.40402632197748106,0.3784100784560067,-0.16695197857464744,3.655494375819824,-1.8952296415912073,-1.4858201185809534
2.4508395195007324,-0.09658337893742978,0.43667150937819765,-0.06970376667940491,1.9845960471707516,2.0695408028976843,0.30446602359625025,-4.0100944721619385,1.6997288953498644,8.776967103403411,0.40765084768093707,0.3884289071889113,-0.1694718871745708,3.655470533961914,-1.8952282110797327,-1.4858720938311976
2.4529149532318115,-0.09657437208439903,0.43666497304328017,-0.06970322934841394,1.984576387124855,2.0695834485216134,0.3044181849939046,-4.130548911648542,1.7272566479171387,8.651997400228437,0.4098536414345574,0.38799697034004216,-0.169133689298321,3.6554581361958007,-1.8951976935016077,-1.4859402815448206
2.4549546241760254,-0.09656378503902202,0.4366936714936387,-0.06968746106355152,1.9846395282074962,2.069639187557403,0.3044211707368046,-4.121353744427591,1.9031008838148757,8.699355059567303,0.4076065507907696,0.3936900123579981,-0.16681595042706268,3.6554147440144042,-1.8951457182513636,-1.4860113302813929
2.4569950103759766,-0.09654305044326822,0.4366747438940873,-0.06968453106621463,1.9846238767051971,2.0696159913351733,0.3043984632711741,-4.100691947676296,1.7974099841083446,8.67960417424837,0.4148519688892578,0.39531614333290027,-0.17122239666786515,3.6554218965717773,-1.895156208668844,-1.486039940510885
2.4590346813201904,-0.09654498403253445,0.43667770572812886,-0.06968925301209344,1.9846748603145223,2.069639535340334,0.30434550174072283,-4.071187568515099,1.7696504632584205,8.689596506996853,0.40857107355656125,0.38808364681539964,-0.16865520426333797,3.6553942400166015,-1.895097557698385,-1.4860604445086878
2.4610745906829834,-0.09652774554285821,0.4366716020381671,-0.06969818951230448,1.9846479758538949,2.0696599819818036,0.30427951526683655,-4.102580840144264,1.8123536563120204,8.725667536858307,0.41135285452729564,0.3866470218086819,-0.16260707326600848,3.6553866106220703,-1.895073715840475,-1.4861324469195765
2.463116407394409,-0.09650193170593918,0.4366773568284016,-0.06968512954671809,1.984664691540945,2.0696604147810835,0.3042701719883458,-4.077847889442588,1.9175823432677765,8.592064259340026,0.41230065043583936,0.38941315811724064,-0.16484231485932405,3.6553866106220703,-1.8950651327716272,-1.48619252840151
2.4651777744293213,-0.09650152431191672,0.4366661400979403,-0.06968937073798974,1.9846499179517152,2.0697007852073472,0.30420779671221254,-4.072248240644388,2.0019295000857262,8.653701529274679,0.4056147405827135,0.3886036571510674,-0.16566192628346682,3.6553780275532226,-1.8950255552874964,-1.4862402121173304
2.467219352722168,-0.09647682281471165,0.43667413979882447,-0.06967767812298029,1.984686551336347,2.069714400540054,0.3042409374017686,-4.300413592903629,1.9129328985142875,8.586415019164235,0.4112391729581008,0.3913097693677621,-0.16757906092092978,3.65531508504834,-1.8950207869159144,-1.4862988630877894
2.4692814350128174,-0.09647090091131383,0.43667212712020576,-0.06966788661398172,1.9846895784536773,2.0697363603401944,0.30417716432136555,-4.184459763280772,1.7104709103206963,8.514862164934623,0.4215567804210082,0.39683648855917447,-0.1615605345647529,3.65535752355542,-1.8949812094317835,-1.4863432089435022
2.471344470977783,-0.09645222062372535,0.4366721394916889,-0.06966201822848925,1.9847423804537363,2.0697222836650186,0.30418528977550313,-4.368264798889983,1.850396954116391,8.356195550530003,0.41483493756720474,0.39339830751263144,-0.16370373071369454,3.6553141313740234,-1.8949692885028284,-1.4863646666156214
2.473395586013794,-0.09643740847595547,0.43667187176866434,-0.06966361100778905,1.9847664535371385,2.069735999711198,0.30411671332850465,-4.242908849909933,1.8480418428851777,8.459679200332445,0.4199735703544644,0.3994876285843429,-0.16504703913308705,3.6553093630024414,-1.8949230352984827,-1.4864204565631312
2.47544264793396,-0.09642242661215648,0.4366726745482791,-0.06966294507859269,1.9847419795692707,2.0697488144124803,0.30410248857342853,-4.23059119092744,2.010204851253746,8.249566168030704,0.41692781425822845,0.3977883086330036,-0.16646317489883594,3.655306025142334,-1.8949244658099573,-1.486471954976217
2.477489471435547,-0.09640290701875134,0.4366885179804558,-0.06965336161877655,1.984822472174875,2.0697398317569906,0.30411027538186275,-4.193104783445111,1.909595664230614,8.375418570335599,0.41694187583749115,0.39702115956553224,-0.1657560952689352,3.655266447658203,-1.8948972860919397,-1.486500088368551
2.4795379638671875,-0.09639012590070686,0.4366804472973504,-0.06964709201291294,1.9847623331668687,2.0697955138545012,0.3041075640394267,-4.216469152523965,2.110196885992583,8.374864215932831,0.40938096307661104,0.3997161297552995,-0.1640009081485082,3.655243082637451,-1.8949006239520472,-1.486584488545553
2.48158860206604,-0.09637452620575176,0.4366687686083449,-0.06965155524890088,1.9848062289707724,2.0697729709112584,0.3040186447755853,-4.16592682280531,1.8144472591542151,8.23430759652968,0.42243605593371614,0.3953943934957708,-0.1618663632960557,3.65525404989209,-1.8948524633990687,-1.4866088072406214
2.483635425567627,-0.09637773397321059,0.4366897930975102,-0.06963813776315741,1.984848303552328,2.069846068353192,0.3039998545721402,-4.217305057853557,1.9402060512700636,8.21210992293614,0.4201667724037429,0.3982439915920735,-0.16482699976354523,3.6552302080341796,-1.8947904745685022,-1.486668888722555
2.4856820106506348,-0.09636192665753629,0.4366650568491232,-0.0696471063155804,1.9848099070730418,2.0698769372427934,0.30391420513920997,-4.546969183554179,2.008857496121259,7.94061768552694,0.4177763653352593,0.3962028587284131,-0.166356384078583,3.6552139955708007,-1.8947580496417444,-1.4867475668536585
2.487726926803589,-0.09633577418466843,0.4366615022048796,-0.06964152550463547,1.9848112776591718,2.0698044984740944,0.30394414029494227,-4.31358547092171,1.8984860569426263,7.963701597208137,0.42321219734538673,0.398059408499683,-0.16419591177258577,3.6552373605915527,-1.8948076407061976,-1.4867365995990198
2.489771842956543,-0.09632603764416028,0.43669016185033327,-0.0696236863227244,1.9848468126236272,2.0698936309020923,0.30398108370324933,-4.071743257002183,1.8560689799234908,8.078224626116413,0.42478040856321353,0.39896886759277184,-0.16563702880545617,3.6551591592976074,-1.894768540059225,-1.4868319670306605
2.491816997528076,-0.09632235282048932,0.4366794195194916,-0.0696215073186161,1.984814973113063,2.069941153204638,0.30392326411048654,-4.118421294855544,2.121049597282514,8.068610945092855,0.4178795559315911,0.3991874322509013,-0.16325609110182043,3.6551663118549804,-1.894736115132467,-1.4868949095355433
2.4938621520996094,-0.09629149407877807,0.4366829743383225,-0.0696105900413678,1.9849307714273108,2.069868518314618,0.3038917239489098,-4.223781089172389,2.0373451263241344,8.061011804237948,0.42410087210394193,0.4015824810096817,-0.16069017337589048,3.655170126552246,-1.8947051207171839,-1.4868930021869105
2.4959070682525635,-0.09627171742378832,0.436664640853415,-0.0696248465364904,1.9848768123988811,2.069901499907695,0.30381678555418157,-4.083800519942095,2.017322418331119,8.05693570426468,0.4249492060532728,0.40979026887683206,-0.15968608914712218,3.655141993159912,-1.8946846167193812,-1.4869840780841272
2.4979519844055176,-0.09626346790387152,0.43665783051428375,-0.06962940490874388,1.9848801194341965,2.0699122651011326,0.30376702851326026,-4.070859696758778,2.0174465815348976,8.00556350182098,0.4280987317414473,0.41125965218277155,-0.16385948163479971,3.6551338869282226,-1.8946569601642054,-1.4870198408709925
2.4999990463256836,-0.09625345725126594,0.4366731244743077,-0.06960570670721367,1.9849121644537704,2.069953775437667,0.30380145760220234,-4.171779926473874,1.7243561000825758,7.957268139265742,0.4352010975078336,0.40490154176216214,-0.16368497211211658,3.6551100450703125,-1.89463979402651,-1.4870718161212366
2.502054452896118,-0.09623909104414938,0.4366931607613377,-0.06958873079791512,1.9850135270505187,2.0699652160677937,0.3038101759397218,-4.1373784339590385,1.893082391242941,7.920986347434279,0.43158286225139747,0.4063694315838123,-0.1620276642300293,3.655066652888916,-1.8945930639850062,-1.4871042410479944
2.5041630268096924,-0.09622198129442427,0.4366771869780017,-0.0695926392800383,1.9849601343925587,2.069986423881329,0.303717950152117,-4.249022846005506,2.174464827686676,7.788805048215765,0.43028803322535136,0.40619910877638443,-0.16133571611888553,3.655101462001465,-1.894569222127096,-1.487182919179098
2.5062339305877686,-0.09622251885830513,0.43668322685819994,-0.0695861850991204,1.9849699879735114,2.0700361516589716,0.30372577961997727,-4.37259504343672,1.9205102986246927,7.814801392590969,0.4330511111409734,0.40362800311140234,-0.15864313960301601,3.655061884517334,-1.8945453802691858,-1.4872239271747034
2.5082738399505615,-0.09618540885976316,0.43668754373058355,-0.069583969016567,1.9850211432362275,2.0699873712988466,0.3037258414782887,-4.23198714335327,1.6179724182905253,7.704350547362546,0.4367439381728939,0.40803930908436703,-0.15412283452468253,3.6550304132648925,-1.8945491949664515,-1.4872596899615687
2.5103139877319336,-0.09616979642611674,0.4366927177646183,-0.06957872563114506,1.9850721179353663,2.069982724263108,0.3036729503300675,-4.2371392598480835,2.017399812475858,7.768402066192793,0.4312679711963179,0.4086991563702033,-0.16113357274837914,3.6550375658222656,-1.894505802785055,-1.487295929585592
2.512355089187622,-0.09615024529549974,0.43668685373036126,-0.06957292874743426,1.9850462460584917,2.0699969694368647,0.30366703858247224,-4.3373775547178575,1.804771795743065,7.936118469219559,0.42534135059873773,0.4032813178700295,-0.1599364073196138,3.6550261217304687,-1.8945115248309534,-1.4873560110675257
2.5144002437591553,-0.09613249746249034,0.43669456372659554,-0.06957260620133103,1.9850882474095932,2.070005105127366,0.3036272824761637,-4.294346862832652,1.9156718501365861,7.821171118726854,0.42026460146756384,0.40681434826068413,-0.1613778591843215,3.6550018030354003,-1.894472901021139,-1.4874075094806116
2.5164449214935303,-0.09613361931477785,0.43669495085886467,-0.06956736932919583,1.9850619519237915,2.0700701792646248,0.30363658022248263,-4.088851204988048,1.9574395720855196,7.72637736161418,0.42746094588371497,0.4099878503744704,-0.1661689472646838,3.6549622255512695,-1.8944595495807093,-1.4874637762652796
2.518512487411499,-0.09610617694930104,0.43666650687541503,-0.06958214665279822,1.9851160315447471,2.0700108888605597,0.30349492187897914,-4.04487298350846,1.7693625657896885,7.9766707350707815,0.4234842410656524,0.3992616445826543,-0.15820391479186874,3.65497796117749,-1.8944013754474085,-1.4874876181231897
2.520573139190674,-0.09609298434035471,0.4366911295985914,-0.06956251425197528,1.9851327693629732,2.070069435636888,0.30350613286053785,-4.190984166016261,1.4976487101950284,7.988874267224356,0.42120984723293226,0.39516666662723593,-0.16142588633586155,3.6549622255512695,-1.8943737188922327,-1.487570587788717
2.522618055343628,-0.09607460760650863,0.43668077502825237,-0.06956679750365852,1.9851658457370425,2.070042987307451,0.3034970846935652,-3.852907994459102,1.6301976104193137,7.883915249448267,0.42198582390710426,0.4051445227886688,-0.15910862337450907,3.654918833369873,-1.8943689505206507,-1.4875839392291468
2.524662971496582,-0.09605039966764156,0.43670578267928284,-0.0695455236821996,1.9852149471207907,2.0700854237209008,0.30347668868886635,-4.22901698751778,1.7625588226221365,7.707858792392531,0.4182029853804868,0.4052260052575756,-0.1669642803660708,3.654909773463867,-1.8943207899676722,-1.4876797834979456
2.5267069339752197,-0.09604684336687999,0.4366971186722773,-0.06954331015347774,1.985235112524557,2.0701065841487605,0.3034419628095445,-4.141234931249262,1.5877867426351886,7.752789696126428,0.41970989801002456,0.4153318149842321,-0.16062183498759802,3.6548897463032226,-1.8942864576922815,-1.4877083937274378
2.528748035430908,-0.0960267176878589,0.43669629525825365,-0.06953928037957342,1.9852329983401296,2.070130011161275,0.3034178633011116,-4.233183556257181,1.7462962002734441,7.640149697907509,0.408416267306553,0.40892081083096493,-0.15721752092064373,3.6548659044453125,-1.894268814717428,-1.48777944246401
2.530791759490967,-0.09599975869137287,0.4366971255199899,-0.06954020642589392,1.985233415027595,2.070117299532993,0.3033870461368604,-4.1146753249859,1.6865380537434735,7.685310337758826,0.41598188163631455,0.41218467268723347,-0.16312144441161763,3.6548616129108886,-1.8942645231830042,-1.487835709248678
2.5328328609466553,-0.09596970595421891,0.4367050995218376,-0.06953684792723866,1.9852756509632157,2.0700870890931853,0.3034136875636169,-4.024138539927841,1.5587693875649462,7.8267763154497585,0.4195033485118359,0.4090737130838047,-0.164135665332512,3.6548144060322265,-1.8942750136004847,-1.487868611012594
2.534876823425293,-0.095970063816255,0.4367060457106783,-0.06952016349393175,1.985284566526415,2.0701532767519097,0.30339442115260706,-4.177900670536715,1.4960046553052608,7.754712191512358,0.4171490653748141,0.4091473880968175,-0.1640968494870028,3.6548024851032714,-1.8942316214190882,-1.4879286924945276
2.5369179248809814,-0.09595429227212471,0.4366878553841906,-0.0695260363318465,1.9852447902095178,2.0701710194904126,0.3033394951648947,-4.281502663588636,1.892795873522144,7.656775269095716,0.4174279885796778,0.4109845194488979,-0.16495529636035436,3.654793902034424,-1.894219700490133,-1.4879916349994105
2.538961887359619,-0.09593673775416062,0.4366816907788169,-0.06952738986736687,1.9852883842435403,2.0701464394581626,0.30327395531843143,-3.900811277770792,2.1228278967893384,7.640768667922005,0.4099708408739978,0.4119946656946595,-0.16729381441839303,3.654801531428955,-1.8941834608661097,-1.4880154768573206
2.5410032272338867,-0.09592818924987699,0.43668856389155236,-0.06952059147018909,1.9853279919246276,2.070183657917782,0.30325594178450815,-4.170906694495099,1.9018229656078476,7.663004189676709,0.41282743409569767,0.40721722158255264,-0.16227529716581945,3.654761953944824,-1.8941410223590296,-1.4880674521075647
2.5430638790130615,-0.09592125642401055,0.4366995337823114,-0.0695150226682251,1.9853417306522292,2.0702015613017615,0.30321638347682395,-4.14633673977287,1.8350748861268031,7.608493934883178,0.4231028384662999,0.41662334773331067,-0.16138218665313359,3.6547843652912597,-1.8941095511065882,-1.4881075064288538
2.545105218887329,-0.09591416016350812,0.43668812478123137,-0.06951623872663576,1.9853812221122173,2.070220530141472,0.303210843103391,-4.2806490287622445,1.7187931582071232,7.763064939723514,0.42062150833986556,0.4127369241299268,-0.15960568053733143,3.654709501857422,-1.894080940877096,-1.4881332556353968
2.5471510887145996,-0.09589050149758382,0.4367053372691537,-0.06950740462315741,1.9854409071520658,2.070228905534774,0.3031774562490985,-4.000242033423317,1.7227612390376645,7.850857668849702,0.4202574715351371,0.41632837212947293,-0.1647499037512635,3.6546942430683593,-1.8940375486956995,-1.488197151814596
2.549191951751709,-0.09588179917411836,0.4366893178870121,-0.0695171506618921,1.9853625446683194,2.0702671000853385,0.30313902197530634,-3.964957594935673,1.6940236641685307,7.591948365817784,0.42042112672576953,0.41380386330784075,-0.16002838280980558,3.6546823221394042,-1.894040886555807,-1.4882643858539026
2.5512359142303467,-0.09585913888131387,0.43670888286559173,-0.06949761014543834,1.9853994015207945,2.0703041926982158,0.3031634086532382,-4.313758930375121,1.5444128022622987,7.45957002857611,0.41788649027842795,0.4083774048911588,-0.1615274588935341,3.654642267818115,-1.8940208593951624,-1.4883435408221644
2.553277015686035,-0.09584351772163346,0.43666906820340573,-0.06951463400097596,1.9853626021566175,2.07029425914617,0.303048691695502,-4.280760255688568,1.7432978623364865,7.488844527817801,0.4210900970839221,0.416104552358279,-0.1666939237461233,3.6546494203754882,-1.8939932028399866,-1.4883878866778772
2.5553219318389893,-0.09581486700188352,0.4366775893573572,-0.0695070276799079,1.9853951553579243,2.07027283538228,0.3030474033570102,-4.089728535657971,1.8146762149906814,7.671879544915534,0.4162085452212456,0.4166393382268141,-0.16238455005763408,3.6546379762836914,-1.8939912954913538,-1.4884322325335901
2.557360887527466,-0.09582555580739047,0.4366748132252787,-0.06950295555619632,1.9853807448598304,2.07033651287546,0.3029980174193536,-4.162136603840738,1.8757773022144164,7.766847878114054,0.41188699841750376,0.416080541463603,-0.1665551019192853,3.6546456056782226,-1.893945042287008,-1.4884746710406702
2.5594615936279297,-0.09578758972865634,0.436685086554489,-0.06950191880285944,1.9854493535349031,2.0703031404791847,0.3029848872174659,-4.361069020268245,1.6779689391157855,7.600642161134979,0.4159688050861321,0.4190701505681575,-0.16253411616926605,3.6545983987995605,-1.8939278761493128,-1.4885275999652308
2.561506748199463,-0.09578896046461396,0.43670206555351393,-0.06949498209398972,1.9854602303748348,2.070385785223554,0.30297021814837005,-4.193313233770509,1.7095114637378028,7.8456201221561646,0.41243964960849305,0.42199666505118183,-0.1641732791517844,3.6545583444782714,-1.8938782850848597,-1.4886024633990687
2.563546895980835,-0.09576171322465077,0.4367031342495079,-0.06948170689269975,1.9854687695802145,2.0703672763183163,0.30299003875598074,-4.22031061258001,1.4464408280209176,7.887084984382289,0.4117203648000826,0.414538484209179,-0.16656430997488053,3.6545535761066894,-1.893895451222555,-1.4886434713946741
2.565586805343628,-0.09574832874492732,0.43667599487901604,-0.06950148438032505,1.9854699373833617,2.070345584164887,0.30286944852452014,-4.207162283422458,1.734372594469008,7.8207266395872805,0.41157035085390925,0.41842219361384103,-0.16523882642505383,3.6545612055012207,-1.8938525358783167,-1.488671604787008
2.5676259994506836,-0.09575232133364348,0.43668856597627637,-0.06949326398749507,1.9854937505560788,2.0704433369665907,0.30287280566877645,-4.324568111640577,1.7084711105386752,8.031586717885183,0.4053588720934277,0.41543915017021066,-0.16417361020780896,3.654482527370117,-1.8937976996051233,-1.4887474218951624
2.5696656703948975,-0.09573029679325053,0.4366874236457459,-0.06947815196352095,1.9854612112040158,2.070449084501986,0.3028879403397272,-4.25451570666034,1.6491516953379513,8.06670911392742,0.39725255665412595,0.41396880134343794,-0.16669368781778954,3.6544973093220214,-1.8938201109515589,-1.4888036886798304
2.571704626083374,-0.09570184211360158,0.43668584036306785,-0.06948652302408108,1.9854582512563117,2.0704367464310773,0.30283630120054217,-4.200580777829781,1.8265026960735182,8.06236087928042,0.39677980459165263,0.4148801550761685,-0.1733897496660863,3.6544853883930664,-1.8938081900226038,-1.4888675848590296
2.573744773864746,-0.09569534408024713,0.4366986921750463,-0.06946544244144094,1.985500322536999,2.0705046265357594,0.3028404288239533,-4.374277845935426,1.6750991198339829,8.049123651068063,0.39747972191985126,0.4099745267196093,-0.16999769737964132,3.6544453340717773,-1.8937600294696253,-1.4889386335956019
2.575784683227539,-0.09566531977210414,0.436704517862642,-0.0694629924097806,1.9855968295829405,2.070429549124558,0.3028285708765903,-4.355633309503634,1.5899473271074682,8.126890315554885,0.38743649113883716,0.4063542235647754,-0.16992942950128231,3.654430552119873,-1.8937481085406702,-1.488931957875387
2.577826738357544,-0.09566184468383568,0.4366908760230952,-0.06947127828235507,1.9855967104769834,2.070462999718946,0.30273838686091425,-4.270834994285686,1.5841438225659341,8.152577373868626,0.3905983181992086,0.40848270613569715,-0.17299164327943753,3.654421492213867,-1.8936927954303187,-1.488983456288473
2.579897165298462,-0.09564037588184274,0.43669846552435204,-0.06946070842863106,1.9856378322638766,2.070480797513543,0.30273953267953535,-4.318978019635745,1.5135895340002397,8.200434316117647,0.38284383103096264,0.40330123745443097,-0.17257140967155607,3.6543781000324707,-1.8936689535724085,-1.4890440146075647
2.5819451808929443,-0.0956496578996261,0.4366917850685806,-0.06946638711858676,1.985558145741298,2.0705711565987346,0.3026970543323613,-4.32260968517318,1.3642188502027783,8.149339808950618,0.3787723724661856,0.40825024112953684,-0.17864256244964632,3.6543661791035156,-1.8936446348773401,-1.4891193548785608
2.5839946269989014,-0.09559523420331545,0.4366802999050157,-0.0694676336633726,1.9855970115513135,2.0704856137604515,0.30261532889365544,-4.396723475971384,1.4104771107038339,8.112258290876955,0.3745932808182219,0.4112383414887687,-0.17407816218939481,3.654392881984375,-1.8936365286456507,-1.489176098500387
2.5860414505004883,-0.09560424136649097,0.43668385737462634,-0.06946227141103908,1.9855830035851274,2.070552821889415,0.3026453673722337,-4.293584915699797,1.0330013406065839,8.245750749296741,0.3717964225952116,0.40817517940167275,-0.17294105142593025,3.654341383571289,-1.8936246077166956,-1.489211384450094
2.5881197452545166,-0.09557653386164511,0.43671475720694325,-0.06944339239506844,1.9856690365132765,2.070565220384497,0.302676202155024,-4.260302428557293,1.3953278930484754,8.35878139553532,0.3604549210426852,0.40687405764719836,-0.18517054008249673,3.6542903619953613,-1.8935964743243616,-1.4892752806292933
2.5901663303375244,-0.0955698929479655,0.43669041354909727,-0.06944883937260822,1.9856599034681381,2.0705646151087858,0.3025584277008977,-4.316547179053936,1.4069416113664386,8.302093952380238,0.3577732002839802,0.4085630780372676,-0.18195410335204013,3.654336138362549,-1.8935487906085413,-1.4893081823932093
2.592214345932007,-0.09554837075892185,0.43669416735065036,-0.06945398959362964,1.9856659662049239,2.0705769944964816,0.3025423876169924,-4.308265576929408,1.3185391198729617,8.366765873977856,0.3510418292865688,0.41266946641257407,-0.18119537700636235,3.6542889314838867,-1.893536392842428,-1.489371124898092
2.5942611694335938,-0.09551431890624992,0.4366815360191915,-0.06944562032428815,1.9856657246291987,2.0705608013783876,0.3025236123603397,-4.192434611327975,0.9684699099865675,8.43741443491086,0.35136886439033443,0.40762256366866895,-0.18559890345921481,3.65427748739209,-1.8935402075396937,-1.4894350210772913
2.5963070392608643,-0.09551517290237431,0.4366949346779584,-0.06943547234337537,1.9857240824928912,2.070579117505003,0.3025240490492895,-4.327834470946906,0.8190951076464088,8.39423143665746,0.34837451743212366,0.4041777721713567,-0.17960693679487014,3.654261274928711,-1.8935044447528284,-1.4894445578204554
2.5983519554138184,-0.09549583384700971,0.4367102909921921,-0.06942598376034902,1.9856956124807994,2.070655425555701,0.30254640771610714,-4.331354185902151,1.074080624773792,8.32301421817505,0.3406180825381432,0.3986513340700164,-0.18935790034499528,3.6542016702839355,-1.8934958616839808,-1.489558521901266
2.6003968715667725,-0.09548639183073455,0.4367093444084808,-0.06942151228252867,1.9856471315530932,2.070669161054969,0.3025229124318943,-4.286315110237705,0.8116617308708817,8.344563339221498,0.34083550776538796,0.3948969216156195,-0.18824114808525813,3.65424029409375,-1.8935030142413538,-1.4896028677569788
2.6024367809295654,-0.09545777979003567,0.436697468629452,-0.06942538520839914,1.9857310650052153,2.0706373773998505,0.3024386420413269,-4.190352036287169,0.8066177599629034,8.522770543341595,0.3371963171553219,0.38913606629584163,-0.18756462624378,3.6542088228413085,-1.8934443632708948,-1.4896424452411097
2.6045024394989014,-0.0954403031469006,0.4366828563147554,-0.06943367168296362,1.985675995823768,2.0706479205956714,0.3024009643983645,-4.057233809473132,1.20855137239055,8.569341956306152,0.3233532079382855,0.3901883812635268,-0.19420909305596556,3.654200716609619,-1.8934510389911097,-1.4897025267230433
2.606562376022339,-0.0954254141716464,0.4367050778225797,-0.06941505610567228,1.9858299650451112,2.070691208483924,0.3023763419689451,-4.101740627288156,0.8979782919123145,8.614989790993501,0.3264117826665323,0.39156015424314927,-0.1899928066791,3.6541177469440917,-1.8933499495135706,-1.4897640387164515
2.6086208820343018,-0.09539275703792126,0.4366944908134205,-0.06941628182912442,1.9858122157423452,2.0706558820442234,0.30235278828609313,-4.22723729039012,0.6216786712980717,8.594870523190075,0.3261350880183666,0.3902060354635886,-0.19142861651220539,3.654121084804199,-1.8933685461627405,-1.4898117224322718
2.6106607913970947,-0.09538652718800214,0.4366945078623539,-0.06942325711835551,1.9857847004247486,2.0707167292958157,0.30231147872815306,-4.26121395806098,0.8766046061150988,8.321799819990488,0.31879322720626235,0.3866798589738706,-0.19056152987750444,3.6540815073200683,-1.8933361212359827,-1.4898908774005335
2.6127448081970215,-0.09536906376383696,0.43669838964481683,-0.06941245334772571,1.9857894033463448,2.070737957570312,0.30228711743473663,-3.8504109635420436,0.9603005724265976,8.643820297331326,0.32034206730681336,0.3950078027991456,-0.1979709190889674,3.6540848451801757,-1.89331561723818,-1.4899542967425745
2.614788055419922,-0.09536531899072742,0.4367067712780944,-0.0694113324280076,1.9858691815601381,2.0707395874859578,0.3022256290778138,-4.161353597519434,0.7624665474649689,8.585674031282153,0.3163780685960492,0.3925874849425852,-0.19457567889186372,3.65408103048291,-1.8932502905475062,-1.4899676481830042
2.616847515106201,-0.09534593065333849,0.43671379176359504,-0.06939120354892728,1.9858406303888587,2.0707526461123327,0.30231141249662424,-4.257702961580844,0.9332387065718035,8.419557850726196,0.3200660671332912,0.39711685352310605,-0.1983706811277131,3.6540567117878417,-1.8932989279376429,-1.490011994038717
2.6189091205596924,-0.09534887589875407,0.43670099125971307,-0.0694016754758611,1.9858637844674694,2.0707896599128164,0.30220871772338703,-4.033810853230815,0.7228232791526802,8.319559916570366,0.3144024151283811,0.40028790974250866,-0.19597628790494065,3.654040976161621,-1.8932245413409632,-1.490051571522848
2.6209704875946045,-0.09530556451075811,0.4367259359501685,-0.06938907127783597,1.9859134271842602,2.0707877910057686,0.30221806665869744,-4.1398776921302485,0.8803821917437681,8.279522145050153,0.30995357907418775,0.3923031926342875,-0.19344032932617455,3.654000921840332,-1.893212620412008,-1.4901459852801722
2.623015880584717,-0.09529662265568059,0.43670811398996756,-0.06939124667723857,1.9859207951308038,2.0707894354053655,0.3021707083748755,-4.169704613938454,0.8103341104634834,8.142031304898655,0.31444629196226953,0.3877313244107854,-0.19828891374330365,3.653989000911377,-1.8931883017169397,-1.4901717344867151
2.6250569820404053,-0.09528379730804837,0.4366882505665286,-0.06939657631405467,1.9858433066508028,2.0708275543278702,0.3021139632584654,-4.269273500249314,0.7389112282337411,8.14615578073896,0.3111213128540495,0.38956253037814176,-0.19289863940280633,3.6539928156086425,-1.8931835333453577,-1.4902508894549769
2.627100944519043,-0.0952615454955395,0.4367097558179372,-0.0693852586874781,1.985953271109536,2.070801902744014,0.302126592563943,-4.016891509639266,0.773525693194236,8.37134945479846,0.3091744177989888,0.4020363130727126,-0.20266264278529736,3.6539532381245117,-1.8931525389300745,-1.4902671019183558
2.6291418075561523,-0.09525428711815542,0.43671474794617376,-0.06937040684174986,1.9859098971695395,2.0708623998812974,0.3021303753267418,-4.2647764670646655,1.0903599648165394,8.02510977950333,0.30704701806127477,0.3983085964914544,-0.19821185793431617,3.6539570528217773,-1.8931477705584925,-1.49034291902651
2.63118577003479,-0.09523605601028341,0.4367154976847414,-0.06936521962723854,1.9859546502138614,2.070865065654265,0.30211996811716224,-4.316161315178986,0.5741667822506857,8.07089526566821,0.3135215431943062,0.3985969164139552,-0.19585909673779725,3.6539169985004882,-1.8931234518634241,-1.4903829733477991
2.633241653442383,-0.0952306573373779,0.4366913155766776,-0.06937147868510667,1.9859730641468765,2.0708830110938052,0.30203294006203735,-4.238943679340458,0.47643584597992583,8.157262513811835,0.31825065280077935,0.403769120898962,-0.19544476087532203,3.6538969713398437,-1.8930681387530726,-1.4904196898089808
2.6352953910827637,-0.0952111673762961,0.43670411387343394,-0.06937025380386486,1.9860013981881206,2.070897382706234,0.3019763946207608,-4.186699439831249,0.8128374074268455,7.930498722878944,0.32003890929748935,0.39816439303373846,-0.19104043007279012,3.6538969713398437,-1.8930257002459925,-1.4904869238482874
2.637360095977783,-0.09518007958026603,0.43670278044711197,-0.06936501459697766,1.9859966004902225,2.070875983813106,0.3019778942891617,-4.0191521391066765,0.8073026984968978,7.9726504162040595,0.3141796682999349,0.4007411574035587,-0.19715886941480124,3.653888388270996,-1.8930428663836878,-1.4905388990985315
2.639413595199585,-0.09516744703450399,0.43673904716938083,-0.06934231503347983,1.9860392902045931,2.0709107592675196,0.3020697861356605,-4.051974294481264,1.0299687821615704,7.861652301906733,0.3087264973014051,0.40455777190223907,-0.1987635994783511,3.6538378435322265,-1.8930500189410608,-1.4905832449542444
2.6414475440979004,-0.09516615966153802,0.4366975866178149,-0.06936401142081064,1.9860292880949997,2.070957226512286,0.30190680969868955,-4.284893057449348,0.8662496099815239,7.7611924483397585,0.31678247448767033,0.401361661451619,-0.19342441174070074,3.6538101869770507,-1.8929603735553187,-1.4906500021563929
2.6435141563415527,-0.09514721856239544,0.4367105281987776,-0.06934299656659094,1.986041307897576,2.070974377296993,0.30190487249675196,-4.34150172503406,0.5411982651528412,7.800673839348448,0.3111732266074084,0.3924700680491386,-0.19149688108909546,3.6538330751606445,-1.8929484526263636,-1.4907100836383265
2.64554762840271,-0.09514374132977663,0.4367105803315846,-0.06934861618243515,1.9860847416380563,2.0709672893339874,0.3018960223010476,-4.249498542048047,0.671810039673623,7.879242871044557,0.31102751787030924,0.3970187807679657,-0.19711927826208736,3.6537934976765136,-1.8929279486285608,-1.4907076994525355
2.6475980281829834,-0.09511422511675632,0.4367291603982857,-0.06932478718589333,1.986126111060591,2.070990828770374,0.30193509421271597,-4.124141525684764,0.717281626201051,7.743569748122905,0.31443070375393306,0.39953011807460276,-0.20054211528503818,3.6537534433552246,-1.8929193655597132,-1.4907868544207972
2.649639129638672,-0.0951045568354977,0.4366954772867011,-0.06934212276119103,1.98608215341774,2.070999281374024,0.30180770876429913,-4.152145868262058,0.5728461700436067,7.744369132445357,0.31118727783355377,0.39768454418723653,-0.19826728566507815,3.653772993678711,-1.8928802649127405,-1.4908388296710413
2.6516826152801514,-0.09507971899722423,0.43671539070598775,-0.06933765066864862,1.986142958743251,2.0710047321351737,0.30177952931982727,-4.296709018086937,0.6666298318222081,7.662184516908423,0.3054670983724974,0.3986043874918181,-0.19298174142730903,3.653745337123535,-1.8928402105914515,-1.4909022490130823
2.653723955154419,-0.09507241994892812,0.43671924528337663,-0.06932834018071664,1.9861668806786967,2.0710300624289215,0.3017836727997244,-4.157815723878085,0.6723081454853512,7.645795246755604,0.3089965941468972,0.4055539759678652,-0.19730056226096487,3.6537176805683593,-1.892820183430807,-1.4909380117999476
2.6557676792144775,-0.0950697913455341,0.4367146783964999,-0.0693309487707327,1.9861691993063408,2.0710509854750456,0.3017714636149288,-4.28271762715202,0.45031600876789707,7.589300891010139,0.3088903573396617,0.39784980623809874,-0.19742366806629896,3.653686209315918,-1.8928044478045862,-1.4909632841693323
2.6578078269958496,-0.09506227275803615,0.43672355534447704,-0.06932185505784935,1.986145693778922,2.0710940387284427,0.301708119497225,-4.02064358560382,0.3168141419141153,7.6999528238589505,0.3119834501348964,0.3973231278837077,-0.19501377331759334,3.6537362772175292,-1.8927682081805628,-1.4910357634173792
2.6598477363586426,-0.09503526582924299,0.43672894017030617,-0.0693091417850756,1.986210564811541,2.0710962282883703,0.30171670269841966,-3.906809860293034,0.9191561548733425,7.855516536167697,0.29695114425710295,0.40458848137976017,-0.20082540743627972,3.6536804872700195,-1.8927443663226526,-1.4910901228534144
2.6618878841400146,-0.09501436090785752,0.4367348930144706,-0.0693061149075956,1.9862359015449413,2.0710877447365443,0.3017435868522234,-4.169249837986704,0.5036834144292918,7.846759878367781,0.30735593238652315,0.4007853653915221,-0.1995675841724091,3.6536332803913574,-1.8927515188800257,-1.4911230246173304
2.6639277935028076,-0.09500451825201245,0.4367302723232466,-0.06930488391671197,1.986260875131211,2.07111290237051,0.3017042198931636,-4.310943422873749,0.513860057360944,7.669690956963108,0.3025496480866786,0.39672679412254874,-0.19473921080286588,3.653602285976074,-1.8927119413958948,-1.4911707083331507
2.6660096645355225,-0.0949954198200744,0.436731118098806,-0.06929718299210072,1.9862199624354224,2.071149730756387,0.30167729978764163,-4.195169910732589,0.6724860326516547,7.717778575210552,0.3029357375761904,0.39842237182855433,-0.20648404374479878,3.653625650996826,-1.8927033583270472,-1.49123460451235
2.668048858642578,-0.09496735755610003,0.43671976404875357,-0.06929828708434198,1.9862625861545913,2.071123920623351,0.30159870310915016,-4.07103636963698,0.8238047243899103,7.79332982130858,0.3029877833340069,0.4002524790300128,-0.20588887687005022,3.6536242204853515,-1.8926637808429163,-1.4912827650653284
2.6701085567474365,-0.09497067868654417,0.4367329308379988,-0.06929272828236699,1.9862371929223808,2.071226337189423,0.3016084952191421,-4.192657191523045,0.8649214966129395,7.720305059295438,0.2993115265023411,0.3968550148833937,-0.19929808723117903,3.6535650926777343,-1.892632786427633,-1.4913695494281214
2.6721689701080322,-0.09494045614263524,0.43671775043967,-0.06930315333752167,1.9862832896627916,2.071178177863997,0.3015256288230589,-4.057176134760375,0.6238740980272024,7.812081261679147,0.30401899575842195,0.4055080687207389,-0.20083040295254972,3.6535531717487792,-1.8926003615008753,-1.4914024511920374
2.674208879470825,-0.09492726571232434,0.4367276642387395,-0.06928489583154136,1.9863648847954927,2.0711502348094193,0.30156707819990247,-4.34678761435789,0.6261225885071762,7.661606536494025,0.3039904784926126,0.40305973774626425,-0.19706842373424788,3.6535326677509765,-1.892595116292135,-1.4913914839373987
2.676248788833618,-0.09491680034184527,0.43673149165048764,-0.06927859119238279,1.9863321518777262,2.0711979694994613,0.30154437705650244,-4.157257412811021,0.5537485907015876,7.545791935789419,0.30203889359969366,0.40533673752985433,-0.2018617137388414,3.6535326677509765,-1.8925798575030726,-1.4914668242083948
2.678288698196411,-0.09490279010730761,0.436708029156511,-0.06929541536864028,1.9862758471053792,2.071238659935099,0.3014500133999918,-3.9804791955486274,0.5738678744824932,7.659959033083104,0.30135700507267016,0.41041206840248784,-0.20481018863584904,3.6535088258930664,-1.8925474325763147,-1.4915545622455042
2.680328845977783,-0.09488678152187746,0.4367436075485441,-0.0692738182157293,1.9863524488988957,2.0712353835883643,0.30150596753468684,-4.070560689403378,0.4570225613428486,7.4532861332195495,0.30392716508835993,0.40765784546773504,-0.20136906684548606,3.6534930902668457,-1.8925402800189417,-1.4915755430804651
2.68237042427063,-0.09488207102726756,0.4367421466595753,-0.06927631160491843,1.9864009226880353,2.071292627737149,0.301438361690196,-4.110998747665167,0.23959986492655527,7.481611410872639,0.3047747611062688,0.40526830053651713,-0.20148228461079298,3.6534344392963867,-1.8924616018878382,-1.4916427771197718
2.684415817260742,-0.09486988515221374,0.43673655141200285,-0.06926476352872434,1.9863992177520104,2.071297372741955,0.3014253575547952,-4.0102948609569635,0.7180893185081025,7.306287710178702,0.2959879209385889,0.40795637094823206,-0.20802636071254055,3.6534487444111328,-1.8924558798419397,-1.491676155720846
2.6864817142486572,-0.09483390108146764,0.43673290237915324,-0.06926603800926198,1.9864221687387165,2.0712645346838325,0.3013936666596662,-4.175537056166478,0.4694336375527361,7.439419339853016,0.2912771070503037,0.4121589405998207,-0.20276592715961222,3.6534291940876464,-1.8924511114703577,-1.4917314688311976
2.688544511795044,-0.09481857299292323,0.43673247029335793,-0.06926287340978289,1.986421816743663,2.0713350617681607,0.3013193230910452,-4.293350462503555,0.5340627601471053,7.4485790136039824,0.29425568624077325,0.413352010373361,-0.2027287594357869,3.6534005838581542,-1.8923876921283167,-1.4918425718890589
2.690589666366577,-0.09479654601193058,0.43671788400070144,-0.06926483928285361,1.9864662674089955,2.0712939584666237,0.30125551607191786,-4.23213383300996,0.7142338635259964,7.4585258175294955,0.28815045329133865,0.4040183752725849,-0.20610884834673282,3.65340439855542,-1.892360035573141,-1.4918597380267542
2.692633867263794,-0.09478568184886789,0.43674520902805997,-0.06925081770972615,1.9864166226066342,2.0713823073241007,0.30129866899914626,-4.0927665915303715,0.455940279569429,7.4129057954254005,0.29986078855877735,0.40407177783886356,-0.20157079804249756,3.6533729273029785,-1.8923638502704065,-1.4919665495501917
2.6946730613708496,-0.0947802220471578,0.4367223674048603,-0.0692508959570527,1.9864212160166241,2.071405896654758,0.30123703408788566,-3.9995962220778583,0.6104830268334536,7.314613270265124,0.295262750680409,0.40282278588542464,-0.20265654854517662,3.6533562380024414,-1.8923237959491175,-1.4920056501971644
2.6967129707336426,-0.09475057762081913,0.43672774676931364,-0.06924365700281326,1.9864759225318944,2.0713387088154978,0.30128210494292307,-4.12990471093168,0.5888889772615816,7.336878465721729,0.290143654860175,0.40342343393711944,-0.19810330397924866,3.653332396144531,-1.892353359852926,-1.4919994513141077
2.6987528800964355,-0.09474352788900353,0.4367396848048843,-0.06923317491463482,1.986508957195542,2.071406956375342,0.30125478796474076,-4.131904338868109,0.5491950164563334,7.421011292331919,0.29604918040980777,0.41044160288307174,-0.206680125096399,3.653292341823242,-1.8922951857196253,-1.4920790831195276
2.7007927894592285,-0.09472834272931607,0.43671931838024775,-0.06924515940294651,1.9865106420662966,2.0714207675127034,0.3011425851096265,-4.125583459791542,0.7876465897575154,7.360096783228632,0.2940410303257541,0.41096923675597813,-0.205490848249698,3.6532837587543945,-1.8922398726092737,-1.4921425024615687
2.7028467655181885,-0.09471425032200587,0.43673185854151003,-0.06924613068850168,1.9865062324728036,2.0714363733742154,0.3011310636217975,-4.209847964506828,0.35238176947218924,7.453835522948644,0.29572442098937424,0.4070294408564874,-0.2029083308111391,3.6532723146625976,-1.8922317663775843,-1.4921940008746546
2.7048866748809814,-0.09469031708335293,0.4367510504377984,-0.06923101330713292,1.986535150010912,2.071455229797709,0.30115402041038764,-4.030477808508296,0.45012954426263724,7.651721571691198,0.2935229220565092,0.4100911418810376,-0.21003062697982766,3.6532441812702636,-1.8922231833087366,-1.4922612349139612
2.7069268226623535,-0.09468129122216315,0.4367262454419309,-0.06924394270698311,1.9865831921713133,2.0714224298541675,0.3010977386856006,-3.9403998515954193,0.2653646967810287,7.459697800585544,0.295832935801729,0.406478236972093,-0.2058618458446415,3.653205080623291,-1.8921917120562952,-1.4922516981707972
2.7089684009552,-0.0946534094230061,0.4367206330508447,-0.06924613267785211,1.9865803223805814,2.071428108377317,0.30102052598111506,-4.197157176413286,0.4341068100771899,7.511845743241359,0.29223907277940175,0.40071848362314133,-0.2061733153633713,3.6532084184833984,-1.8921597639666956,-1.4923341909991663
2.711015462875366,-0.09464906869427939,0.4367507944661236,-0.06922093718238222,1.9866128539588892,2.0714673558070915,0.3010937236399144,-3.9896995382212417,0.45120707570137153,7.690774367954638,0.2920174979772071,0.4059576539893391,-0.20589865091886353,3.6531879144855957,-1.8921597639666956,-1.4923670927630823
2.7130625247955322,-0.09462954711570933,0.43674128994917716,-0.06922653111051226,1.9866254280939046,2.071458214383423,0.3010180525733318,-4.135499552939853,0.17759631350905836,7.446560608990191,0.29022522986399385,0.3986538458927238,-0.20596237218348076,3.6531917291828613,-1.8921268622027796,-1.4924142996417444
2.715109348297119,-0.09461607863393946,0.4367266286960671,-0.06922946922083427,1.9865884536464375,2.0715118280622242,0.30093436414423025,-3.931392260413139,0.33703728947634515,7.686961782590826,0.2778612737967188,0.4025397362634433,-0.20935647575276953,3.6531831461140136,-1.8920839468585413,-1.492509667073385
2.717156410217285,-0.09463152191667723,0.4367492660733252,-0.06922380804863239,1.9866087110812307,2.0715801327443866,0.30096955761285665,-4.029226470426739,0.6586855116688852,7.734879506956311,0.27245493822853206,0.40547794418523736,-0.21132163075196603,3.6531359392353515,-1.8920567671405237,-1.4925301710711878
2.719247341156006,-0.09459756797631155,0.43673430699373994,-0.06921220525135244,1.986660721932921,2.0715310880342717,0.30098699663212897,-4.071239724078843,0.26195886802300977,7.64702360262802,0.28007152966058657,0.4062267987789203,-0.21109049977565414,3.653096838588379,-1.8920672575580042,-1.4925506750689905
2.721301555633545,-0.09457498835395245,0.43676166552161305,-0.06920195291146955,1.9866718919326452,2.0715575406199593,0.3009717939854387,-4.026390447727792,0.4082465619074248,7.864486440518506,0.25908535828350854,0.4030481728084828,-0.212473094567798,3.653103991145752,-1.8920462767230433,-1.4926331678973597
2.723365068435669,-0.09455449734499119,0.43673326358626724,-0.06921435472695883,1.9867047013185752,2.0715202988013326,0.3009009688461918,-4.2674383776213025,0.351155359395592,7.58814017528591,0.2565302352959092,0.40168779357671813,-0.2128612366058099,3.6530725198933105,-1.8920190970050257,-1.4926498571978968
2.7254104614257812,-0.09452834366686662,0.4367422117792163,-0.06921106799787013,1.9867400979422238,2.0715013062612373,0.30089959119330906,-4.0541397897913285,0.08577743760828765,7.683847418857694,0.26191426022107145,0.40513794276984,-0.21942760574088455,3.6530486780354003,-1.8920143286334437,-1.492690388356344
2.7274515628814697,-0.09453192730552279,0.43675198653893016,-0.06919708798039644,1.9867593025567032,2.071556124783625,0.300873315712468,-3.9137841047993094,0.19377253529146177,7.806840662097356,0.2490110805004268,0.4012279239843166,-0.22122708712115935,3.6530558305927734,-1.8919675985919397,-1.4927352110492151
2.7295007705688477,-0.09452213020826844,0.43673750227406205,-0.06920681774453837,1.986746806170477,2.071610375630546,0.30079657463705606,-3.97414189476203,0.17824667559393337,7.8054119874714445,0.24211759877355937,0.39315475427387514,-0.2213009953199795,3.6530086237141113,-1.8919156233416956,-1.4928181807147425
2.7315540313720703,-0.09450441168286985,0.43674445664935785,-0.06919486841624008,1.9867681677709632,2.071597088675137,0.3008350420829118,-4.252859126765686,0.09086416932265207,7.788946162245677,0.24792130924084033,0.3899979480906029,-0.22516466786216438,3.652991934413574,-1.8919313589679163,-1.492838207875387
2.7335941791534424,-0.09448107721450144,0.43673232621826624,-0.06919492893350626,1.9867313544736191,2.0716189458634027,0.3007733126557302,-4.181692790755857,0.06091089335407096,7.8217095602863935,0.24515206747707732,0.39931282378413735,-0.2204805083946921,3.65299574911084,-1.891914192830221,-1.4929245154010218
2.735630750656128,-0.09448266529670529,0.4367382132089821,-0.06920197836453518,1.9867708369639472,2.0716552348730906,0.30068743903430717,-4.142218029136339,0.1347323231234096,7.918380703731179,0.23929648449794064,0.39720089327252134,-0.2229599222533442,3.652987166041992,-1.8918402830706995,-1.4929655233966272
2.737665891647339,-0.09445816894982886,0.43674828746930644,-0.06918901376247176,1.9868018956717128,2.0716339071242125,0.30074155865447477,-4.075697140647934,0.1623327599336166,7.8896176922013055,0.24021785613268334,0.390442576888752,-0.2215286199879186,3.6529556947895507,-1.8918631712542933,-1.4929903189288538
2.73972487449646,-0.09444574735573087,0.43674543526789994,-0.06918671482471588,1.9868255060943643,2.0716524034165706,0.30070067764437625,-4.011852875277634,-0.08305673757466103,7.996714590288691,0.24519066109145218,0.387334976884819,-0.2196540681929985,3.652935667628906,-1.8918269316302698,-1.4930389563189905
2.7417774200439453,-0.09443681989293712,0.43674053521119577,-0.06919602150812343,1.9868276148641917,2.0716797334579184,0.3005971726069453,-3.8549185095517187,0.33328413638735427,8.006112405549631,0.23401792598823073,0.3909725606702197,-0.23108683017547782,3.6529428201862792,-1.8917682806598108,-1.4931018988238733
2.743809938430786,-0.09442949118699395,0.43675877665317603,-0.06918035134552178,1.9868414792959908,2.071710162196584,0.3006831073571276,-4.017005061425279,0.2768153375625734,7.972615375158907,0.23720804547156146,0.38732729690976586,-0.2298901961965651,3.652887983913086,-1.891787354146139,-1.4931309858905237
2.745842218399048,-0.0943926444278369,0.4367577558737308,-0.06917145851057802,1.98687555331715,2.071704071665642,0.30065548646507234,-4.1776926143865145,0.02671995807812555,8.043280884562652,0.23475621387422663,0.3862606705024242,-0.22111576534481447,3.652859850520752,-1.8917668501483362,-1.4932101408587855
2.7478725910186768,-0.09438967432866516,0.4367491547184215,-0.0691762072701562,1.9868736491104566,2.0717378767104915,0.3005491477440095,-3.9860574298632994,0.15618065525317001,7.8177493037691494,0.22855700056338873,0.3893221849373455,-0.23033613266693204,3.6528827387043457,-1.8917048613177698,-1.493265453969137
2.7499003410339355,-0.09437391631363408,0.43677080274974067,-0.06916384819439378,1.9869843593860645,2.0717309220921227,0.3006232984361039,-3.8613566605678047,0.08488569958548114,7.902112865693006,0.23250950196759138,0.3926645228851034,-0.23146442652955668,3.6527859407612304,-1.8916915098773401,-1.4932711760150355
2.751929521560669,-0.09435988556175573,0.4367728802906256,-0.06916344624539375,1.986928320638771,2.0717865999295895,0.3005544030756628,-3.8791844160580764,0.07709242209460068,7.882465870552239,0.22542188056526152,0.3929569275316029,-0.23186280746666169,3.652808352107666,-1.8916633764850062,-1.493373219166891
2.7539844512939453,-0.09433648979143813,0.4367473183711674,-0.06916447081707051,1.9869303851788827,2.071742848031626,0.3005131991037538,-4.060502040008668,-0.2508942131672671,7.861173514404689,0.22777672845905195,0.3922942958197255,-0.23048044762846323,3.652815027827881,-1.8916671911822718,-1.493389908467428
2.7560110092163086,-0.09432737531232419,0.4367423427134715,-0.06916330599507013,1.9869063724324638,2.0717938197852708,0.30047255571140324,-4.023317088802295,0.15007350583149093,7.8141168841388,0.22013746719985094,0.3921718479602845,-0.23231093946739806,3.6527954775043945,-1.8916381041156214,-1.4934652487384241
2.75803542137146,-0.09431887370971688,0.4367505532898783,-0.06915693924769449,1.9869113078349392,2.071820517838721,0.3004684560992344,-4.081464263466206,-0.10109811065452834,7.624093243052489,0.22710127350634773,0.3836361433551114,-0.22537213570594442,3.652783079738281,-1.8916228453265589,-1.4935100714312952
2.760098934173584,-0.09430324268929151,0.4367383057731838,-0.06915292666593124,1.9869644438432637,2.0718094275557184,0.3004476034774297,-4.001389553615896,-0.29316243228793415,7.7151753086440085,0.22684142925492246,0.38767386746401733,-0.23452890849035496,3.6527435022541503,-1.8915956656085413,-1.4935300985919397
2.762125015258789,-0.09428854573512101,0.4367672601392274,-0.06914630703072185,1.9869565488620855,2.071871431302349,0.3004511093129727,-4.071783767122103,-0.16446646152944644,7.938323242530046,0.21997214740239626,0.39323188962729094,-0.2354264509890423,3.6527158456989746,-1.8915746847735804,-1.4936249891864222
2.764178514480591,-0.09427640216978744,0.4367428324297576,-0.06915591503423968,1.9869991301933478,2.0718538279867134,0.3003867407036388,-4.068617473090117,-0.04682044264437682,7.900880522987114,0.21683485649477724,0.39575966936866513,-0.23116821498922357,3.652676745052002,-1.8915355841266077,-1.4936383406268519
2.766202926635742,-0.09425262666362165,0.4367611728196398,-0.06913478669111649,1.9870430104831598,2.071841867126847,0.30043684518504177,-4.166523870754096,-0.21217640204062008,7.967176873521496,0.2132693833271462,0.3918101595698132,-0.22789276748800413,3.6526643472858886,-1.8915460745440882,-1.4936707655536097
2.768228769302368,-0.09424367449439519,0.4367522316762434,-0.06914560469502096,1.986979135919048,2.0719023662757583,0.300324585592962,-3.9855125950774375,-0.42248778387009966,7.933828374592626,0.21170540259748744,0.38848081774808857,-0.23363677755041873,3.652683897609375,-1.8914993445025843,-1.493772331868307
2.7702529430389404,-0.0942220891561175,0.43676732736497564,-0.06913817077265834,1.9870801823080053,2.07185201783308,0.30032659576461046,-4.123468166244265,-0.20401853273751766,7.804429136865191,0.2057570901141723,0.38703952060694125,-0.23685703863199495,3.652667685145996,-1.8914788405047815,-1.4937670866595667
2.772305965423584,-0.09420747444989681,0.43675010559345817,-0.0691503683173495,1.987105919534596,2.0718617280879084,0.3001940971336709,-3.9864856534714774,-0.14057862721920253,7.907815905721186,0.2051386016580748,0.3945004021421943,-0.24098785843651543,3.6526662546345214,-1.89140493074526,-1.4938271681415003
2.774329900741577,-0.0941989585195594,0.43675012841178285,-0.0691495277728564,1.9870613547689848,2.071909822684317,0.30021709670637414,-4.118831196571838,-0.10461613519133883,7.850504107008782,0.20007075067044064,0.3879542997275048,-0.2393135005330272,3.6526200014301757,-1.8914154211627405,-1.493890110646383
2.7763538360595703,-0.09418670202339452,0.43675631481422544,-0.06913599789276084,1.9871209832335963,2.0719319378332086,0.30022125411034956,-4.027547916173322,-0.20622250438154427,7.845425182678133,0.19548262136073263,0.38481584387657003,-0.23887012559267506,3.6525766092487792,-1.8913806120501917,-1.4939301649676722
2.778380870819092,-0.09415535421847035,0.43674840979184487,-0.06913900296490733,1.9871242466790435,2.0718826555615175,0.30018760431329544,-4.041799799139053,-0.3092790302211337,7.854092964748893,0.19675655833905162,0.38775864335917365,-0.2386926233126877,3.652587576503418,-1.8913911024676722,-1.49396258989443
2.780409097671509,-0.09413803377067084,0.43677566850820043,-0.06912453579054495,1.9871391101306777,2.0719336983314567,0.30023830130172596,-3.9060143733221793,-0.33786495577650133,8.004017081858947,0.19678053316759164,0.399433038065819,-0.23823341406946058,3.6525322633930664,-1.891385857258932,-1.4940412680255335
2.782435894012451,-0.09412733756475758,0.43677660699015497,-0.06912216527269513,1.9871456323229737,2.0719604756401413,0.3002086755579917,-4.132570111176829,-0.06729213477464982,7.962074297598673,0.1898993639568469,0.3914040740062652,-0.24771920838984363,3.652515097255371,-1.8913586775409144,-1.494094196950094
2.784505844116211,-0.09410938308147322,0.4367489904899477,-0.06913293618394883,1.9871783950085364,2.0719186817764017,0.3001064183958073,-4.3531163259092835,-0.44313042094020716,7.97470829122801,0.19181710281895165,0.38444048340065545,-0.24139602864195114,3.6525236803242187,-1.8913191000567835,-1.4941075483905237
2.786543607711792,-0.09407817955741576,0.43676458271821883,-0.06912409870953123,1.9871996052491074,2.07199424699124,0.3000464131982603,-4.10604551725759,-0.2803906901761992,8.099216304380604,0.18755413874135496,0.38195903113266555,-0.24283311363963758,3.65247551977124,-1.8912518660174769,-1.4942572752581995
2.7885918617248535,-0.09406882258371647,0.43677869763938454,-0.06910111562891813,1.987254557392316,2.0720199462015634,0.30008246173366465,-4.180215704560048,-0.484121643343077,8.252623897542037,0.18103975352776103,0.3803276230324733,-0.24245905910304216,3.6524478632160644,-1.8912313620196741,-1.4942901770221155
2.7906246185302734,-0.0940445110485521,0.43676864352999173,-0.06911089622718543,1.9872525641981595,2.0719954761766823,0.30007904662960677,-4.169247307746784,-0.3398407892462515,8.357464492280446,0.17922109717246404,0.38857280125912513,-0.24640200822871097,3.652400179500244,-1.8912456671344202,-1.4943226019488733
2.7926743030548096,-0.09403583658820877,0.43674632633904253,-0.0691250349368654,1.9871912295936027,2.0720397480082915,0.2999879151941053,-4.297697373677818,-0.25493848293574184,8.087812978007305,0.17955468602356603,0.3799206488663726,-0.24866191963133866,3.6523911195942382,-1.891214672719137,-1.494401756917135
2.794724464416504,-0.09402582187404714,0.43676117415795773,-0.06911419435193886,1.9872597350165602,2.072045452812623,0.2999745788655279,-4.089308075170368,-0.5348820851040875,8.43009803908454,0.17736369152556442,0.3765238925182244,-0.24958325621371902,3.6523796755024414,-1.8911750952350062,-1.4944265524493616
2.7967722415924072,-0.0940087708126561,0.43677237048985035,-0.06910398045740776,1.987270107200571,2.072091552617435,0.30000083716525866,-4.066237068011912,-0.564095416813063,8.399094982726343,0.17366009506080102,0.3737176421317401,-0.251046313933597,3.652320070857666,-1.891163174306051,-1.4945018927203577
2.798819065093994,-0.09399583965619218,0.43677272447832655,-0.06910363133686416,1.9872728034022689,2.0720992709442037,0.2999183521656712,-4.0631875788348,-0.4162118455323569,8.40798175514843,0.17127134136255917,0.3831919501181096,-0.24538636179959625,3.6523591715046386,-1.891123119984762,-1.4945538679706019
2.800849676132202,-0.09397569892452481,0.43676635238355327,-0.06910307086486141,1.9873129948483386,2.072086772896699,0.2998617956810127,-4.126003672327016,-0.48748371408197244,8.295321766213474,0.1719419877060559,0.3815322345070624,-0.2505656014902721,3.652351065272949,-1.8910873571978968,-1.4945929686175745
2.802893877029419,-0.09397199462439534,0.43677937531928035,-0.06908691088650094,1.9873412343946353,2.0721478877273825,0.2998853075619331,-4.293511675103281,-0.5706442170012889,8.561590068873175,0.16907583786203015,0.38142077106116073,-0.2523361508212351,3.652303858394287,-1.8910568396197718,-1.4946497122394007
2.804955005645752,-0.09396553043040476,0.4367768761808428,-0.06907679902856603,1.9873036673346,2.072203425966332,0.29988836684543824,-4.058793707689375,-0.9136789878163802,8.587422596941526,0.17955459457310524,0.381091173454865,-0.24842892952273088,3.65228716909375,-1.8910511175738733,-1.4947169462787073
2.8069956302642822,-0.09392665254391053,0.43677134146102486,-0.0690946115022439,1.9873135122238128,2.072146676089461,0.29984338551405265,-3.940593530081636,-0.4461875555462552,8.425500910960265,0.17252996672272514,0.3758763570193941,-0.24507190115388416,3.652259512538574,-1.8910582701312464,-1.4947617689715784
2.8090360164642334,-0.09392198496372321,0.43676477875540526,-0.06908246150108857,1.987358967460508,2.0721559456602567,0.2997935791132827,-4.041169128628036,-0.6172519833230152,8.46010234354337,0.16518027281417952,0.3751162120743765,-0.2496416326784259,3.652275248164795,-1.891010586415426,-1.4947827498065394
2.8110759258270264,-0.09390104754412909,0.4367680589440986,-0.06908910212124947,1.9873619438424164,2.0721682766308867,0.29976722066018624,-4.250580881072903,-0.19660712069238284,8.485467920465739,0.15849741968337633,0.37426815683049625,-0.2531352862788561,3.652235193843506,-1.8909948507892054,-1.4948466459857386
2.813117265701294,-0.09389469116916319,0.43677527811057315,-0.0690787383433582,1.9873249839910696,2.0722238999415,0.29978048964242493,-4.191273361089834,-0.42195559809144323,8.540670840943728,0.1606186916357858,0.37935471245537117,-0.25419703836904084,3.6522232729145507,-1.8909934202777308,-1.4949138800250452
2.8151628971099854,-0.09386939953986309,0.43676774225457266,-0.06907658148953906,1.98732872212407,2.072241595071559,0.29971819863856075,-4.123469250891129,-0.57515016797687,8.627782792118202,0.1597600507609019,0.3738722983643535,-0.2553759218055586,3.6522108751484375,-1.8909590880023401,-1.4949968496905726
2.817201852798462,-0.09385522237819999,0.4367605915672893,-0.06908718015584372,1.9873972415408483,2.07221823636703,0.2996572320230447,-4.116938665980533,-0.5005543113282918,8.588778461263525,0.15713095278799086,0.36839147278885614,-0.2534902699957745,3.652172251338623,-1.8909123579608362,-1.495009724293844
2.819241523742676,-0.09383063125566812,0.43677085073266503,-0.06907070134502837,1.9874163563003453,2.072208916389418,0.29967217830798887,-3.9581455512121053,-0.4922600108826697,8.675909902166952,0.15889427917084747,0.3711633028277932,-0.252564402985509,3.652179403895996,-1.8909176031695765,-1.4950545469867151
2.821281671524048,-0.09381703739127256,0.4367537237298142,-0.06907556923291873,1.987421217147784,2.072205521331017,0.2996280427256179,-4.177601540949574,-0.6521173958632023,8.790551701348924,0.15732671755756084,0.37322504205413076,-0.2552892086449865,3.652158423061035,-1.8908990065204065,-1.4950864950763147
2.8233206272125244,-0.0938173190201621,0.43675721713382276,-0.06907659997272393,1.9873873965951252,2.0722881561605315,0.2995974820051683,-4.225808379428517,-0.515363040357198,8.659419756380904,0.15065178370331117,0.3787375990477733,-0.2572883260827363,3.6521236139484863,-1.8908632437335413,-1.495169464741842
2.825382709503174,-0.09379365415419047,0.4367905365714703,-0.06905269589062837,1.987435766149326,2.0722803752304286,0.29968217833335953,-4.183626510341724,-0.28154407215111243,8.681787823152082,0.15082121091040096,0.37481105117827906,-0.25911742626597295,3.6521031099506835,-1.8908851782428187,-1.4952014128314417
2.827422857284546,-0.09378133700816155,0.43676026784591093,-0.06906522627821779,1.9874585854672961,2.0723006550381147,0.29955715688873574,-4.09980309156092,-0.5874803950228202,8.668534660363367,0.15449374402640764,0.36761010170582953,-0.2524911561884103,3.6520721155354003,-1.890810791646139,-1.4952614943133753
2.829462766647339,-0.09375416085972732,0.4367575281415201,-0.06907121725341868,1.9875171535449183,2.0722723827134364,0.2994937151194444,-3.97646118714344,-0.7019671687401716,8.747658738655709,0.15235943430718846,0.3688351467403712,-0.25854637696903204,3.652047796840332,-1.8907716909991663,-1.4953025023089808
2.831502676010132,-0.09372833835485245,0.4367629461813315,-0.06906335172237227,1.9874547837639989,2.0722900461256977,0.2994808509877229,-4.191904592319565,-0.8953731391073878,8.71646600080907,0.14687148612080314,0.36982328104806494,-0.2518919483358422,3.652077837581299,-1.8907907644854944,-1.4953888098346155
2.833542823791504,-0.09372696660593396,0.43677133188263273,-0.06905582077765039,1.9874762731800864,2.0723407195842323,0.29947544174297513,-4.121585952103606,-0.735823211588297,8.612763778080204,0.14584266594921214,0.37311754697844113,-0.257298327032404,3.65204302846875,-1.8907550016986292,-1.4954364935504358
2.835582733154297,-0.09370286762557313,0.4367849755375915,-0.06905108445674908,1.9875466913130349,2.0723055836263002,0.29947918615709285,-4.0710656832486105,-0.7879146096129706,8.87191553169594,0.14701330828097095,0.37089620834978376,-0.26040854538606184,3.65201918661084,-1.8907430807696741,-1.4954536596881312
2.8376269340515137,-0.09369940880018152,0.4367763242288888,-0.06905612742296664,1.9875825240743636,2.072323404193485,0.2994180955758365,-4.125118390357461,-0.6896727187342526,8.972197370860492,0.1391130926803558,0.36852936889185955,-0.2624248641423419,3.651992006892822,-1.89069110551943,-1.4954822699176233
2.8396689891815186,-0.09367560242894984,0.43677293783470944,-0.06905194764151433,1.9875458032942102,2.0723541599795916,0.2993930377908369,-4.168548008107647,-0.47021089424284257,8.973701507866945,0.13235794280905622,0.366460642940176,-0.26110288925838454,3.651979609126709,-1.890686337147848,-1.4955723921405237
2.841705560684204,-0.09366006823977788,0.4367750725512179,-0.06905263080415083,1.9875597698268348,2.072355859624134,0.2993842339051233,-3.9946176567679617,-0.729510696471561,8.725509925005234,0.13539501709918142,0.366286537339883,-0.2596483180508762,3.651951952571533,-1.890677277241842,-1.4956095854388636
2.8437395095825195,-0.09365383434917948,0.43678414797326287,-0.06903621200816314,1.9876310697805952,2.0723818678719543,0.2993898675168444,-3.953610684351579,-0.8127394795612932,8.844717585579824,0.13436713541169576,0.36330098865594235,-0.2628014826158955,3.6519157129475097,-1.890634838734762,-1.4956381956683558
2.8457722663879395,-0.09363699454645141,0.4367893494335889,-0.06903235525308887,1.9875842868137634,2.0724231591285696,0.2993427601645065,-3.8851344798633987,-0.7316140471427813,8.757168757572565,0.1383914666480905,0.3641164022529377,-0.26441449686578805,3.6519386011311035,-1.8906191031085413,-1.4957292715655726
2.8478031158447266,-0.09362090868118489,0.4367772366357521,-0.06903442399904207,1.987627784110958,2.072405879375367,0.2993210336297676,-4.16240269490705,-0.816065643517085,8.80466742716767,0.13594988262450713,0.3616734754286053,-0.25874315509809986,3.651895685786865,-1.8905990759478968,-1.4957464377032679
2.8498339653015137,-0.0936103025084492,0.43679442932934615,-0.06902168646640909,1.9876211331828784,2.0724653747939077,0.2992944902771394,-4.049526052374269,-0.9889918532817311,8.962527949429994,0.13354924213931202,0.36323470136414054,-0.2630579956164982,3.6519028383442382,-1.890564266835348,-1.4958327452289026
2.8518691062927246,-0.09359416354557154,0.4367905370896717,-0.06902302101809195,1.9876485900239331,2.072442841386747,0.29927277667809254,-4.103495361395519,-0.6186893324725582,8.777430710022431,0.12832882093660336,0.3584847827129901,-0.2629568902857611,3.651890440578125,-1.8905542532550257,-1.4958494345294397
2.853898286819458,-0.09357669620904407,0.43679247514465824,-0.06902014348706832,1.9876369343875033,2.072469384273991,0.2992981515131664,-3.7111519023393176,-0.9664074885969913,8.893331485621005,0.13424710228389347,0.3661401267165224,-0.2615061247320451,3.6518351274677734,-1.8905614058123987,-1.4959095160113733
2.8559253215789795,-0.09355497332630128,0.4368038068478947,-0.06901445756909264,1.9877228700395995,2.072457746138622,0.29924652548816255,-3.901746710257076,-0.7370028582383736,8.876955799355732,0.11992450289992511,0.3577292292044375,-0.26670407673777,3.6518232065388183,-1.8905060927020472,-1.4959500471698206
2.8579516410827637,-0.09354951096996897,0.43679123592557795,-0.06901093884135154,1.987716395935902,2.072518885728985,0.29921277919658884,-4.104305661401153,-1.0439326531072313,8.871188628418697,0.12825361888282522,0.35474889796913,-0.2587642930743724,3.6517764764973144,-1.8904665152179163,-1.4960206190692347
2.8599748611450195,-0.0935266865510378,0.4367888273008381,-0.06901140276381008,1.9877202855406422,2.0724829534231923,0.29918022654989895,-4.116250011003837,-1.179692018218402,8.887105490584245,0.1332828632723121,0.35960772999757534,-0.2638734286998733,3.651799364680908,-1.8904698530780237,-1.4960463682757776
2.861997604370117,-0.09351061498709064,0.436808645602244,-0.06900479035135684,1.9877237524253721,2.072509231319445,0.29917920050365093,-4.1059296840553,-1.0571656033943622,8.904057293218838,0.1278418369953196,0.3650392948326251,-0.2606452714591195,3.6517907816120605,-1.8904579321490687,-1.4961102644549769
2.864020824432373,-0.09348221438335848,0.4367675530495168,-0.06901818914303866,1.9877352829394443,2.0724439928276897,0.2990781037013105,-4.153131600269357,-1.2467730012834508,8.895654587703168,0.1251006815698958,0.3631514846305299,-0.26426105194130733,3.6517984110065917,-1.8904412428485315,-1.4961264769183558
2.86604380607605,-0.09348255189505834,0.43678276881335665,-0.06900670574431716,1.9877280284048815,2.072539123013445,0.2990378213263623,-4.150495544877991,-0.6695384567389293,8.820575388651648,0.11621372563468063,0.3590979172220064,-0.26738826279942607,3.651789827937744,-1.8903825918780726,-1.4962213675128382
2.8680968284606934,-0.09346433722142813,0.4368056570319948,-0.06899875320156734,1.9877568493183584,2.0725666539645045,0.2990980123241817,-4.091942365008449,-1.0488646702003699,8.9745072006412,0.12093587339660211,0.3540492555746396,-0.26611961002146906,3.6517154413410644,-1.89038592973818,-1.4962766806231897
2.8701205253601074,-0.09345858529929083,0.4367881254357797,-0.06899963510193201,1.9877360254207697,2.072591345773554,0.29902013616798667,-4.097299074904782,-1.0879210125014958,9.042229546506597,0.12296324723705807,0.3548506635539601,-0.26513965283906743,3.6517345148273925,-1.8903501669513147,-1.4963253180133265
2.872161626815796,-0.09343815986005968,0.4367935688381684,-0.06899459643358635,1.9877835570124847,2.072597112883743,0.29899212184243273,-4.0398654395190565,-0.7954658825647756,9.050804759467976,0.11800233964411716,0.34854875817424835,-0.2666069072112287,3.6517063814350585,-1.890315357838766,-1.4963772932635706
2.874185085296631,-0.09341151934585415,0.4367847334314073,-0.06900222154221648,1.987816619270695,2.0725539394652155,0.2989366955776171,-3.960013505303041,-1.0714588013380806,9.068853534298512,0.11335949851749891,0.34533529440825195,-0.2644579274467143,3.6516987520405273,-1.8902986685382288,-1.4964044729815882
2.8762099742889404,-0.0934139814552076,0.43678237580538337,-0.06899264577966957,1.9877849699209902,2.0726347887944865,0.2989111062095161,-4.01415339135622,-1.2223919522801643,9.206524238779922,0.11855607895287132,0.34816043517859524,-0.2675012552893917,3.651686354274414,-1.8902643362628382,-1.4964783827411097
2.87825083732605,-0.09338596816188917,0.43677931522740554,-0.06899287068837297,1.9877988978799652,2.0725920010683216,0.2989303075615399,-3.9764157057044636,-1.0134490176599618,9.137892619907642,0.11609430992967928,0.34466076706442017,-0.26629285753603454,3.6516586977192382,-1.8902900854693812,-1.4964984099017542
2.880274534225464,-0.09337696806341114,0.4367921108409719,-0.06899032832823987,1.9878200777687243,2.072651498235921,0.2988800429462868,-4.035860962361389,-1.2233628999896733,9.283609395286348,0.10846284063865197,0.3449429909124232,-0.26654935567944527,3.6516315180012207,-1.8902314344989222,-1.4965809027301233
2.8822977542877197,-0.0933572155986937,0.4367948330457978,-0.0689878529519319,1.987801898595747,2.072668771635441,0.29889579231010094,-4.188190494778124,-1.1607180338996195,9.075699289544707,0.10304879069362935,0.34143561710919507,-0.27267354212920114,3.651595278377197,-1.8902419249164026,-1.496640984212057
2.8843207359313965,-0.09334281360808674,0.436797415956934,-0.06897680423436368,1.9878218731962234,2.072686817502307,0.2988706565739118,-3.9468791042428624,-0.9699695234837244,9.122865693288981,0.10935449630873464,0.34929459252921563,-0.27229454877241144,3.651595278377197,-1.890214745198385,-1.4966924826251429
2.8863444328308105,-0.09332646089604987,0.4367946876040642,-0.06898101073223867,1.987909760577123,2.072636017674969,0.2987823801295996,-3.7933683072156477,-1.3066988525763779,9.29219598815046,0.1041161810348041,0.3470255915737106,-0.2737158667232291,3.6516143518635253,-1.8901594320880335,-1.4966900984393519
2.888375997543335,-0.09330441737613471,0.4368049959559431,-0.06896678506506915,1.9878830011099256,2.0726639832623763,0.29880725980801687,-4.0365673326174205,-1.4683645879885345,9.412941807729275,0.10049154762992964,0.343663331944538,-0.26997375911161237,3.651606245631836,-1.8901732603656214,-1.4967659155475062
2.8904061317443848,-0.09330279476527137,0.4367988209453489,-0.0689722316509063,1.9878605995474088,2.0727368249184948,0.2987355657973775,-3.816303382426696,-1.0048122041174206,9.142975882283208,0.10304998035775934,0.3478338352201279,-0.2746950265516428,3.65157858907666,-1.890118424092428,-1.4968488852130335
2.8924400806427,-0.09328382750721617,0.4368100304058968,-0.0689551753859428,1.9879208974314797,2.072724706174154,0.29877265991118884,-3.8194921116755247,-1.2520298516098907,9.014474476017671,0.10322736716885907,0.3457697447986492,-0.26415147940424544,3.6515509325214843,-1.8901146093951624,-1.496868912373678
2.894469976425171,-0.09325990927231004,0.43679910436926456,-0.0689512884097857,1.9879295256287959,2.0727155770117425,0.29870133250325387,-3.8695599961526828,-1.3072741210086756,8.966933279894008,0.10398998005427548,0.34004963413874967,-0.2714865688942918,3.65157334386792,-1.8900859991656702,-1.4969256559955042
2.896507740020752,-0.09324934925765778,0.4368003738223719,-0.0689520928900571,1.9878749936929654,2.072757440176041,0.2987260070615344,-3.9289068481977236,-0.9934112172727869,8.698554549388426,0.0981667958352816,0.3365413949629404,-0.2763678616549079,3.651533766383789,-1.8901050726519983,-1.4969890753375452
2.8985579013824463,-0.09322525432142192,0.4367917055447413,-0.06895637236624333,1.9879399312298252,2.072788869295434,0.2985999332883225,-3.807515305214936,-0.9871431551930732,8.690476351427417,0.10138754278904773,0.34804743740976246,-0.27446749934682596,3.6514946657368164,-1.8900068441974085,-1.4970853964435022
2.900608777999878,-0.0931975242404588,0.4368070269479967,-0.06893643208340279,1.987944331423519,2.072805921695648,0.2986564964044403,-3.969167411224292,-1.4761977434624476,8.609687886299616,0.10703296864719515,0.34110398763961025,-0.2703957445454144,3.651463194484375,-1.8900259176837366,-1.497155491505758
2.902648687362671,-0.09318596697972328,0.4368072079266961,-0.06893608123603899,1.9879936866764294,2.0727664544838604,0.29861007039614634,-3.8436764665461403,-1.0412476480664943,8.614228778773144,0.09969929460553441,0.3437304864419125,-0.27443170553475466,3.651489420528076,-1.8900015989886683,-1.4971497694598597
2.904688596725464,-0.09318365500013875,0.4368017380425611,-0.06893511531445468,1.987942589384226,2.072853675874264,0.29857296505173353,-3.7583593638937165,-0.7979235614831206,8.444946978710924,0.09962575214077636,0.34549564545728284,-0.2660234981681445,3.651458426112793,-1.8899691740619105,-1.4972441832171839
2.906728744506836,-0.09316133180004049,0.4368023512963827,-0.0689325647202287,1.9880264244591697,2.0728416840510073,0.29853773290661434,-4.0267431609956805,-1.3448605110374248,8.558523210443484,0.11310891112079635,0.34013775294817555,-0.2649824627580963,3.651411219234131,-1.8899224440204065,-1.4972804228412073
2.90876841545105,-0.0931426541241524,0.43680608205512156,-0.06892813286023201,1.9880166412434674,2.072843928960358,0.2985324793436586,-3.9493148630369914,-0.9217731580208192,8.427163483385703,0.10276847448714405,0.34633811574912776,-0.2766441443720757,3.6514102655598144,-1.8899262587176722,-1.4973281065570276
2.910828113555908,-0.0931311458964077,0.43677750286515865,-0.06893375836801834,1.9880080027871567,2.0728351562517275,0.2984310842270259,-3.927521493201607,-1.4547045538603964,8.341613174866966,0.11651355388566305,0.354207716066234,-0.26500728049785177,3.65143792211499,-1.889890495930807,-1.4973610083209437
2.9128687381744385,-0.09310017405031659,0.43680534888263134,-0.06891744910280126,1.9880556753701275,2.0728412350518957,0.2984929771327994,-3.874536061101031,-0.9284227904658078,8.378576878760903,0.11331097721613062,0.3538757150159493,-0.2729136807212815,3.6513821321674804,-1.8898971716510218,-1.4974249045001429
2.9149091243743896,-0.09309784431194201,0.43680120133341854,-0.06892474268201385,1.9880528520143588,2.072862665330802,0.29844934167349035,-3.7388808928040183,-1.1373299367681526,8.543310890938184,0.115461893838926,0.35374484082496266,-0.2705636269538876,3.651367350215576,-1.889869515095846,-1.4974568525897425
2.9169485569000244,-0.09307526859271362,0.4368146401792955,-0.06892149977193421,1.9880687354086606,2.072894705402041,0.298438664478392,-3.762697337993173,-1.0477297847456695,8.435259850300582,0.1203852092981236,0.34975697932893357,-0.26648288473430004,3.6513234811970214,-1.8898456732379358,-1.4975393454181116
2.9189889430999756,-0.09307893715798572,0.4368083103421244,-0.06890860083414212,1.988110090088438,2.0729285377031785,0.29838063235104134,-3.689609145694183,-1.054584177173056,8.327795274409553,0.12181793973775883,0.35362128041755325,-0.2724907480601691,3.6513382631489257,-1.8897836844073694,-1.4975650946246546
2.9210329055786133,-0.0930709512388539,0.4367960162433681,-0.06891221866620283,1.9881357957493913,2.0729084609852517,0.2983887267447569,-3.877352506285446,-0.8608196371090557,8.337640159007593,0.11088513499218777,0.352146930777678,-0.26864994183176155,3.6512948709675292,-1.8897855917560022,-1.4975579420672815
2.9230728149414062,-0.09303710030274172,0.4368087633099102,-0.06890844160844244,1.988139189926504,2.0729025925207827,0.2983224491835948,-3.9534656928582574,-1.127129069443379,8.383560502111397,0.11935905007700459,0.3523498912587649,-0.2632600652515589,3.651329680080078,-1.889761749898092,-1.4976452032672327
2.925133466720581,-0.0930381457162355,0.436790966240559,-0.06890700985798363,1.9881302348858474,2.07295006785787,0.29828160223240396,-3.8103020802059584,-0.7777416287407802,8.450992892454028,0.11347120664106776,0.353774867148849,-0.2727708652028701,3.6513020235249023,-1.8897255102740687,-1.4976895491229456
2.9271929264068604,-0.09301149714342692,0.43682712076720864,-0.06888333515917736,1.9881880164323213,2.072959953668125,0.29833742974735067,-3.850414442534025,-0.7829025754663081,8.26710998534517,0.11772023787721637,0.3509511946528505,-0.2718469540339558,3.651278181666992,-1.8897221724139612,-1.4977486769305628
2.9292349815368652,-0.0930015667726638,0.4368056928835538,-0.06889080043886954,1.9881442871829027,2.072962480515027,0.2983055846246209,-3.710545943318759,-0.8286784921605709,8.315065419511354,0.11832757401664007,0.3557718583899746,-0.2696187990535068,3.6512700754353027,-1.889728848134176,-1.4977806250201624
2.9312970638275146,-0.09298299487540489,0.436807835618965,-0.06888855948279717,1.9881901260978632,2.0729879942829896,0.29821695807603527,-3.7208829076567733,-0.9816093937291189,8.451778391258685,0.11872549431544921,0.36139762970893274,-0.2709883396569998,3.6512624460407714,-1.889658276234762,-1.497856918965475
2.933337926864624,-0.0929702412430446,0.43679057025026463,-0.06889784129850574,1.9882127452238194,2.0729613220785037,0.2981909814780944,-3.8171276189634034,-1.0193792419457395,8.003242142124613,0.11941497958926246,0.3543217322947019,-0.2703762899805279,3.651226206416748,-1.8896501700030726,-1.4978607336627405
2.935379981994629,-0.09296520644008026,0.43679691304101076,-0.06888978897043993,1.9882009536478176,2.0730231146028735,0.2981515070079188,-3.8036278825132808,-0.9204940499771095,8.025499380308343,0.11999267867753363,0.35300982674115294,-0.2674483252737735,3.651226206416748,-1.8896101156817835,-1.497937027608053
2.9374208450317383,-0.0929475115059274,0.4368180923071456,-0.06886343298691656,1.9882416215133056,2.07305138396096,0.2982017967015103,-3.743054484986043,-0.9028953065884293,8.058411969922135,0.11711973684461253,0.355345275370607,-0.27113562958110526,3.6512018877216796,-1.8896024862872522,-1.4979918638812464
2.9394619464874268,-0.09292511022755488,0.4367984041290471,-0.06887760786969747,1.988232246840157,2.073020820830714,0.29809873157544425,-3.5881624077554957,-1.0022267613427196,8.064633010522693,0.11838450798476971,0.36222812222183615,-0.27346280958038965,3.6512252527424316,-1.8895781675921839,-1.4980328718768519
2.941502809524536,-0.09293291237611034,0.4368197465814129,-0.06887405874129131,1.9882393510079164,2.0731031338257067,0.29811352575282896,-3.65680029522661,-0.8622282158364896,8.125582768506355,0.11730663767671842,0.36592670892314494,-0.2685292909414436,3.6511708933063964,-1.8895424048053187,-1.4980881849872034
2.9435439109802246,-0.09291598473670956,0.4367940457026307,-0.06887988202835663,1.9882102754878066,2.0731094785162005,0.2980213299130594,-3.8367586420540185,-0.9295759217005124,7.956828811700424,0.11623457827242718,0.3645020744850322,-0.27169760423935085,3.6511856752583007,-1.8895142714129847,-1.498148266469137
2.9456002712249756,-0.09288465917121884,0.4367975404827388,-0.06887153311096979,1.988306845513968,2.073065564332505,0.29802367292634246,-3.8550670190866185,-1.1205084894510602,8.03496625853808,0.11936932691871507,0.366664544555587,-0.2726139164213389,3.651138945216797,-1.8894942442523401,-1.4981687704669397
2.947640895843506,-0.09286845838462299,0.43681808155457413,-0.0688634767617061,1.9883390077218674,2.0730823132174567,0.2980432394841106,-4.039077665132142,-1.2726325615839809,7.995418416993679,0.11786560030624632,0.36281001692496084,-0.2682616465967774,3.651106997127197,-1.889482323323385,-1.4982169310199183
2.9496819972991943,-0.09287495893807303,0.43679864519568334,-0.06886532189578651,1.9883378259744808,2.0731281221479056,0.2979605050797391,-3.8502534605841237,-1.0304813605395955,7.92959851552527,0.11950575960232479,0.3734841310579524,-0.27510319018512874,3.651106043452881,-1.889423672352926,-1.498254124318258
2.951723098754883,-0.09284318975666518,0.436803095300069,-0.06885175771784849,1.9883242017725868,2.0731387081550343,0.2979709633479102,-3.899691136674449,-0.8328569924144782,7.766812585041094,0.1155197824148376,0.3706375001081743,-0.27443288077638356,3.6510941225239257,-1.8894341627704065,-1.4983366171466272
2.953763961791992,-0.09282756079347071,0.4368237492684552,-0.06883891337303859,1.9883997073769857,2.073132310650367,0.2979926143642431,-3.969715547234973,-0.8074601829676894,7.686831414812428,0.11240837035295181,0.3643961066412459,-0.27560972738632933,3.651066942805908,-1.8894131819354456,-1.49835712114443
2.9558050632476807,-0.09282960642992194,0.43681456498695975,-0.06884905320128172,1.988314353418768,2.0732011842998417,0.29795570727876525,-3.795820204203653,-1.1126422772805726,7.775375034948691,0.1229716902455609,0.3733812008818316,-0.2761232692865627,3.6510507303425292,-1.8894050757037562,-1.4984291235553187
2.95784592628479,-0.09280935364384962,0.43681705927498704,-0.06885361714815995,1.9883806627534903,2.0731849860688136,0.29787149073415753,-3.97444398336036,-0.9008742762630765,7.64958907773531,0.12116043208518101,0.373549367946133,-0.27330622999846776,3.6510464388081054,-1.8893464247332972,-1.4984691778766077
2.9598870277404785,-0.0927973473790446,0.4368109692460826,-0.06884288915800738,1.98837605566801,2.0731872620121874,0.29787425144156987,-4.044696031533416,-1.176964187929626,7.535656856480484,0.12007015028388773,0.373301975251563,-0.2679808984317126,3.651050253505371,-1.8893502394305628,-1.4984973112689417
2.961928129196167,-0.0927845125687285,0.4368063808496554,-0.0688384169309684,1.9883746462422645,2.073204990598279,0.2978329746089047,-4.106536960171088,-1.06768962261577,7.541840047788206,0.11970283792818386,0.37316830155457265,-0.2704642253345809,3.6510540682026367,-1.8893259207354944,-1.4985492865191858
2.9639692306518555,-0.09275624630261667,0.4368136495916046,-0.06883959268850168,1.98841419991478,2.0731958440003457,0.297837036722154,-3.9100401653640517,-0.9134202974242616,7.439316840600321,0.11459513763798301,0.375803042958568,-0.2758159568434692,3.6509944635578613,-1.8893173376666468,-1.49860126176943
2.966010093688965,-0.09275006127031346,0.4368198582847921,-0.06881400889010922,1.9884646952233649,2.073235537909248,0.2977995163117887,-4.085644723627764,-1.0900143608215682,7.212438756176599,0.11857857044179067,0.37472876643704606,-0.26896992855344876,3.6510178285786132,-1.8892586866961878,-1.4986522833453577
2.9680511951446533,-0.0927485116033154,0.43682816974796046,-0.0688094990683862,1.988414556051247,2.0733078861676675,0.2978367170783736,-3.8340522868614935,-1.254760979049679,7.356470494167669,0.12373206032128164,0.38225701017243674,-0.2777459161983763,3.650970621699951,-1.8892658392535608,-1.4987204710589808
2.9700937271118164,-0.09271886316699464,0.43681234372268785,-0.06882316197515741,1.988433934432195,2.0732858526330418,0.29768741887005595,-3.990747546261157,-1.1236424181562792,7.368265049650846,0.1139732630611438,0.37659540495418287,-0.27400274229785476,3.6509968477436523,-1.8892043272601526,-1.498791519795553
2.9721531867980957,-0.09271971041160386,0.4368249344153803,-0.06881480655956014,1.9884673504090316,2.073320871065333,0.29773902882054,-3.7835589227708475,-1.245677204491772,7.272552562447851,0.11747409387633545,0.3781416566144563,-0.2716849517249386,3.6509343820759277,-1.8891952673541468,-1.4988086859332483
2.974194049835205,-0.09269596711120198,0.43682042710863195,-0.06880610844215508,1.988514153033312,2.0732696684812297,0.2977179852832587,-3.8166046833568092,-1.0123869700474413,7.262157149727793,0.11381799344415655,0.38161835500988533,-0.2740051553462269,3.650953932399414,-1.8891904989825647,-1.498814884816305
2.976235866546631,-0.09267243867904905,0.4368303932427548,-0.06880307100855144,1.9885129265933776,2.073315805733255,0.29771107646165357,-3.6224972395193147,-1.1217625388687549,7.196407654390999,0.11294241390869608,0.376780106355003,-0.27406394906740905,3.6508986192890625,-1.889169994984762,-1.4989126364337366
2.9782800674438477,-0.09266485817356121,0.4368045468141504,-0.06881216810012047,1.9884995382637267,2.0733016941355524,0.2976075266868237,-3.7560534222693476,-0.9558632652634519,7.0186242154821095,0.11073071707728022,0.3816149477966787,-0.27490179787330044,3.6509367662617187,-1.8891375700580042,-1.4989336172686976
2.9803221225738525,-0.09265240899463478,0.4368293050639187,-0.06879467837158826,1.988481857351866,2.0733742580161825,0.29765281957532685,-3.741745643076951,-1.2903798014695438,6.958047173315966,0.11664665304760319,0.38267232757075614,-0.2739748001802441,3.6509010034748535,-1.8891342321978968,-1.4990246931659144
2.982362985610962,-0.0926212014826987,0.4368468192799573,-0.0687859950926269,1.9885746032947689,2.0733540408587823,0.29763937595987316,-3.939825276064259,-1.2529471274710358,7.05040315773043,0.1114929631624901,0.382001532812511,-0.27075889618597004,3.65086476385083,-1.8890979925738733,-1.4990723768817347
2.9844272136688232,-0.0925899358468615,0.43682461469741074,-0.06878506106689106,1.9886205133886319,2.073281001736686,0.2976104037182797,-3.7763529657567085,-0.8084702405123922,7.012992375039786,0.10633792353340181,0.38063794147334873,-0.2769839304013827,3.650857611293457,-1.8891013304339808,-1.4990742842303675
2.986492395401001,-0.09260352144452434,0.4368122231852247,-0.06879222460420534,1.988582777976152,2.073353891634956,0.29754549533525515,-3.6376413387096176,-1.187392107958082,6.960930202366808,0.10995180047528155,0.38047035498522086,-0.28038301905606067,3.650845690364502,-1.8890546003924769,-1.4991219679461878
2.988539457321167,-0.09257561796767438,0.436829462623357,-0.06878302512449268,1.9885687818797064,2.073372567633374,0.29761590182106623,-3.847894298698973,-1.1834939599866316,7.0538450086536395,0.10479339711638426,0.3814399194877097,-0.273843168575116,3.6507865625568847,-1.889087978993551,-1.4991939703570765
2.990591287612915,-0.09256787436490257,0.436817250815095,-0.06877208231967263,1.9885809953386773,2.073402176569487,0.29755323316605636,-3.827232582201681,-1.1485227721293876,6.992328266426558,0.10578649825528176,0.3793569741637769,-0.2793189467891055,3.650801344508789,-1.8890412489520472,-1.4992454687701624
2.992633819580078,-0.09254329584935295,0.43680746924964037,-0.06877799816517181,1.9886183867680987,2.073404386219936,0.2974636118696581,-3.5785731308919546,-1.1505916509198233,7.037422244849417,0.09651779738077657,0.37934124899771854,-0.28040124751162376,3.650777502650879,-1.8889859358416956,-1.4993136564837855
2.9946675300598145,-0.09253749322822599,0.4368346357563865,-0.06876823120729066,1.9886522315209945,2.0734706723616005,0.2974681404914744,-3.7086430962941095,-1.457858761610284,6.9945824329446324,0.09937120830694646,0.3793415170584494,-0.2803162937221234,3.650733633632324,-1.888942066823141,-1.4993856588946741
2.9967000484466553,-0.09252320145931522,0.4368415044111618,-0.06876877388874894,1.988710887866251,2.0734646946543114,0.29744906807994254,-3.6633036559241487,-1.3749872677100483,7.102377172276451,0.0949996939155413,0.38166559399538347,-0.28249551267114026,3.6506973940083007,-1.8889105955706995,-1.4994104544269007
2.998732089996338,-0.09249516654843858,0.4368379279176566,-0.0687581276261,1.9887183249864413,2.0734647764698932,0.29744551947780135,-3.828763009250572,-1.483525080874261,7.10151991109819,0.0892594726734346,0.37171708433874234,-0.2856816472214176,3.650678797359131,-1.888909165059225,-1.4994733969317835
3.0007641315460205,-0.09247015309078097,0.4368383300367979,-0.06876052766404359,1.9887145073377406,2.0734465890326366,0.2974487934227641,-3.76111839152932,-1.1917815521125141,7.148217920326482,0.07838800434719405,0.3717804835026027,-0.28693699564879477,3.6506544786640625,-1.8889244238482874,-1.499514404927389
3.0027964115142822,-0.09247071349902589,0.4368278524329654,-0.06876582938135771,1.9887026399478132,2.0734851765173774,0.29738136757281886,-3.5415077665455477,-1.6596099537037312,7.324452116792928,0.08292213661888187,0.37655835229242957,-0.28412868522754015,3.6506497102924804,-1.8888819853412073,-1.49955922762026
3.004845380783081,-0.09245394183811126,0.43681170900626304,-0.06876852095356467,1.9887055861041483,2.073494426502664,0.2972727656724854,-3.665696057131562,-1.3705678301828512,7.316288510187224,0.07558506297466432,0.36900109818854043,-0.29104159237881166,3.650672598476074,-1.8888300100909632,-1.499622646962301
3.006875991821289,-0.09243179234243143,0.43681125961883155,-0.06876864480535953,1.9887300595128403,2.073486142512855,0.2972915920640602,-3.724983745293627,-1.675222542297799,7.493332277391391,0.07860978919844028,0.3639247288268571,-0.28612971059823494,3.650613470668457,-1.8888338247882288,-1.4996588865863245
3.0089187622070312,-0.09241822426853417,0.4368575688090414,-0.06873560820761922,1.9887724417843344,2.073540615056075,0.2973776969660215,-3.751762743789666,-1.523978631319451,7.444984451469379,0.07044565569029415,0.3629240594992515,-0.2903409275370077,3.650589628810547,-1.8888285795794886,-1.499725643788473
3.0109612941741943,-0.09240739352359363,0.4368257294675914,-0.06875849206818972,1.9887573566415966,2.073537533773844,0.29721603129803786,-3.7511101073894677,-1.4415635138023433,7.424771537848935,0.06710442088977045,0.367986737693338,-0.28912981325146797,3.6506125169941406,-1.8887665907489222,-1.4997738043414515
3.013002634048462,-0.09240491394249445,0.43685467577845044,-0.06873512670406792,1.9887909261524785,2.07360659489532,0.29731959562601246,-3.6386564960723713,-2.038816645165964,7.4736031690897144,0.07524971273531082,0.3660475330270676,-0.2888944258242917,3.650531454677246,-1.8887651602374476,-1.49982196489443
3.015061140060425,-0.09239309100774107,0.4368472291820622,-0.06873863225422365,1.988791115153886,2.0736111566034836,0.2972589562268902,-3.6547096992486514,-1.717008187211748,7.543500213872,0.05821391545469684,0.36448418520703174,-0.29031162851611936,3.650538607234619,-1.8887375036822718,-1.4998629728900355
3.0170953273773193,-0.0923550430126368,0.4368421259416456,-0.06874201658064633,1.9887672707464756,2.0736218644301454,0.29717952325600727,-3.662941405121021,-1.6140826858827573,7.51794468613635,0.061325374273673475,0.3654865722777755,-0.30045526658916016,3.6505371767231445,-1.8887136618243616,-1.4999764601336878
3.019136905670166,-0.09233724231934093,0.43684688441345376,-0.06873012746162582,1.9888019382705922,2.0736055177633856,0.29722826274445147,-3.678350723897255,-1.7249708153946806,7.456525704901302,0.056663592896528385,0.3701219998604701,-0.28996486138828653,3.6505023676105957,-1.8887289206134241,-1.4999898115741175
3.0211780071258545,-0.0923313877480427,0.4368642212970671,-0.06872584784515892,1.9888975503098993,2.0735946421346787,0.29719277980297887,-3.795075691434936,-2.030357313038097,7.301624960516349,0.05805170336235959,0.36003401865846624,-0.2959876918845018,3.6504971224018554,-1.8886736075030726,-1.4999917189227503
3.0232203006744385,-0.09230936625909111,0.4368339711665786,-0.0687327311281087,1.9888020793735277,2.0736526292314252,0.297141591208136,-3.590108261502077,-1.7368284719301452,7.372713292583825,0.04761965986657886,0.3641477075697373,-0.2982748317258258,3.6504575449177246,-1.888672176991598,-1.50010854402651
3.025264024734497,-0.09231676325614918,0.4368738746167673,-0.06871604906895737,1.9888766040595887,2.0737183985540675,0.29717708196782683,-3.80769266702519,-1.7006519267299371,7.419394308270342,0.05026745834350384,0.363161550355201,-0.2963076991374158,3.6504146295734863,-1.8886211554156702,-1.500141445790426
3.0273051261901855,-0.09229705040596656,0.43684978936931196,-0.06872720372187878,1.9888765018912962,2.0736848508992356,0.2971017697191688,-3.8335522391754395,-1.9228087221816794,7.421404305454354,0.04885354774038855,0.36709765693917157,-0.29705490740621565,3.650418444270752,-1.8886058966266077,-1.5001662413226526
3.0293469429016113,-0.09228080976644179,0.4368297410450792,-0.06873759029691935,1.9889119045416188,2.073666037785281,0.29699084958360117,-3.757828552637865,-1.7545069045256014,7.478631155345948,0.04115087696357361,0.36762842237027415,-0.2981384165440813,3.6504217821308593,-1.8885505835162562,-1.5001991430865687
3.0313880443573,-0.09224490583295772,0.43687069165206566,-0.06870424462974141,1.9890051221991547,2.073652756562721,0.2971081920106526,-3.6041181141321195,-1.6746550720871718,7.350278459762593,0.04415341636524399,0.36943913102829457,-0.30318973248222536,3.6503659921833496,-1.8885696570025843,-1.5002434889422815
3.0334298610687256,-0.09224645885234994,0.43685766574549556,-0.06871331545440301,1.9889575308829146,2.073679134693744,0.2970395192711761,-3.6550852416050845,-1.8031401176464013,7.3124236289042885,0.03995265359394716,0.3668207327679425,-0.30203675796195445,3.6503893572041015,-1.8885491530047815,-1.500279728566305
3.035470962524414,-0.0922205499178192,0.436853865659089,-0.06871700216927218,1.9889623857497016,2.0737076806586363,0.29699558536782356,-3.766458787082038,-1.8752967726461653,7.385348262871886,0.03891008702177616,0.36648126410822,-0.30339187638299636,3.6503373819538574,-1.8885176817523401,-1.5003708044635218
3.037536382675171,-0.09221891700157223,0.43683637042974427,-0.06872928980807362,1.988886704898121,2.07375644033711,0.296885144070417,-3.7159093708178017,-1.7493070699196551,7.31048538014411,0.03495383068653495,0.364740548286188,-0.30484987523385576,3.6503726679035644,-1.888481918965475,-1.5004447142230433
3.039583206176758,-0.09219666428551532,0.4368436396381189,-0.06871176509720961,1.9889925031642648,2.073729600151006,0.29692791290088577,-3.495362869453622,-2.0263696114477936,7.428223025505284,0.038223111971589424,0.3709910904074256,-0.3013983981463266,3.650313063258789,-1.8884661833392542,-1.500451389943258
3.041663646697998,-0.09217908106326238,0.4368358726614017,-0.06870964058711165,1.9889722988240381,2.0737492797714134,0.2968842645943911,-3.5052012220140694,-2.0476291207287804,7.319625958507231,0.03680132683111448,0.3662281058127781,-0.30417332341720954,3.650313063258789,-1.888449494038717,-1.5005181471454065
3.0437049865722656,-0.09217246632727294,0.43685440689403743,-0.06870146063949265,1.988994458881809,2.0737930565506297,0.2968978316908333,-3.579622706991669,-1.9387320739866796,7.522835616281609,0.03535663982449752,0.3627656428243903,-0.3063291186232846,3.650277300471924,-1.888425652180807,-1.5005701223956507
3.04573917388916,-0.09215487648682665,0.43686186975732405,-0.06870179694280618,1.989063660650361,2.0737634108172536,0.29686556289216476,-3.740701743972636,-2.1609630944160214,7.361587172258667,0.034584337996731544,0.3593488980545077,-0.30215549721203394,3.6502653795429687,-1.8883946577655237,-1.5005829969989222
3.047786235809326,-0.09212740538402567,0.4368626967026744,-0.06869608331473764,1.9890535741849775,2.0737829809356763,0.296874228519796,-3.8198556735031794,-2.0133714090897428,7.562760307643484,0.027473522798618283,0.36167062575702397,-0.30227307515345,3.650221987361572,-1.8883979956256312,-1.500662628804342
3.0498342514038086,-0.0921153119782851,0.4368392133146298,-0.0686906024170893,1.9890354791908267,2.073808244157274,0.2967894793911435,-3.6031875359569185,-2.043889601884602,7.5045607027717764,0.029752827568658685,0.36753986770338964,-0.30656227885523124,3.650245352382324,-1.8883584181415003,-1.500726048146383
3.051865339279175,-0.09210823983949304,0.4368458893449119,-0.06869691108711753,1.989062777675377,2.073844654721576,0.2967799215223116,-3.536919239424838,-1.7538512871410563,7.58155119399491,0.019026525723710955,0.36701776083025756,-0.30889899986098407,3.650174303645752,-1.8883255163775843,-1.5007737318622034
3.053896188735962,-0.09207966271606052,0.4368408594420763,-0.06869545038931266,1.9890831757173604,2.0737956006443956,0.29674195351860283,-3.5372875411911697,-1.9979616023974163,7.684571686190815,0.02251270113805641,0.3673133246681386,-0.3049556239392379,3.6501967149921875,-1.8883255163775843,-1.5007994810687464
3.055933713912964,-0.09207096476978079,0.4368592151665691,-0.0686857238558759,1.9890860899592577,2.0738255853909404,0.29679704607657614,-3.7696555907509564,-2.2005997107864856,7.704499503979045,0.019611318007106915,0.3613932598263175,-0.3076088882682115,3.6501571375080566,-1.8883360067950647,-1.500838581715719
3.057962656021118,-0.09204096556706377,0.4368471067716386,-0.06869231119161505,1.9891120141062184,2.0737846444313273,0.2967192827310435,-3.6161266766010876,-2.1586593615971625,7.572903576115129,0.020049012091474736,0.36396136221267855,-0.3102188448288613,3.650164766902588,-1.8883121649371546,-1.5008800665484827
3.059990644454956,-0.0920443638814607,0.43685992522679995,-0.06867657601534938,1.9891047053385422,2.0738903436432854,0.29673413206542537,-3.612760184393653,-2.124773215802469,7.603599445016972,0.016870834722631137,0.3556454285252184,-0.31268080913836943,3.6501142221638183,-1.8882725874530237,-1.5009658972369593
3.062018394470215,-0.092032421603964,0.4368684582143865,-0.06867908985805168,1.9891463019076179,2.0738709412595706,0.29674350022026585,-3.5769539321610133,-2.466386593097825,7.70173355760852,0.020675457252535515,0.35341478233931095,-0.313466352211327,3.6500817972370605,-1.8882678190814417,-1.5009706656085413
3.064046859741211,-0.09201220742456429,0.43685274739058894,-0.06867970837731452,1.9891362121370944,2.0738923726666676,0.29661454282763905,-3.8441453877556833,-2.147087370105541,7.38492485779111,0.009537130365913582,0.3483504879986938,-0.3143330329412628,3.6501199442097167,-1.888207737599508,-1.5010584036456507
3.066082239151001,-0.09198697912307593,0.4368544916270537,-0.06868191068202303,1.9891562709431756,2.0739018581262636,0.2966151932454106,-3.7094899685975418,-2.2997848481917105,7.593093288411276,0.010391534985444553,0.3584776414850325,-0.31533346140823176,3.65005271017041,-1.8881977240191858,-1.5011218229876917
3.0681347846984863,-0.09197110782041881,0.436849653986772,-0.0686688420110137,1.9891644855504087,2.0738895981844285,0.2966473888152273,-3.6872027057334122,-2.2055863261989734,7.656549724022078,-0.002180024050565957,0.36237238673362093,-0.3098417452925511,3.650040789241455,-1.8882158438311976,-1.501138989125387
3.0701589584350586,-0.09197116446061038,0.4368538414694856,-0.0686686794771888,1.9891838497299212,2.073958357747605,0.2965823947379504,-3.5090176101850354,-2.297269594090739,7.778727666678203,0.0046398829058923174,0.36864418680812383,-0.31937333126142664,3.6500131326862792,-1.8881457487689417,-1.5012100378619593
3.072183847427368,-0.0919535409920527,0.4368625704519943,-0.06866396122833976,1.9892322487583836,2.0739630454405455,0.2965787840326996,-3.671571443823112,-2.1958682927459434,7.747705808876366,-0.0027253785586946466,0.36248796178691506,-0.3187744812361737,3.6499735552021484,-1.8881214300738733,-1.5012505690204065
