Timestamp,Pose_X,Pose_Y,Pose_Z,Pose_Rx,Pose_Ry,Pose_Rz,Force_X,Force_Y,Force_Z,Torque_X,Torque_Y,Torque_Z,Q_w1,Q_w2,Q_w3,Y
0.002053976058959961,-0.06620702429156698,0.4362255383332949,-0.06557383822301398,2.198897196162114,2.2303423915043936,-0.040445893995703516,-0.7472338421029837,3.4548564088647633,-6.13553026559463,0.3554003033805871,0.015940482758559825,0.10758361584741012,3.6105891901203613,-1.5609806219684046,-1.7400758902179163,3
0.00408935546875,-0.06621183064454697,0.4362214904159205,-0.0655762885836713,2.19893990982311,2.230323728770367,-0.04044993257777887,-0.8144926874371305,3.1529954590719846,-6.0300713526331675,0.3555775233727746,0.011881976397988893,0.10833976200605114,3.6105620104023437,-1.560965363179342,-1.7400482336627405
0.006111860275268555,-0.06620161071366754,0.43622608047150707,-0.06557319037949486,2.1989364130400264,2.2303179789247465,-0.040456019280623964,-0.9689109540351618,3.244914941924514,-5.969883346630698,0.3438027622026945,0.009843102846435794,0.10865766457064852,3.610588236446045,-1.5609687010394495,-1.7400673071490687
0.008134603500366211,-0.06621259191267719,0.43621093569378955,-0.06558385828442514,2.1989230195950786,2.230297648560384,-0.04050539248037309,-0.6002632707302856,3.4607927541359067,-5.834293975185966,0.33236098634389694,0.017093200918172364,0.10316962476663949,3.610600157375,-1.5609687010394495,-1.740044418965475
0.010196685791015625,-0.06621528889745366,0.4362058441491056,-0.06558044457431328,2.198913764608037,2.230296038498969,-0.040489593579929255,-0.5176965424928108,3.317106829883077,-5.541317599257505,0.3300557076434701,0.024920762538077842,0.11387262765291506,3.610600157375,-1.5609806219684046,-1.7400358358966272
0.012230873107910156,-0.06620766589527391,0.43620309659026835,-0.06558747884896371,2.1989320381726563,2.2302720763510226,-0.040499610738625735,-0.5139621621262289,2.899034728507626,-5.387790907783482,0.33674601900474993,0.017080206667741415,0.1096525405785933,3.6105848985859375,-1.5609806219684046,-1.7400358358966272
0.014271736145019531,-0.06621472759354016,0.43623574369751716,-0.06556720607884954,2.1989151352753002,2.2303251279649445,-0.04040098124593917,0.0166117005628348,3.0456788157147243,-5.600975443697561,0.3305139046387567,0.0030252760830312064,0.11541798405889032,3.6105891901203613,-1.5609963575946253,-1.7400277296649378
0.016318798065185547,-0.06620849751444288,0.4362395280210255,-0.06556533451347493,2.198979554209786,2.230286282407383,-0.0404364536165179,0.1886573081353274,2.6773190067521195,-5.182874344221556,0.33094440786813484,-0.025646570218981084,0.11563597089060568,3.6106087404438476,-1.5609687010394495,-1.740011994038717
0.018417835235595703,-0.06622215151101474,0.4362296319603062,-0.06557543231271187,2.1989186496234616,2.230336433543467,-0.04044168988039709,0.016261420776286936,3.103150884665574,-5.124997025130545,0.3201663977784934,-0.03635159831129379,0.127125083125439,3.610577269191406,-1.5609725157367151,-1.7400315443622034
0.0204925537109375,-0.06620750059089743,0.4362250806762093,-0.06557679462085451,2.1989686545555456,2.230232323195818,-0.04045049790275819,-0.18016067426156748,3.1895950376947697,-5.22927312634853,0.32748974685025095,-0.04424750834294997,0.13119193792991324,3.610612078303955,-1.561000172291891,-1.7399805227862757
0.022526025772094727,-0.06620523519013435,0.4362191632402045,-0.06557737005567901,2.1989407419841185,2.2302230229863684,-0.04042439808840461,0.10921223656258361,3.1960808855325795,-5.118877525101803,0.32408587074011924,-0.0716818502396507,0.1398602959122846,3.6106087404438476,-1.5610311667071741,-1.73997670808901
0.024552106857299805,-0.06622848828231859,0.4362306727624202,-0.06557318852524935,2.198958583730219,2.230255043243238,-0.04038522509531475,0.8091532781332392,2.851144771342653,-5.1046118121795585,0.33092571095868234,-0.09469953711256487,0.1381643644691249,3.6105729776569824,-1.5610163847552698,-1.7399333159076136
0.02657341957092285,-0.06622621006661313,0.436204551321836,-0.06558904851661046,2.1989478896733154,2.230201210670713,-0.04046278984218334,0.7947593323873502,3.088349403363014,-5.059098052500196,0.33250963687280605,-0.11105881161831076,0.14659998473819336,3.6105968195148925,-1.561024014149801,-1.739924732838766
0.028594970703125,-0.06623114707093147,0.43622457078189597,-0.06558148271295088,2.1989350929190494,2.2302330596905766,-0.04038098689229331,0.48936706136264774,2.969297131674272,-4.967398105672871,0.3403332943513618,-0.1168327331170722,0.16663734036949873,3.6105691629597167,-1.5610435644732874,-1.7399128119098108
0.030616283416748047,-0.06624229609417971,0.43620952019623077,-0.06558910982258166,2.1989523866955794,2.2302146430632885,-0.04043347422449921,0.8455718520783271,3.071164996237184,-4.8276833512863355,0.33993862104961176,-0.1204621764463613,0.17137276345034672,3.6105691629597167,-1.561024014149801,-1.7398889700519007
0.0326540470123291,-0.06624100172563302,0.43622364520172274,-0.0655895200576915,2.1989959175941123,2.230177930233041,-0.04043260755688018,1.2712467643047252,3.0568087704220632,-4.761796741489654,0.33801743888019925,-0.141980611402253,0.18313203063405042,3.610581083888672,-1.5610201994525355,-1.7398527304278772
0.03470039367675781,-0.06623860968342422,0.43622101861893947,-0.06559215129027529,2.199011292511622,2.23016057131247,-0.04043605850977334,1.7161599963592686,2.9460982217018246,-4.647977905221801,0.3465297072636346,-0.15853112673667352,0.19465149214628855,3.6105729776569824,-1.5610201994525355,-1.7398446241961878
0.03676033020019531,-0.06626369663900536,0.4362189199670049,-0.06558639228169483,2.198992721029831,2.2301896860150063,-0.040416357697832105,1.5084723720194149,3.095535442816175,-4.522868425363182,0.3337179136763205,-0.18200968065854442,0.2074512543778534,3.6105691629597167,-1.5610201994525355,-1.7398079077350062
0.038794755935668945,-0.06626292754452462,0.43621136648309117,-0.06559384377441249,2.199004394703642,2.2301672635783953,-0.040443087203905714,1.8727685057462204,3.4055750402416023,-4.201449920282404,0.32846440279938854,-0.18179738813283466,0.21252018796876626,3.6105643945881347,-1.5610163847552698,-1.7397998015033167
0.040818214416503906,-0.06625737086685114,0.43622405490008254,-0.06558771762245456,2.199022836617881,2.2301340471387476,-0.04038019028074023,2.0671422262441213,3.082228405815851,-3.8705434031195116,0.3323728069583307,-0.19642453035469504,0.23047132541774343,3.6105610567280273,-1.5610483328448694,-1.7397640387164515
0.04283928871154785,-0.06626684963491852,0.4362135093766223,-0.0655968849766782,2.1990007727877026,2.2301357025831403,-0.040369688106810915,2.0513066306962098,2.862837356129739,-3.873499191529516,0.3395109330074145,-0.2337106042313599,0.24156966546022393,3.6105257707783203,-1.561063591633932,-1.7397468725787562
0.04485917091369629,-0.06628709777288486,0.43621785818423,-0.06559446872555184,2.199024247747467,2.230144398017397,-0.0403587191550832,2.6335012924176557,2.8649778978478064,-3.796600246469444,0.3267464155402115,-0.25762980696071086,0.25096478481547924,3.6105100351520996,-1.5610483328448694,-1.7397006193744105
0.046880245208740234,-0.06629190082333081,0.43623349814878776,-0.06558708342718632,2.1990665758678136,2.230116415583396,-0.04032383549015962,2.508877697770261,2.50912269326743,-3.748081431607792,0.32484059770217466,-0.2860459102138323,0.27041219097792185,3.6105171877094726,-1.5610526243792933,-1.7396486441241663
0.04890108108520508,-0.06629194443383206,0.4362209596407949,-0.06560201874498289,2.1990611450537934,2.230066159904348,-0.040322999123586646,2.3787612922024537,2.2590330448642373,-3.4929962975247304,0.3324922024808335,-0.2991119043139296,0.28488337855653495,3.6104933458515625,-1.5610845724688929,-1.739612881337301
0.05092763900756836,-0.06631033341962991,0.43623160779996983,-0.0655928171547045,2.1990816979733343,2.230114350109947,-0.04034218131661319,3.1449180736096,3.3590960121734192,-3.7223773670355342,0.31220211638949485,-0.30052858594625836,0.28455269322848925,3.610504313106201,-1.5610373655902308,-1.739608112965719
0.052956342697143555,-0.06632450269782683,0.4362294713400191,-0.06559689652450362,2.199061196206855,2.23009258878102,-0.04031069381718761,2.4125847019716153,1.8342060559116233,-3.4271198877701425,0.34316018581919233,-0.3369406610438523,0.32603432855888165,3.610497160548828,-1.5610721747027796,-1.7395527998553675
0.05504155158996582,-0.06633085589032468,0.4362171483321618,-0.06560761046932284,2.199093622660948,2.230057205311375,-0.04033508338402301,3.364201438921739,3.247665455860798,-3.721345674557903,0.3130895236491551,-0.3501673492777481,0.30914944987683324,3.610469027156494,-1.5610645453082483,-1.7395170370685022
0.057064056396484375,-0.06635469993827833,0.43619133868694304,-0.0656235561647543,2.1990377498295675,2.2300583948931365,-0.04036155215287385,3.1640812876731235,2.2865174680742606,-2.9703388728671323,0.3343228004497149,-0.37546386430000184,0.34512591829891925,3.6104489999958496,-1.5610845724688929,-1.7394841353045862
0.05908536911010742,-0.06635861248752681,0.4362242807312758,-0.06561037729998526,2.199083620528642,2.230061049659887,-0.04027783522054058,2.603402881421842,1.2433984698626532,-2.533517854597849,0.3519626877445011,-0.4016568263655903,0.3741735158590933,3.610433264369629,-1.5610879103290003,-1.7394402662860315
0.061105966567993164,-0.06635961049792428,0.43623383350546424,-0.06560553428324119,2.1991677823063376,2.2300071619146937,-0.040250405734429846,2.8935500002105723,1.0233015344045304,-2.113768508471244,0.35747843988721373,-0.40436079975062844,0.3880358688112308,3.610417528743408,-1.5610807577716272,-1.7393763701068323
0.06312704086303711,-0.06638191149810768,0.43622657601542253,-0.06560279939741102,2.1991559665892515,2.230002709560686,-0.040249584766003724,3.197526490627355,1.4639499835875769,-2.168264543107337,0.3488012505221466,-0.4180294287792895,0.39323756969688123,3.6104318338581542,-1.5610888640033167,-1.7393248716937464
0.06514811515808105,-0.06639606999323804,0.43622733825175336,-0.06560874361836434,2.1991727435449566,2.2299925565749255,-0.040227621964820756,3.903898186587223,2.131879166584869,-1.8844560677721376,0.32847437005527924,-0.4241663777435505,0.39053104469918015,3.610393686885498,-1.5610926787005823,-1.7392767111407679
0.0671689510345459,-0.06639888590187153,0.4362530429481396,-0.06560357374765009,2.199179752675516,2.230009143542682,-0.04015935448296023,4.251183667330319,2.516273461321708,-2.015598365804054,0.3189203651588249,-0.42638089164148385,0.39431508666152193,3.6103731828876953,-1.5611045996295374,-1.7392566839801233
0.06918883323669434,-0.06641960442140836,0.43622707996768123,-0.06562074328670207,2.199178693988705,2.2299475393700785,-0.04020890396479545,4.360356560332844,2.841823978332108,-1.894961719291922,0.3055561738060979,-0.4239788085432321,0.40689111689577767,3.6103731828876953,-1.561120335255758,-1.739180866871969
0.07120895385742188,-0.06642928822922796,0.43622217778108624,-0.06561722179962554,2.1992002049162274,2.229927396386421,-0.04017240334757793,4.5813233755495375,3.151893475411432,-1.698582165491888,0.2946865857024923,-0.42203168140460195,0.41111761945289543,3.610349341029785,-1.5611327330218714,-1.7391331831561487
0.07322978973388672,-0.0664432329827874,0.4362329689326046,-0.06562091618344258,2.199252027477372,2.229891068850191,-0.04019934295766445,4.5682516587886175,3.380542905601191,-1.664484003313275,0.2902498285786151,-0.42426350242897465,0.4210553516008481,3.6103645998188476,-1.5611127058612269,-1.7390692869769495
0.07525014877319336,-0.06646081860358063,0.43624691575245983,-0.06561243024577752,2.1992543188489155,2.229904519219671,-0.040099138454308014,4.7757681659287785,3.4733338512335084,-1.7732460285877623,0.2914347264735278,-0.4399628113572856,0.43108701157557766,3.6103216844746093,-1.5611403624164026,-1.7390096823321741
0.0772709846496582,-0.06648545879880735,0.4362203860096781,-0.06562457512065566,2.199186141796079,2.229884833298778,-0.040133879911515444,4.911769917319227,3.534505310621336,-1.6796600768569738,0.279881667587205,-0.4665939427278363,0.44902845782957823,3.610344572658203,-1.5611756483661097,-1.7389615217791956
0.07929229736328125,-0.06649186987781858,0.43622599052874494,-0.06563232140383006,2.1992444994337226,2.229866828050638,-0.04015239255782381,4.020048766382907,2.5063579562927547,-1.6701114057516318,0.2859977539479211,-0.5271366367255228,0.47864934439375595,3.6103131014057617,-1.5611456076251429,-1.7389290968524378
0.0813131332397461,-0.06650724308296806,0.4362298037722829,-0.06563338647820864,2.1992015213386495,2.229867516771519,-0.0400878028547456,5.0047653235367795,3.1127900710883827,-1.5093099541476516,0.28044156800638786,-0.555028946901626,0.4738769292763581,3.610297365779541,-1.561192814503805,-1.7388809362994593
0.08333349227905273,-0.06650859136177585,0.4362209411488919,-0.06562700990082955,2.1991900377909834,2.2298297946056898,-0.04002544972232549,5.366253184744457,2.618014076628194,-1.287057422218883,0.29549481161418767,-0.6195461188780326,0.4957041991285705,3.610293074245117,-1.5612438360797327,-1.7388365904437464
0.08536815643310547,-0.06652360756821968,0.4362149878284957,-0.06563841310359911,2.1992194053070344,2.2297658552809705,-0.040010328757184035,6.0373844050743655,2.4433657680130962,-1.1885706608761737,0.3011209390694037,-0.6685832789290018,0.5094147622764775,3.610264940852783,-1.561268154774801,-1.7387459913836878
0.08738899230957031,-0.06653602719667978,0.4362233373187382,-0.06563265673127291,2.1992255594978496,2.229771135806227,-0.0399906716828346,6.431322655148798,2.7464844777705846,-1.117549966630907,0.2954627060774673,-0.70518822444381,0.5137844632550577,3.6102725702473144,-1.561268154774801,-1.7387130896197718
0.08941340446472168,-0.06655469984682236,0.4362212846878907,-0.06564652998282226,2.199172522927342,2.2297694579730205,-0.03998396427155478,6.198698141007976,2.4660843824609975,-1.1909268285341188,0.29400561943915593,-0.7401238290057628,0.5349559202995819,3.6102639871784667,-1.5613005797015589,-1.7386725584613245
0.09143400192260742,-0.06655847275066064,0.436223717631981,-0.06563379541104457,2.199215680731573,2.2297373371269975,-0.039870228506213,6.9025158151811805,2.4068657030017233,-1.1491635463599783,0.29884640145486935,-0.7567156187956895,0.5405288735355597,3.6102096277424316,-1.5613368193255823,-1.7386053244220179
0.09345316886901855,-0.06657597224224432,0.4362255289075497,-0.06564099902023347,2.1992320248235795,2.2296819073994185,-0.03988470665180383,7.071461011964407,2.238427405016289,-0.8699660857139925,0.30034989652531263,-0.7934500856742432,0.5520001316232924,3.6102329927631835,-1.5613520781146448,-1.7385214010821741
0.09548711776733398,-0.06658038628341256,0.43622681487360637,-0.06563783328553076,2.199255184191016,2.229625953749596,-0.03982727652896762,7.575337970725664,2.4451037246637606,-0.9339159018262618,0.2919146510591464,-0.8203241962297535,0.5347836684091617,3.610224409694336,-1.5613916555987757,-1.7384493986712855
0.09751176834106445,-0.06663305245441693,0.4362262013780484,-0.06564618195201533,2.1992409150538017,2.2296201564641716,-0.03978220888953727,8.1081033909937,2.414541423089634,-0.5338988196209093,0.2772940926815308,-0.8636755778625264,0.5179013537980206,3.610184832210205,-1.5614169279681605,-1.7383135000811976
0.09953093528747559,-0.06663655640729112,0.43621370509047536,-0.06566266296213338,2.1992423926217133,2.2295430059142247,-0.03978872111987297,8.377209844398799,2.2740342508335916,-0.38719065211341297,0.27376680243481627,-0.8625646448754811,0.5111157023972454,3.610177679652832,-1.5614569822894495,-1.7382491270648401
0.10155105590820312,-0.06666459448684775,0.43621118985117713,-0.06565511373208695,2.1992649289495376,2.229550970532994,-0.03975892457707859,8.15114435741845,2.3429686396333005,-0.37815456584208146,0.27683107728805634,-0.875314064100593,0.5080755926380152,3.610156698817871,-1.5614493528949183,-1.7381823698626917
0.10357451438903809,-0.06667427754897595,0.4362335953295744,-0.06564800171387762,2.199292149556485,2.2295267552702716,-0.03967821182401327,8.109690233077645,2.328103828776843,-0.27792854871363865,0.2810154069402224,-0.8851372964997894,0.5049421282507467,3.610144777888916,-1.561477009450094,-1.7381098906146448
0.10559892654418945,-0.06669456044737507,0.43621930065878634,-0.06565472558622987,2.1992861507485553,2.229486350788098,-0.03967127887471392,8.284478050284568,2.5830266897258713,-0.11573513972183294,0.2801924405332254,-0.8881791414897406,0.49844886246108405,3.6101366716572265,-1.5615046660052698,-1.7380345503436487
0.10764694213867188,-0.0667415610718483,0.4362040657812197,-0.06565770300395478,2.1992117578735515,2.229531117511895,-0.03968617236105264,8.285303428845317,2.579135987841311,-0.007685374497762715,0.28380369556785306,-0.8869123180001967,0.5021338393108135,3.6101485925861816,-1.5615132490741175,-1.7379782835589808
0.10967612266540527,-0.06674641693064036,0.43622141410381,-0.06565429105230823,2.199298629922808,2.2294735367101057,-0.03960903613345217,7.7686507315729125,2.3610896299061337,0.12005003277962062,0.2987612511276881,-0.8887770161723954,0.49566862187512245,3.610100432033203,-1.5615251700030726,-1.737887207661764
0.11170411109924316,-0.0667770125310256,0.43621120534278296,-0.06565941794206757,2.199211995567707,2.2295113233711974,-0.03963344171838046,7.664939564655897,2.4221023588873827,-0.07409437203030206,0.30657284430395104,-0.866596926148417,0.5025129689255176,3.6101314264484863,-1.5615418593036097,-1.7378647963153284
0.11373209953308105,-0.066792875899803,0.4362070092738974,-0.0656624700875083,2.1992084371440948,2.229456662294528,-0.039614894002487556,7.104054558842183,2.3225179408952403,0.09373104774857405,0.31210890048542944,-0.8560908280526766,0.4997139128610206,3.610147638911865,-1.5615804831134241,-1.7377813498126429
0.11576128005981445,-0.06682456219887332,0.436222155505628,-0.06565917290156782,2.1992239342269233,2.229502017051892,-0.03958096313333603,7.13733154235969,2.7906993937470905,0.09815057297797294,0.30836791798802987,-0.834364117709272,0.495448917140773,3.6101113992878417,-1.5615571180926722,-1.7377293745623987
0.11779046058654785,-0.06682699465295304,0.43621143112379174,-0.0656718770983288,2.1992281694332103,2.229404190996037,-0.039541924429267586,6.767802150168795,2.4511017973443594,0.336283956745523,0.31789489486664957,-0.8346125801460808,0.4937522752936176,3.610095663661621,-1.5616243521319788,-1.7376387755023401
0.11981892585754395,-0.06686591859296136,0.43621648971579907,-0.06566831199043703,2.1992647842262483,2.2294137030704304,-0.039506067406364205,6.919729465959318,2.36722313446355,0.4160105073214032,0.31597455497433613,-0.8303417487104703,0.4953199723279748,3.610057516688965,-1.5616095701800745,-1.737542454396383
0.12184548377990723,-0.06689498684359946,0.43621874040884867,-0.06566582423180872,2.1992327433991776,2.2294164902753666,-0.03945260974649211,7.043553779040566,2.68102077774614,0.7063948016368202,0.31473323066621584,-0.8250645764084225,0.4950023581980949,3.6100527483173828,-1.5616443792926233,-1.7374666372882288
0.1238703727722168,-0.06693567299788578,0.4361946357086653,-0.06567258338720462,2.199183010337554,2.2294856730972823,-0.039530126670589,6.617773198164642,2.7063873876004214,0.7477964398393441,0.3103649688947928,-0.8245856465830941,0.4932112500658847,3.6100527483173828,-1.5616024176227015,-1.7374609152423304
0.1258995532989502,-0.06695300121007841,0.4362078994204493,-0.06567578001419558,2.1991906000342314,2.2294390566385345,-0.039449602440207066,6.608540478745204,3.097067621396604,0.8566138649840884,0.3038294893822898,-0.8066934495795011,0.49154294079153943,3.6100284296223144,-1.5616534391986292,-1.7373579184161585
0.1279284954071045,-0.06699458116547857,0.4361932372187599,-0.06568312387159561,2.1991859082952643,2.2294201246555634,-0.03948746224030649,6.318056341637719,2.518730653647354,0.9368441485257855,0.31321703167822135,-0.8036029083933866,0.4966641932279652,3.6100403505512695,-1.5616501013385218,-1.7372615973102015
0.1299571990966797,-0.06700115162924856,0.43621025734950086,-0.06567694583822059,2.199144933790158,2.2294078969584175,-0.03936768667234789,6.536954596254123,2.6247081975311577,1.0766484759863484,0.31493964687693105,-0.7949797201659285,0.4931930624119023,3.6100284296223144,-1.5617244879352015,-1.7372048536883753
0.13198518753051758,-0.06704074296882649,0.4361870120701627,-0.06568311670401722,2.19914253275153,2.2293819967955844,-0.03939169913099675,6.847741225324521,3.013545329154218,1.0108134201232872,0.3067361229677359,-0.7995964242130525,0.48958929337810886,3.610024614925049,-1.5617292563067835,-1.7371071020709437
0.13401484489440918,-0.0670620802148663,0.43620051032311163,-0.06568012358286457,2.199136294337431,2.229376497406982,-0.039350664724169114,6.581166828444302,2.424052126257969,1.203870185626039,0.32821237887771804,-0.8194255337089238,0.4952964938593468,3.61003224431958,-1.5617497603045862,-1.7370389143573206
0.13604331016540527,-0.06709157229684456,0.43619136448002543,-0.06568439600599539,2.199012384808079,2.2294335766002464,-0.03929009464116708,7.166056942726425,3.4477308008096075,0.9737883388900519,0.3188451744419829,-0.8099771641905583,0.4878099566703618,3.6100126939960937,-1.5618088881122034,-1.7370169798480433
0.13807249069213867,-0.06713076656097225,0.4362066918764848,-0.06567399767318781,2.1990863281143076,2.2293896588377877,-0.039246407052146964,6.786906740886941,2.868846173487947,0.9104146973091022,0.3389389006889547,-0.8162175469459464,0.48845090563728044,3.6100165086933593,-1.561805550252096,-1.7368677298175257
0.14010119438171387,-0.06714518615710956,0.4361971805164785,-0.06568126301888852,2.1990403074407427,2.2293795887038064,-0.039151891231734307,6.689379861539479,2.9264899496828662,1.0380013021991914,0.3527487402018069,-0.812113710228036,0.48774275147675394,3.6099492746540527,-1.5618723074542444,-1.7368109861956995
0.14212918281555176,-0.06716842334647681,0.43620551080613434,-0.06568012582604225,2.1990491984903975,2.2293476415796074,-0.03913613061505013,6.9884860505257915,3.1072977175656304,0.9281467207679914,0.35559775493181,-0.7983968960483415,0.4888098538165436,3.609973116511963,-1.5618894735919397,-1.7367237249957483
0.14415812492370605,-0.06720183766641441,0.43620967626777585,-0.06567062938057962,2.1990006645196796,2.229392360660424,-0.03910464600064217,7.011580337162327,3.1805742211149943,0.9616147310046438,0.3602748988211595,-0.797052621527383,0.4808445534841389,3.609992666835449,-1.5619013945208948,-1.7366779486285608
0.14618682861328125,-0.06723520037068408,0.4362138936000219,-0.0656768428679092,2.198999363708516,2.229351293357395,-0.039044764820765826,6.96235727178452,3.429222005116186,0.9972412757038114,0.3704366115160929,-0.7922750830074728,0.4833540918757318,3.609968348140381,-1.5619457403766077,-1.736551586781637
0.14821505546569824,-0.06726654879568873,0.436184018834572,-0.06568488754925715,2.198931579977886,2.2293343630098614,-0.03906090645152557,6.874587163461999,3.4597952441109108,1.040636424365601,0.37425401724395285,-0.7885666900680792,0.4818322219009112,3.6099840837666015,-1.5619857946978968,-1.7364867369281214
0.15024447441101074,-0.06728203290334982,0.43618807015350314,-0.06568607378863317,2.1989622721410162,2.229266054593488,-0.03900009802401117,6.548837963631484,3.24932580597204,1.2342451825501335,0.3838178574428882,-0.7852353344940451,0.482708459241739,3.609968348140381,-1.562028710042135,-1.7363765875445765
0.15227532386779785,-0.0673179671863773,0.43621039070528683,-0.06567861288425064,2.1988986251510254,2.229342110949522,-0.03891253378005628,6.52853091455676,3.2502523321491776,1.3098661163945073,0.38693205896897465,-0.7799002183002672,0.484126215751855,3.6099492746540527,-1.5620525519000452,-1.7363312880145472
0.15430736541748047,-0.06735210624069426,0.43619958219204974,-0.06568237666111088,2.1988969073984377,2.229323764778341,-0.038904532275789584,6.189314756657004,3.393269433046314,1.3660913915569144,0.3879957999451971,-0.7712758219816213,0.48366750671915204,3.6099373537250976,-1.5620649496661585,-1.7362397352801722
0.15633845329284668,-0.06737776140298926,0.43621608914187493,-0.0656857381809159,2.198814729665519,2.229353949659624,-0.038839970756052,5.877704710681936,3.371960732112264,1.3747999114217102,0.3910647053451773,-0.7699436802843367,0.4857151447834541,3.609940691585205,-1.5621169249164026,-1.7361906210528772
0.15836882591247559,-0.06742682045720215,0.43620344905597336,-0.06568349351267176,2.1988136552519966,2.22937333925895,-0.038863433676042336,6.049614092377594,3.3476431422166835,1.4998811089947324,0.390867850208588,-0.7621982055905431,0.4795534046422493,3.6099445062824707,-1.5620949904071253,-1.736103359852926
0.1604447364807129,-0.06746429368788971,0.436191108689878,-0.06568990690997227,2.1987949555325352,2.22936138519578,-0.038853229243672134,6.245527123522734,3.7107882945775956,1.6286760755701577,0.38243122345544756,-0.7427242496927341,0.4757074813326135,3.60992877065625,-1.5621140638934534,-1.7360108534442347
0.16251420974731445,-0.06749294032948232,0.43619531899383285,-0.0656828152318453,2.1987354397238037,2.22936660164103,-0.03878000450026081,5.914719411542344,3.9209367852516825,1.7466974560363995,0.4005341549262688,-0.7283907594998089,0.47534673312926445,3.6099445062824707,-1.5621703306781214,-1.7359350363360804
0.16454386711120605,-0.0675246259669885,0.4361873014627253,-0.06568758030429471,2.19869054059073,2.2293486817376693,-0.03876629280035516,5.582848346866536,3.7269705871934153,1.433673491311641,0.4016317413549361,-0.7424435970857888,0.47859666198644707,3.6099602419086914,-1.5622089544879358,-1.7358511129962366
0.16657304763793945,-0.06757040524267573,0.4361689243765779,-0.06570009141447641,2.1986403715197493,2.229358916878697,-0.038775544569632996,6.3364524123138,4.299580901687289,1.6134825033066655,0.39252698696959654,-0.7178830236257533,0.4639562750308932,3.609940691585205,-1.562225643788473,-1.7357671896563929
0.16860222816467285,-0.06758954660527755,0.4361684062372539,-0.06569724837802501,2.198633618045307,2.229312235019641,-0.03871508971667201,5.476560076792822,3.0101345587769437,1.7893872803400745,0.41195746642025105,-0.7359836395311831,0.4861098328265953,3.6099445062824707,-1.5622771422015589,-1.735671345387594
0.17063069343566895,-0.06763963090183575,0.43618405623720274,-0.06568977409175204,2.198597192465233,2.229371546773909,-0.038658940036248375,6.113544105910628,4.437188906969398,1.6245794403799687,0.4015918302327839,-0.7035971725331447,0.4575405752321,3.609936400050781,-1.5622823874102991,-1.7355874220477503
0.17265915870666504,-0.06767257198596105,0.4361923914165103,-0.06568202911359233,2.19855733861158,2.2293681171094253,-0.038571024758190894,5.3946773106630905,3.3901889851426388,1.6102221030280588,0.42648764659915583,-0.7111195207196923,0.47714048969595196,3.609940691585205,-1.5623377005206507,-1.7354877630816858
0.17468810081481934,-0.06768960876363335,0.436189663442105,-0.06568710371194289,2.19853203260744,2.229344628675883,-0.038546267742721504,5.9275245135382395,4.239802043630314,1.7420075749329504,0.4133510224450418,-0.686584814679992,0.4627893254151135,3.609940691585205,-1.562373463307516,-1.7354267279254358
0.17671608924865723,-0.06774028316457427,0.4361838709956819,-0.06568581287389756,2.1985027649758657,2.2293485649123417,-0.03852046016290591,6.0071313145597305,4.619133520724802,1.7131066304923257,0.40677571367734033,-0.6818702028436391,0.45464367135110634,3.6099445062824707,-1.5623944441424769,-1.7353113333331507
0.17874383926391602,-0.06777406758630503,0.4361915307169621,-0.0656807264729511,2.1985069388879235,2.2293374816103215,-0.038481796745419496,4.926534155697242,3.4191322686658774,1.6070906209658444,0.43108955014243694,-0.7025958025112968,0.4777619480909354,3.6099516588398437,-1.5624106566058558,-1.7352116743670862
0.1807718276977539,-0.06777636951028479,0.43618577577120304,-0.06569003151335717,2.198531625273645,2.229227530679411,-0.03842864232153858,5.726990629786054,4.1902135053593295,1.805174042192578,0.43396660596590336,-0.66686469000277,0.4691489752648396,3.609936400050781,-1.5624783674823206,-1.7351043860064905
0.1827986240386963,-0.06784114216923491,0.4361794304646964,-0.06568816574939843,2.1984327338406255,2.2293180391886818,-0.038400312291298706,6.033501927190695,4.411809003340147,1.9745068142208195,0.42993762853615036,-0.6574143096573393,0.4566950137405176,3.60992877065625,-1.5624902884112757,-1.7350323835956019
0.18482375144958496,-0.06786434480434628,0.436194233186413,-0.06568214025236199,2.198428785901098,2.229280729741209,-0.03832050671508431,5.730715216564818,4.416999959468731,1.9532327402351453,0.43744174954518117,-0.6658565752053021,0.45880504725975957,3.6099397379108886,-1.5625417868243616,-1.7349241415606897
0.18685269355773926,-0.06791163615221192,0.43619556434253176,-0.06568079293515938,2.198410235358869,2.2292915413057988,-0.03827040252801721,5.70184892653895,4.147216295330201,1.9879267945942873,0.4448321972686883,-0.6630972783391533,0.4610108478421981,3.6099201875874023,-1.5625622908221644,-1.7348125616656702
0.18888163566589355,-0.06793492203913462,0.4361921272710733,-0.06567707657224434,2.1983164144810723,2.22931003821881,-0.0382008760951227,5.56115763154163,4.2813656611683495,2.003106923106255,0.4420349607217521,-0.6615101466981895,0.46623529300486527,3.6099325853535156,-1.562629524861471,-1.7347667852984827
0.19091057777404785,-0.06797151688220153,0.4361875352716247,-0.06568141550357745,2.1983333801154146,2.229276709057145,-0.038186644928513154,5.481707729721306,4.19935837484613,2.0066672262721132,0.4408186709418619,-0.6567633893655798,0.4628640871345827,3.6099201875874023,-1.5626419226275843,-1.7346518675433558
0.19293928146362305,-0.06801867276134324,0.4361612485867197,-0.06569791899789595,2.1982696855150836,2.2292739552036567,-0.03823503971555556,5.317185952483756,3.996976073031638,2.1706507263645336,0.4481925953299148,-0.653957255786544,0.46893168608053337,3.60992877065625,-1.5626586119281214,-1.734567944203512
0.19496583938598633,-0.06804536412922381,0.4361765625926988,-0.06568134102348502,2.1982878377794357,2.2292346446102087,-0.038125772800361155,5.00314603805799,3.851455122876784,2.0301921489305172,0.45696508739387354,-0.6553969199101273,0.47244046024485015,3.609936400050781,-1.5627096335040491,-1.7344406286822718
0.1969907283782959,-0.06808982245025522,0.4361584604403308,-0.06569471524726439,2.198194105360339,2.229243675106995,-0.03813957453877373,4.949441796050723,3.835762836712315,1.9628213470697145,0.4550376032025803,-0.6534395526717668,0.4717577314176406,3.6099516588398437,-1.5627496878253382,-1.734363857899801
0.19901823997497559,-0.06812610823834607,0.4361604085717103,-0.06569464044173634,2.198139807970188,2.2292413254999865,-0.03808034993999768,4.839346275994116,3.9254336996106165,1.910693690499198,0.4467458700954101,-0.6480696583327474,0.47522063810407456,3.6099564272114257,-1.5628016630755823,-1.7342680136310022
0.20104217529296875,-0.06815349050973973,0.43618276895453967,-0.06568116162904566,2.198130582930602,2.229262181608301,-0.037972140506835624,4.796976194854517,3.6775828570334297,2.1416120575307986,0.4522019942754101,-0.6374739297940267,0.47727062661433034,3.6099397379108886,-1.5628340880023401,-1.7341879049884241
0.20306849479675293,-0.06819198265309878,0.4361816240705985,-0.06567826878718627,2.1981117833682275,2.2292616803003518,-0.037950365245647405,4.147079449072798,3.5603788934955554,1.9878215252822087,0.455526756426763,-0.6434256118438886,0.4793158301456639,3.6099516588398437,-1.5628507773028772,-1.7340953985797327
0.2050931453704834,-0.068224387107421,0.436183475076408,-0.06568400440774047,2.1980876078713485,2.2292220185567806,-0.03789357473539975,4.356933181205099,3.1298511062866265,2.0314049879586764,0.4665334859805886,-0.639307744940376,0.4788035502609812,3.6099445062824707,-1.5629060904132288,-1.733976189290182
0.20711970329284668,-0.06826826530406152,0.43619389091593475,-0.06567071456777983,2.1980430859283233,2.229267872687059,-0.03777868815825402,4.357280970864029,3.7555582735662068,1.9587667554722552,0.4506622705733989,-0.6373423816108837,0.4791675382263817,3.6099163728901367,-1.5629461447345179,-1.7338841597186487
0.20914530754089355,-0.06830800887744695,0.4361729972790453,-0.06569160945403622,2.1979964010009687,2.229247368455822,-0.037830364222576206,4.166118212347356,3.2612457239291186,2.1924790628975135,0.4610072234264879,-0.6320618507927075,0.4823590486996489,3.6099201875874023,-1.5629623571978968,-1.733800236378805
0.21118450164794922,-0.06834913667632586,0.43617168018620334,-0.06568319059665804,2.197985910555846,2.2292730079873424,-0.037798872642894756,3.605370000360355,2.8419794048817066,2.072761646734667,0.47276943224279694,-0.6252224245389149,0.492184430704578,3.6099163728901367,-1.5629633108722132,-1.7337196508990687
0.21322369575500488,-0.06838083146486941,0.4361704317663434,-0.0656832340620417,2.197943012187109,2.229206698771203,-0.037715713461534954,3.33082372452552,3.0153013529652046,2.141152780693517,0.47330496485056905,-0.6227727535676892,0.4951656860089352,3.609936400050781,-1.5630539099322718,-1.733577076588766
0.21525192260742188,-0.06843154657433867,0.4361529894221539,-0.06569280220268733,2.1978617723996288,2.22923618322242,-0.037742589823430255,3.4479218566178123,2.884222416939506,2.159130844877072,0.46984136971675133,-0.6179911692317709,0.4919630590228581,3.6099516588398437,-1.5630701223956507,-1.7335041205035608
0.21727848052978516,-0.06846296518345421,0.4362035722986685,-0.06566265209780171,2.19790289912927,2.2292711790389355,-0.03755594288469078,3.383017709691986,2.823582040572589,2.231030840783926,0.473330461090689,-0.6221097638134903,0.4932194087572127,3.6099163728901367,-1.5630953947650355,-1.733392063771383
0.21930861473083496,-0.0684973849035748,0.43617441159070836,-0.06567691062215615,2.197870981438336,2.2291897546125967,-0.037591680380055455,3.3010932103998636,2.750859200247978,2.1979678229318345,0.47959324221696936,-0.6205648538661598,0.4956274169825609,3.6099516588398437,-1.563143555318014,-1.7332690397845667
0.22133827209472656,-0.06853601754779509,0.43617213286413214,-0.06568243730899319,2.1978242776746026,2.229169320102507,-0.037560341621082356,3.188875299166391,2.8960641853692617,2.266698290853808,0.47668049598806916,-0.6181029767874664,0.4947854499489704,3.609963579768799,-1.563190762196676,-1.7331607977496546
0.22336721420288086,-0.06857486308046898,0.4361529750295541,-0.06568215426108742,2.197830205498573,2.2291254220896937,-0.03757644522684011,3.14473630504197,2.44309771963854,2.199125598207128,0.48654639387775633,-0.6153333200612672,0.49661752959307565,3.609987421626709,-1.5632036367999476,-1.7330458799945276
0.22541546821594238,-0.06859818318107581,0.43617920725105325,-0.06567678567199467,2.1978218068581006,2.2291121298775924,-0.03743538803515787,3.0009562347148937,2.6702389880746877,2.0419251520901467,0.4880744976048603,-0.6140337113657742,0.48998877331655855,3.6099483209797363,-1.5632675329791468,-1.7329381147967737
0.22745585441589355,-0.06865976388373991,0.43616701229960125,-0.0656810498296011,2.197736032033298,2.2291635470844584,-0.03744591060394498,3.0513834674067817,2.8062082069749383,1.9660712040649533,0.49418146971081856,-0.6112217122730436,0.4956913613954606,3.609963579768799,-1.5632794539081019,-1.7328522841082972
0.22949695587158203,-0.06869344390102697,0.4361809113947992,-0.06567428547136708,2.1977051741413014,2.2291756205037188,-0.03734093002547443,3.338760835865057,2.9299721215683765,1.7082794505875474,0.4969606078735933,-0.6177476672272336,0.49624392630249736,3.609940691585205,-1.5633276144610804,-1.7327564398394983
0.2315511703491211,-0.06872204302761217,0.43618988971373684,-0.06566156379930427,2.1977388881280078,2.229114316353318,-0.03727006444188671,2.9761924508326105,2.74106084145804,1.6361627158990957,0.49335546640737166,-0.6184490461389723,0.4959454550405601,3.6099602419086914,-1.563399616871969,-1.732490364705221
0.23357892036437988,-0.06879203642315745,0.43617162591790076,-0.065670863379567,2.1976563591827363,2.229077899590672,-0.037205447603559844,2.0012484916147018,2.9154965413178173,1.265647271694028,0.4980758622340703,-0.5700298933239643,0.49564545689863176,3.6099602419086914,-1.5634549299823206,-1.732424561177389
0.23560690879821777,-0.06882662687312012,0.436175198303458,-0.06566993759581678,2.197630929348812,2.2290793526497055,-0.03717984512350246,2.5529557363102473,3.6061071035085406,0.907179463861302,0.4822879145182809,-0.5606824982006884,0.48337584385756477,3.6099721628376464,-1.5634759108172815,-1.7323406378375452
0.23763513565063477,-0.06885503942127871,0.436184213354062,-0.06566543976820732,2.197588030501534,2.22905412127125,-0.03708548997923851,2.4922074394942526,2.7458807535103285,1.0730671757721337,0.48791568747900554,-0.5817440813456305,0.49391508780271326,3.609980269069336,-1.5635479132281702,-1.732232395802633
0.23966288566589355,-0.0688897186476791,0.43618211625212416,-0.06566128476225917,2.1975363460922708,2.2290636289386123,-0.03702921473521302,2.5960106641145675,2.6529985732096515,1.2996602349722988,0.48777470189815303,-0.586768240599799,0.494634107554359,3.6099840837666015,-1.5635908285724085,-1.7321518103228968
0.24169111251831055,-0.06893583566571186,0.4361627859082804,-0.06568525415419228,2.1975157485215044,2.2289848013305154,-0.03709262449383565,2.3202600853459194,2.6510006077752233,1.2166367408786536,0.4975744860486827,-0.5858077938316448,0.5062133456589476,3.610015555019043,-1.5636199156390589,-1.7320058981524866
0.24371886253356934,-0.0689607476399906,0.4361767332027598,-0.06566934219088748,2.1975011462614287,2.2289726021947476,-0.036940179228912295,2.3455237140794716,2.7437457220341694,1.148138812284814,0.49449306806868465,-0.5924140791947247,0.49987528539563053,3.6099888521381835,-1.5636909643756312,-1.7318976561175745
0.24574780464172363,-0.06896257769818949,0.43617267347365146,-0.0656761127805818,2.1975505331685112,2.2288247914270567,-0.03690445153428472,2.9100695242525494,2.865628973230463,1.2211004959788962,0.48704599864863035,-0.5906388000399828,0.4968934617579678,3.61000840246167,-1.5637591520892542,-1.7317622343646448
0.24777650833129883,-0.06901115559537468,0.4361714761117442,-0.06567228210058813,2.197487312589522,2.228898279919317,-0.036861038700629574,3.064368250895534,3.185868488231099,1.242179111384419,0.48201535057651496,-0.5949466911316832,0.48934685345803125,3.609985514278076,-1.5637672583209437,-1.7317050139056605
0.24980545043945312,-0.06904895170381355,0.4361611735388986,-0.06567273595878555,2.197434314794599,2.2288631132559433,-0.036826756457658,4.2231803680853774,4.523721420697174,1.5500662531109841,0.4798237314732316,-0.5645213201288513,0.4699324545399532,3.6100165086933593,-1.5638273398028772,-1.7315896193133753
0.2518315315246582,-0.06907269747941541,0.43618876157503905,-0.06566248727146275,2.197506217361598,2.2288075730995964,-0.03673307289535134,3.1140170141402757,2.2338918581982794,1.7921613203384479,0.5157019261742432,-0.6041491017667947,0.5039201907040081,3.6100045877644042,-1.5638516584979456,-1.73145038286318
0.25385451316833496,-0.06910621168644457,0.4361783617442264,-0.06566408207314725,2.1974381187415286,2.228800497501437,-0.036702049883624834,3.0866439777481425,2.1560590856009396,1.9271340872107983,0.5175925020064351,-0.6031932258903937,0.5112038373947475,3.6100236612507324,-1.5639036337481897,-1.7313697973834437
0.255878210067749,-0.06914621633209037,0.43617006803051195,-0.06566887441750413,2.1974188674710486,2.2287702158853664,-0.03668482644203904,2.7628402300608,2.248463101663433,1.6333574813095422,0.5192370859814393,-0.604652947074604,0.506937312447204,3.6100284296223144,-1.5639355818377894,-1.731253449116842
0.257906436920166,-0.06917298533234503,0.4361694556812712,-0.06567458922502335,2.197430101048552,2.228733326466285,-0.03667315219339441,3.013506881501048,2.877242262827731,1.3564630753698268,0.5197180616120338,-0.596104291993927,0.4974807083980931,3.610024614925049,-1.5639527479754847,-1.7311580816852015
0.2599344253540039,-0.06921313354608584,0.4361810244396236,-0.06566132578148404,2.1974219151200427,2.2287588987301223,-0.036587965650263295,3.042918149867976,3.1906879077118724,1.2344128991555234,0.5148805732981074,-0.6021376631558925,0.4908728172477628,3.6100093561359863,-1.5639727751361292,-1.7310617605792444
0.2619631290435791,-0.06922364755472331,0.4361838366729093,-0.06566504101258434,2.197378831250983,2.2286565212851794,-0.036520852685397426,3.056256759582811,3.2611514228043874,0.8175689176114941,0.5089153171704367,-0.5973150268054047,0.4895882917060258,3.610059900874756,-1.5640786329852503,-1.7309415976153772
0.263991117477417,-0.06926511432680228,0.4361660236966501,-0.06567079675793838,2.197314295147657,2.228677152743036,-0.03649367475531628,3.37015896736562,4.266666551157333,0.699959889179653,0.509772383272391,-0.5656390447423794,0.4747445517451468,3.610036535854004,-1.5641115347491663,-1.730868164693014
0.2660527229309082,-0.06932456898395309,0.43616615353254523,-0.06567223002102204,2.1972741918343264,2.2286981724564474,-0.03650110282824705,2.744620952818445,3.4856017844487877,0.8780319393542977,0.5346433953626466,-0.5579161038444506,0.4878698872202556,3.6100637155720214,-1.5641158262835901,-1.730753246937887
0.2680816650390625,-0.06934050240869175,0.4361752484983023,-0.06565431333903013,2.1973130818466067,2.228644818798315,-0.03638185799928056,2.8452839786036788,3.7246196474565942,0.49486842840648726,0.5175227166591116,-0.5549151173972898,0.4835385010009982,3.6100527483173828,-1.5641678015338343,-1.7306373755084437
0.2701103687286377,-0.06936145153215863,0.4361692174817204,-0.065663757735011,2.1972860615571013,2.2285932366524053,-0.03637011272753395,3.011663961861698,4.284986296869017,0.5102275023751613,0.5268311805194315,-0.5326742243308472,0.4749901836779376,3.6100684839436035,-1.5642150084124964,-1.730549160634176
0.2721381187438965,-0.06941819092677706,0.4361814495828922,-0.06565773938833255,2.1972770711468725,2.228600584645721,-0.036329007283695675,2.4890195948106517,3.8815970971180946,0.24271103877721323,0.5335436987063731,-0.5422420493412722,0.4794580924017386,3.610083742732666,-1.5642278830157679,-1.730410401021139
0.2741668224334717,-0.06945661138136495,0.43617583273984484,-0.06566731585399939,2.1972465415042883,2.2286382412465047,-0.03636105500645339,2.4680357207640964,3.870874280882607,0.5580673518197841,0.5414505325004516,-0.532339131467323,0.4871767713084509,3.6100727754780273,-1.5642097632037562,-1.7303646246539515
0.2761955261230469,-0.06947650281987978,0.43618366411089327,-0.06566725383635263,2.1971962057980643,2.22855790727923,-0.036238244150796385,2.7418146099610166,3.9015667404807357,0.3098640089957806,0.5257187463567348,-0.5309543437499367,0.4747323617627814,3.610088511104248,-1.5643280188189905,-1.7302258650409144
0.27822446823120117,-0.0695192251666832,0.4361689108859246,-0.0656574090067309,2.19719191670361,2.2285455293075644,-0.03620342847482859,2.219242028576264,3.196993121547665,0.8374583917877195,0.5416032629518605,-0.5317788689866624,0.49017657295768374,3.61009327947583,-1.564348045979635,-1.7301142851458948
0.28025269508361816,-0.06954477539256437,0.436169592374149,-0.06566961697751986,2.197161548360779,2.2285243424544854,-0.03619028183874155,2.5861387525996777,4.529658505283079,0.5348530548035428,0.5051111265441565,-0.5235060953342775,0.473052084816035,3.610088511104248,-1.5643804709063929,-1.7300375143634241
0.28228139877319336,-0.06957539751257943,0.4361699187734574,-0.06567109360621176,2.1971478151538495,2.228495452410615,-0.036162619753038576,2.137411636516483,3.3830840772341877,0.8027127227884863,0.5344386074581148,-0.534600352111688,0.4856714581752514,3.610100432033203,-1.5644128958331507,-1.7299378553973597
0.28431010246276855,-0.06960390033421437,0.43619365926202625,-0.06565686019345544,2.197194086111073,2.2284630147644164,-0.03605107868542178,2.988604262846007,4.3423974119426845,0.8466549732256535,0.5070040493009718,-0.5247013875372477,0.47248985282961625,3.6100846964069824,-1.5644453207599085,-1.7298057715045374
0.28635191917419434,-0.06964645986364129,0.43616033990902203,-0.06566406057333508,2.197149034308266,2.2284166069366482,-0.03609806044595584,2.0477792904007894,2.967870293318399,1.0777288125172049,0.5197235028898358,-0.5457858531427431,0.4962753541424046,3.6101314264484863,-1.5644763151751917,-1.7296975294696253
0.28838062286376953,-0.06967233208558254,0.43618610335745617,-0.06564971566841692,2.1970875552191997,2.2284759064957833,-0.03598859567400238,3.122478229276083,4.537362435408219,0.9780707707899108,0.5046941944147816,-0.5154004448915138,0.46939238611042755,3.6101314264484863,-1.5645173231707972,-1.7296555677997034
0.29040956497192383,-0.06971878486800813,0.43617283550088015,-0.06565960329015981,2.197076056697963,2.2284130344036965,-0.03599921047741502,2.235265903067684,3.1608402487274057,1.135701640969494,0.5217410209090619,-0.54160485869854,0.495387335864556,3.6101557451435546,-1.564552132283346,-1.7295058409320276
0.2924385070800781,-0.06973344309750484,0.4361749465428279,-0.0656529066349206,2.197116330578495,2.2283536456133812,-0.03589799593706903,3.367656766863232,4.243409395348734,0.9449380196327128,0.49252034446814086,-0.5213152034563546,0.4695893567800737,3.61011712133374,-1.5646002928363245,-1.7293947378741663
0.2944676876068115,-0.06976615500059095,0.43615907849703,-0.06566332047674536,2.197028807468701,2.2283163293077743,-0.0359086328254592,2.3353489650352577,2.711989462381692,1.108922005277866,0.5216348298131499,-0.5437137039091046,0.5008590896130352,3.6101714807697753,-1.5646641890155237,-1.7293055693255823
0.2964963912963867,-0.06980139208280733,0.4361689377268892,-0.06565611292010795,2.197047501067677,2.2283010809022716,-0.0358435353832931,3.147590189307941,4.1538949412967545,0.5713552948856877,0.49475442508504797,-0.5315138095620624,0.4748033526177919,3.6101605135151367,-1.5646846930133265,-1.7291906515704554
0.2985250949859619,-0.06983552212644487,0.4361819823277322,-0.06564143818137104,2.197088450170551,2.228282629192907,-0.03577021012502277,2.8784663162942206,3.0538542977885266,0.9347758851921202,0.5117460424705454,-0.5344216984464635,0.49317077594912323,3.610156698817871,-1.564697567616598,-1.7290704886065882
0.300553560256958,-0.06987139411738275,0.43617594546423716,-0.06564902462741719,2.197007165057915,2.228262852712594,-0.03572665988152676,2.4135351732184636,2.8476827857418936,0.4557913672195992,0.5039505836537181,-0.553565000587249,0.49738886558816314,3.61017291128125,-1.5647686163531702,-1.7289708296405237
0.3025822639465332,-0.06989506220571781,0.43616301093850696,-0.06565233365278346,2.1969894933944514,2.2282463826068426,-0.03572965083411149,3.2574208813015066,4.456596664521995,0.08320985221813595,0.4813793493625978,-0.5271165675459978,0.4711596443888476,3.610177679652832,-1.5647853056537073,-1.7289097944842737
0.3046102523803711,-0.06993730594951866,0.4361689340990174,-0.06563904672215613,2.196969705721351,2.228244553049584,-0.035650094838446916,2.4957190498948236,3.11493563923853,0.465704813719885,0.5131659016602024,-0.5310643773290903,0.4912407168229982,3.610189600581787,-1.5648248831378382,-1.7287910620318812
0.3066380023956299,-0.06995805560795598,0.4361905777929968,-0.06563128616768657,2.1970403010760124,2.2281794153583827,-0.035614441834135376,2.5535266122388314,3.142133371107437,-0.17314220358546617,0.5034450712303306,-0.536479632213677,0.4901852717261904,3.6102158266254882,-1.5648334662066858,-1.7286675612079065
0.3086662292480469,-0.06998790376917918,0.4362002708183116,-0.06562908228727897,2.197036613782885,2.2281589241638584,-0.0355496132927202,3.0017354311713067,3.9821204610833036,-0.06259163090506593,0.49777947339694534,-0.5195469494141418,0.47103355412603093,3.610208674068115,-1.5648697058307093,-1.72856313387026
0.31069397926330566,-0.07003847477317213,0.4361697193091633,-0.06563578164335948,2.1969107091034683,2.228196045045378,-0.03554716876618222,2.229399209920708,2.5893329142096153,0.02057114658730691,0.5258811955259933,-0.5331301745774685,0.501516921637935,3.6102205949970703,-1.5649178663836878,-1.7284982840167444
0.31272220611572266,-0.07005933495350877,0.4362111815519625,-0.06561236118517622,2.196947456296932,2.2281889682858482,-0.035414161114409246,2.6905876204651253,3.6278539039995836,-0.34834477158505495,0.5068459397175967,-0.5237622821831543,0.4785641583850282,3.6102277475544433,-1.5649498144732874,-1.728393856679098
0.31474971771240234,-0.07010129826446773,0.4361696641175086,-0.06563748824909736,2.1969079238048796,2.228106264658109,-0.03547455069535137,2.6890492782580475,3.6225690433318403,-0.18890162668287178,0.5228854057963152,-0.5071476331612537,0.48736434548410296,3.6102401453205566,-1.5649932066546839,-1.7282632032977503
0.3167743682861328,-0.07012150182122981,0.43618291132792153,-0.06561950760731237,2.196911165083319,2.228085201520313,-0.035392210842182484,1.98240222354602,3.349494598256115,-0.47770779768618177,0.5171741089215122,-0.5239156363262321,0.4942904194974134,3.6102678018757324,-1.5650327841388147,-1.7281745115863245
0.31883668899536133,-0.07015292740473178,0.4361970946267777,-0.06562031813968583,2.1968964680706358,2.2280759389723004,-0.035326924696683415,2.6071621204011133,4.307497899374215,-0.666893379565104,0.5143001908689918,-0.4973097985089798,0.4765506295411442,3.6102568346210937,-1.5650690237628382,-1.72807485262026
0.3208656311035156,-0.07021398035646825,0.4361696983045615,-0.06563104459658964,2.1968024446818792,2.228114252545566,-0.03538794749132815,1.9414908768834438,2.729205275604028,-0.6988280488667097,0.5402285629200044,-0.5141896347832887,0.4996528119316427,3.610287829036377,-1.5650737921344202,-1.7279980818377894
0.322894811630249,-0.07023065760719739,0.436181578507976,-0.06561706549755664,2.196835649480485,2.2280640134737855,-0.03525169967485007,2.6208400389663886,4.075117562208538,-0.9005040904825607,0.5282145032470343,-0.4955358467979012,0.47333393874159624,3.6102568346210937,-1.5651338736163538,-1.7278783957110804
0.3249235153198242,-0.07027175427836124,0.43617390109772086,-0.0656208945330779,2.1968523370891506,2.228019247208057,-0.035214109833068205,2.122627412353895,3.511903227417736,-0.9842951810443078,0.5469773611628194,-0.5048036548563954,0.4880576916942647,3.6102339464375,-1.5651615301715296,-1.727739159260885
0.3269503116607666,-0.07029409284249424,0.43617280203379716,-0.06562127335034416,2.1968369294211487,2.2279697457115173,-0.03518882837516554,2.2315601702766195,3.9084027177382326,-0.7345287224819516,0.565474271829745,-0.4847942244400691,0.48702376448290835,3.610264940852783,-1.5652058760272425,-1.7276433149920862
0.32897520065307617,-0.07032818562246144,0.43615473563521473,-0.06562637207272286,2.1967957486713305,2.227932238622679,-0.0351853218776442,2.3063138197398825,4.504510081891266,-0.8346274046763753,0.5668908784339294,-0.48528772899291095,0.4802238389788019,3.610287829036377,-1.565249268208639,-1.7275436560260218
0.33100152015686035,-0.07035699970430223,0.43615247267518176,-0.06562917379615399,2.196769689262736,2.227913494682098,-0.035141538649490406,2.5875071090618422,4.398575634403404,-0.8831328186728309,0.5705472156821556,-0.48537986969808805,0.4811083128342601,3.610280676479004,-1.565289322529928,-1.7274544874774378
0.3330271244049072,-0.0704119875710666,0.43616027457196677,-0.06562204329086285,2.196738615873514,2.2279670374963945,-0.03510748921663592,2.315237148384696,4.521120610847598,-0.9281771442654834,0.5735660446758465,-0.4935138065541125,0.4885992190024493,3.610280676479004,-1.5652864615069788,-1.7273624579059046
0.3350555896759033,-0.07044242458680174,0.43617636789000314,-0.06560931529465854,2.1968052932436577,2.227931747563104,-0.0350554149898691,2.2213880687464918,4.201568947821825,-0.8967543732588404,0.5988109731057484,-0.4917379033893843,0.49191755225017914,3.6102844911762695,-1.5652864615069788,-1.72723895708193
0.33708667755126953,-0.0704707322655562,0.43617777769332333,-0.06561007646441072,2.196777408037368,2.227904060212073,-0.03499592625063588,2.227715432404181,4.5682168309490905,-0.9370058369971859,0.6015526334745025,-0.49568290709056145,0.48970658273292694,3.6102844911762695,-1.565338436757223,-1.7271388212787073
0.33911776542663574,-0.07051258169360469,0.4361710525806444,-0.06561983426057925,2.196719149488048,2.22789307597378,-0.03497626654442224,2.3880398964418643,4.170502709277328,-0.9221895936098563,0.6085620574542213,-0.5015867887489873,0.48920076228492276,3.6102892595478515,-1.5653823057757776,-1.7270363012896937
0.3411445617675781,-0.07054765106235583,0.4361493451787473,-0.06562821541946587,2.1966771680877994,2.2278670444908086,-0.03499728101336193,2.6292932385429917,4.475214404839505,-1.0761360456926092,0.6094965364363772,-0.4908628317647569,0.48701990172730153,3.6103083330341796,-1.5654104391681116,-1.7269509474383753
0.3431715965270996,-0.07058663316046299,0.43615132829340564,-0.0656167690241754,2.1966090294142795,2.2278694338419123,-0.034879648105297235,2.5545668768190577,4.704100706115997,-1.2913180303881644,0.6144646887124351,-0.4858838265109422,0.4828000823180811,3.610311670894287,-1.5654895941363733,-1.726839844380514
0.34520983695983887,-0.07061487483328019,0.43614111733962196,-0.06562483823193567,2.19664573698256,2.2278289566012117,-0.03489986394474919,2.4953410003133265,4.988186426159021,-1.3824110705197097,0.612590718622787,-0.4850781089063101,0.4819802525729463,3.6102968889423828,-1.5654824415790003,-1.7267468611346644
0.3472747802734375,-0.07066039807595177,0.43614094948400844,-0.06561930567708976,2.1966363222564045,2.2278099425275117,-0.03483910073389041,2.3718472523769347,4.810525189883358,-1.542542907233371,0.6179403194066422,-0.489164891099554,0.4888172795084263,3.6102968889423828,-1.5655186812030237,-1.726612393056051
0.34932780265808105,-0.0706819684229711,0.43614784131887613,-0.06560999128619796,2.1965836144289272,2.227807968293425,-0.034771314175764054,2.1947840162527625,5.099603050706667,-1.5075287616243174,0.6297560770517225,-0.4828698852059674,0.48362439503735355,3.610327883357666,-1.565573517476217,-1.7265470663653772
0.3514132499694824,-0.07071157638557206,0.4361509361915492,-0.06561733145176522,2.1966190159764976,2.2277438799745264,-0.034744647051420385,2.4372861471088965,5.306783001183887,-1.6266095921312809,0.6329731199573251,-0.4710143691498675,0.4857209495519106,3.6103154855915527,-1.5655978361712855,-1.7264159361468714
0.35349297523498535,-0.07076601436502548,0.43617080818126813,-0.06559899880520047,2.1965875616499146,2.227832405732605,-0.03464991611167265,2.499962870280402,5.023686072525298,-1.4444160151095384,0.6426503229781991,-0.4791256082376681,0.4827476678782371,3.610293074245117,-1.5655987898456019,-1.7263343969928187
0.3555483818054199,-0.0707773872011631,0.4361593369295847,-0.06560518911945039,2.196553578574802,2.2277505367303,-0.03459018667614051,2.4788399575886864,5.00387325262134,-1.55560206004925,0.6483332072618596,-0.47933524124817906,0.4887168317968656,3.6103007036396484,-1.5656855742083948,-1.7262347380267542
0.35760951042175293,-0.0708279860806602,0.43615417194523487,-0.06560943242946803,2.1966055081149345,2.227706128077722,-0.034609910953012156,2.003146883733532,5.137614353620043,-1.6445933183924166,0.6545254558843375,-0.49124155410857084,0.49568095309833116,3.6103007036396484,-1.5656707922564905,-1.7260835806476038
0.3596620559692383,-0.07091854206634604,0.43614768734763126,-0.06560688971504403,2.1964801385310153,2.227781123626802,-0.03455411702030531,2.0293854725520597,5.16169057562941,-1.4369752312064794,0.6505831275090869,-0.47839645446444856,0.4936816800095924,3.610311670894287,-1.5657151381122034,-1.7259352842914026
0.36171436309814453,-0.07093345238512831,0.43617684834979087,-0.06559934966119468,2.196498263621715,2.227739669598314,-0.034388828712070066,2.148256366360695,5.680282419990766,-1.4217882003974942,0.6436916352584243,-0.4695120420840353,0.4936181611125205,3.610264940852783,-1.5657900015460413,-1.7258151213275355
0.3637666702270508,-0.07096731942153085,0.4361590121815915,-0.06560986567055657,2.1964507972983163,2.227678030685575,-0.03439831280774914,2.275133637605281,5.175739184909007,-1.1965516828390246,0.6587012055190246,-0.4784269280211193,0.48369161078529194,3.610304518336914,-1.5658453146563929,-1.7257002035724085
0.365816593170166,-0.07100305180956902,0.4361608868275782,-0.06561685303847212,2.196447774175786,2.2276745933164257,-0.034368931173175445,2.363858167178576,4.755673711726936,-0.9864126101988744,0.6587808434108843,-0.48713311322052394,0.4931472520546604,3.610273523921631,-1.5658581892596644,-1.7256072203265589
0.36785459518432617,-0.07103441152718404,0.436148802511386,-0.0656114003628214,2.196445798276648,2.2276127397649454,-0.034361716513100375,2.2455847131483875,5.052343750356023,-0.9425071219890702,0.6527130744519153,-0.491546920555366,0.4902559910714879,3.6103240686604003,-1.5658944288836878,-1.72548753419985
0.36989450454711914,-0.07108603070377108,0.4361532994285622,-0.06561109449189945,2.1963988500808393,2.2276688445816326,-0.03430977157909528,2.401038237669981,5.203060129387577,-1.030540504225831,0.656858293344011,-0.481504732924843,0.4890943354259242,3.610293074245117,-1.5659063498126429,-1.7254036108600062
0.37196803092956543,-0.07112087470510335,0.4361455649225995,-0.06561715369049066,2.1963654824702803,2.22764171217913,-0.0342757324978556,2.443492033834613,5.287316007234558,-0.9060624538894624,0.6547284524323614,-0.48151642034663694,0.49311819828073805,3.6102892595478515,-1.565951172505514,-1.7252987066852015
0.37399888038635254,-0.07114109642799105,0.43615701095266257,-0.06561978203845426,2.1963898240283517,2.227584807755364,-0.034225836483034594,2.564194376689684,5.118409465504979,-0.6031437711505112,0.6571907591378209,-0.4922797713225594,0.4919889197967163,3.610285921687744,-1.5659869352923792,-1.7251876036273401
0.3760232925415039,-0.07119875156271253,0.4361474832291427,-0.0656164084427299,2.1963979794889745,2.2275929002897343,-0.03421352014887647,2.451123660288871,4.98847832275621,-0.6991952112969055,0.6653709139213552,-0.4898648116220124,0.4944674868887243,3.610273523921631,-1.565979305897848,-1.7250602881061
0.37804341316223145,-0.07123732939317308,0.4361377671080581,-0.06562286058842136,2.1963102747440293,2.2275774207875325,-0.034222091198772765,2.237232516831872,5.291370116153011,-0.9493120453421452,0.6605327629756267,-0.49962692240687967,0.48966610595862387,3.610332651729248,-1.566031281148092,-1.7249725500689905
0.3800644874572754,-0.07125854300890934,0.4361467369081433,-0.06561414589066666,2.1963342841453897,2.2275427784896715,-0.03412025986681538,2.8895760305036124,5.180406219721655,-0.7305425246122051,0.6620646416981724,-0.48789572662682884,0.48819583512570003,3.610304518336914,-1.5660746733294886,-1.7248652617083948
0.38210463523864746,-0.07129898506826246,0.43613563211848216,-0.06562479057741721,2.196283754582299,2.227524288248053,-0.03413029444751776,2.749716156375446,5.015325584438706,-0.7065414635352041,0.6681863205470207,-0.4978602962837012,0.49218584614093164,3.6103240686604003,-1.5661070982562464,-1.7247679869281214
0.3841252326965332,-0.07132837617846392,0.4361334342375795,-0.0656270787620873,2.1962314306931314,2.2275185220382014,-0.03407600579071451,2.5132343298769646,5.02217756644595,-0.5988518066383237,0.6729934330374627,-0.49888318779419205,0.49420915692548467,3.610320730800293,-1.5661585966693323,-1.7246878782855433
0.38614749908447266,-0.07137471098973841,0.43613707554637277,-0.0656228185530977,2.196239547948801,2.22752725959723,-0.03402188636541745,2.308907173641562,5.37521007807707,-0.9252680738339877,0.6663029836459463,-0.5042987559123906,0.4978658246344474,3.610293074245117,-1.56616717973818,-1.724572483693258
0.388169527053833,-0.07140499804523097,0.43612959240132393,-0.0656235501032423,2.196242656513964,2.2274700773399805,-0.03398239172862574,2.6710610107726906,5.387741179037055,-0.7528174364469793,0.667325320555865,-0.4974019342777814,0.49208354292823614,3.6102968889423828,-1.5662105719195765,-1.7244489828692835
0.39019298553466797,-0.07144517969355951,0.43612946277757586,-0.06562879259750543,2.1962110072992074,2.227466082816494,-0.03398447324412437,2.8291636372613405,5.463911722477506,-0.73426649153512,0.6642073651710376,-0.4989317967754974,0.4917826625029015,3.6103169161030273,-1.5662272612201136,-1.724356476460592
0.3922152519226074,-0.07147759736248685,0.43614779194841274,-0.06561025518164319,2.196223258611764,2.2274704230397155,-0.03385098580260994,2.687683508772129,5.234526801179198,-0.8937163338773947,0.6786023106733421,-0.49843997289184067,0.5018756299017794,3.6102892595478515,-1.5662668387042444,-1.7242448965655726
0.39423537254333496,-0.07150314432140305,0.43613633976983285,-0.06562208337808026,2.196230795277558,2.2273907942592968,-0.033866029531417714,2.6086875593354972,5.358429496494396,-0.8225367661712579,0.6789307833796692,-0.4955445303230213,0.4959979185282181,3.6103083330341796,-1.5662997404681605,-1.724128548298971
0.3962552547454834,-0.07154914072950525,0.4361379871293759,-0.06562046215762653,2.196195692733225,2.2274177300641402,-0.03380889105305827,2.52556039925733,5.5666519430034445,-0.9185712436549032,0.6718378794385654,-0.5024042257533679,0.49056400989170335,3.610285921687744,-1.5663235823260706,-1.7240327040301722
0.39827656745910645,-0.07158549387588907,0.43614684052692454,-0.06560988735898676,2.1961532544901456,2.227395234362018,-0.03375206582556679,2.5523002510922357,5.155629371190098,-0.7132830396890923,0.6861286668550155,-0.49981903574949166,0.492489532418408,3.6103436189838867,-1.5663788954364222,-1.7239177862750452
0.4003016948699951,-0.07161211527848481,0.4361478365317524,-0.06561535258175882,2.196160081434557,2.227376839953311,-0.033690546711029425,2.668047880191451,4.849569976931292,-0.7058329605725066,0.6917164220223389,-0.4936696409243472,0.49922298039511115,3.610293074245117,-1.5664075056659144,-1.7238252798663538
0.4023282527923584,-0.07165066484746026,0.4361413158346976,-0.0656252575165118,2.1960980459341384,2.2273723555323706,-0.033687200202962,2.6977276491192264,5.391892630683023,-0.8074538211336484,0.6818927277828003,-0.4984559506483832,0.4957839243723656,3.6103083330341796,-1.5664437452899378,-1.7237399260150355
0.40434908866882324,-0.07169260971565279,0.43614274943120185,-0.06561384962474204,2.196036794786346,2.2274080467110773,-0.033614453119232564,2.5727716380010435,5.247271243404243,-0.7386456445408183,0.6823676075607145,-0.5015261774321645,0.49167423498307916,3.6103169161030273,-1.5664833227740687,-1.7236593405352991
0.4063699245452881,-0.07173616529680418,0.43612006229962497,-0.06563413581350222,2.1960162571616437,2.2273634417795654,-0.03365011075899791,2.30619070955471,5.129207914549698,-0.5151267305896374,0.6873477741509507,-0.4990173749976254,0.4999583370263015,3.6103083330341796,-1.5665038267718714,-1.7235410849200647
0.4083902835845947,-0.07176309472582246,0.43614559313893414,-0.06561625996613256,2.196044523255917,2.227342202108411,-0.03354939390997336,2.342212285137052,5.29876354106003,-0.7521275615491905,0.6867205704115149,-0.5067867322790709,0.5014421066435928,3.610320730800293,-1.5665362516986292,-1.7234256903277796
0.41041016578674316,-0.07178619993184507,0.43613364612455774,-0.06562143873762544,2.196008158436532,2.227288634993774,-0.03347290911354886,2.8551163313511374,5.310357496359214,-0.7708873380028314,0.6824352669591095,-0.5054289005133198,0.4972368723432649,3.6103007036396484,-1.5666144529925745,-1.7233179251300257
0.4124300479888916,-0.07182049010369473,0.43613216926748893,-0.06563364496989853,2.1960146504451017,2.2272613823848832,-0.03349552401981697,2.6451241573332385,5.138339183019783,-0.4055483572864345,0.6851540730927387,-0.513070532668765,0.5020534712129686,3.6103007036396484,-1.566615406666891,-1.7232220808612269
0.41445088386535645,-0.0718659998919786,0.43613529178818855,-0.06562842681082375,2.195962771069874,2.2273086863176332,-0.033482647825093366,2.6393658034038987,4.951376660746141,-0.6781422822032618,0.6903568471225233,-0.5059921818782103,0.49913397984649466,3.6103240686604003,-1.566620175038473,-1.7231558004962366
0.4164729118347168,-0.0718985746563525,0.4361504748162663,-0.06560993973703937,2.195918096092172,2.227327112680868,-0.03333956518312431,2.695257708074713,5.416774783425766,-0.9641010453448027,0.6884337375506134,-0.5057393398979257,0.48868881411994414,3.6103169161030273,-1.5666874090777796,-1.7230594793902796
0.41849517822265625,-0.07192704048941127,0.43613881472469146,-0.065617261069869,2.19598498896209,2.227216388684717,-0.03332281234542283,2.731718825390771,5.281508301794991,-0.6646215872978507,0.6880712631739939,-0.5081784532851245,0.4985332195543069,3.610304518336914,-1.56671649614443,-1.7228978315936487
0.4205176830291748,-0.07196567132397569,0.43612999449152834,-0.06562958740867716,2.1958962073610717,2.2272302016981134,-0.033345527663605705,2.554930622311402,4.896197506454489,-0.49286949924443585,0.6931954227603602,-0.5209776567674368,0.5060631465823952,3.6103359895893554,-1.5667474905597132,-1.7228367964373987
0.42253994941711426,-0.0720107908435104,0.43612376587591634,-0.06563036513123659,2.1959039300746457,2.227222191839633,-0.03333673412355094,2.645872847136213,5.334988833891459,-0.8813403282479334,0.6858311265749657,-0.517001110248035,0.4962138294171854,3.610327883357666,-1.5667484442340296,-1.7227252165423792
0.42458367347717285,-0.07202190318615334,0.436119814216923,-0.06563765156189985,2.195850137407262,2.2271776680960667,-0.03326164655746042,2.947050607676682,5.6401630475458955,-0.6690794834473285,0.6824035762957044,-0.4971738878029829,0.48924508641598713,3.6103169161030273,-1.566831413899557,-1.722651783620016
0.4266045093536377,-0.07207493319907109,0.4361332424332932,-0.06562491069620403,2.195883120041693,2.227192381209376,-0.03324294874950188,2.6925545128319257,5.23857666411836,-0.4348302873013635,0.6871371419770967,-0.5101039473747248,0.4943454206179909,3.6103359895893554,-1.5668085257159632,-1.7225287596331995
0.42862534523010254,-0.07210611052894735,0.4361383782878388,-0.06563086179314107,2.195872158566644,2.2271660205838084,-0.033169431886720314,2.534343062816803,5.318382638138347,-0.5587682177160079,0.6827871370945192,-0.5203767974222802,0.5028626877972417,3.6103007036396484,-1.5668557325946253,-1.7224167029010218
0.430645227432251,-0.0721430010580031,0.4361168492010257,-0.06564417423691397,2.195831516925884,2.227134214405144,-0.033185280163845504,2.9023964205416197,5.326031593374608,-0.42717782607360977,0.6896430835916915,-0.5087777711689271,0.49402721048557213,3.610304518336914,-1.566888157521383,-1.722320858632223
0.4326653480529785,-0.07217138674057347,0.4361307956837578,-0.06562428090489467,2.1957467148191823,2.227164297380694,-0.03304193879015482,2.8776235999690214,5.062996591904914,-0.432004582205691,0.6949302005797597,-0.5096857153642678,0.49315912933229034,3.610320730800293,-1.5669716040240687,-1.7222479025470179
0.43468618392944336,-0.07221082288525076,0.43613729188655004,-0.06563354335208645,2.195761668871978,2.227127237406107,-0.03301569160960448,2.7146221216094637,5.03120762259458,-0.45040234309429217,0.687069535937177,-0.5259362093272263,0.4997594465767911,3.610304518336914,-1.5669916311847132,-1.722116772328512
0.4367070198059082,-0.0722477950901259,0.43612689307697033,-0.06563374573769942,2.1957507170942456,2.2271167557889813,-0.03298930598893035,2.6914087608475983,5.204009527208432,-0.6752629382656808,0.6874588544869085,-0.5223508335650238,0.49470319706347804,3.610293074245117,-1.5670116583453577,-1.7220209280597132
0.43872618675231934,-0.07227216534704685,0.43613780513396033,-0.065629124015281,2.195728973629894,2.227090082920131,-0.03290844611219937,2.5813844027313357,5.380725651629928,-0.09415751038180695,0.6829547356961504,-0.5031290958230711,0.49513377391796487,3.6103007036396484,-1.5670679251300257,-1.721921745930807
0.4407467842102051,-0.07230859858982935,0.4361405826982851,-0.06562934597483942,2.1957074778427956,2.2270826672063326,-0.03289230468114826,2.2516097643056705,5.213548657741329,-0.2014076820929747,0.687970629222339,-0.5044227503034406,0.4993169934888449,3.610320730800293,-1.5670879522906702,-1.7218287626849573
0.44277238845825195,-0.07234594551894033,0.43613186003974025,-0.0656327319131628,2.1956799525773967,2.227085157597752,-0.032871259725578764,2.7277925884638714,5.282465983518996,-0.2542382659348461,0.6858217911251446,-0.49768406543854005,0.4874381691193607,3.6103083330341796,-1.5671079794513147,-1.7217448393451136
0.4447953701019287,-0.07237477840209709,0.4361215892951793,-0.06563855280442413,2.1956760651114666,2.2270213723779975,-0.03281981522005969,2.7190810067565243,5.530499589961051,0.05272223969599138,0.6871115129179921,-0.4998156720863177,0.4922930575554624,3.610293074245117,-1.5671637693988245,-1.7216180006610315
0.44681620597839355,-0.07242200359672911,0.4361071038355675,-0.06564203127986246,2.1955985829403586,2.2270218733696128,-0.03285095386992645,2.6295025606836173,4.970656476032676,0.02600258403213243,0.6896012920115285,-0.5095830069215165,0.4947898038623554,3.6103555399128417,-1.5671919027911585,-1.7215293089496058
0.448836088180542,-0.07245934251918792,0.4361180537950967,-0.06564037061923267,2.1956736461208473,2.2269792586771895,-0.032806366322397126,2.8547661168892513,5.792596722962739,-0.28340473550419604,0.6756200497353455,-0.49970534185159987,0.4848765544883381,3.6103240686604003,-1.567188564931051,-1.721386734639303
0.45085644721984863,-0.07250511581336529,0.4361359228895558,-0.06563175030248151,2.195579396727229,2.227090566849075,-0.032721528932217636,2.5776283369280475,5.213999416038109,-0.1466785128618873,0.6819203124632256,-0.49701028963875354,0.49865529498018635,3.610304518336914,-1.5672090689288538,-1.7213528792010706
0.4528794288635254,-0.07252475142290851,0.43612899164227503,-0.06563675704932492,2.1955539636175185,2.2270141712549942,-0.03264987663745005,2.6600485859541605,5.601623116563554,-0.06271590788345803,0.6716714040184719,-0.5023343842798575,0.48485459266834185,3.610304518336914,-1.5672920385943812,-1.7212331930743616
0.45490097999572754,-0.07256844078132146,0.4361450390210312,-0.06562167930878085,2.1955704251957404,2.2270289456807544,-0.032584604838325655,2.7729125921338036,5.510032907066208,-0.06966159855877858,0.6814718293828086,-0.5019453004024464,0.48417781303425556,3.6103083330341796,-1.5672968069659632,-1.7211211363421839
0.4569234848022461,-0.07260336631443894,0.4361382783088117,-0.06562414650216628,2.195529949797957,2.227002460215121,-0.03252255522434508,2.5956584766977095,4.91720420809182,0.1470475724925662,0.6894958342414256,-0.5081059058810584,0.4908863549990175,3.6103007036396484,-1.5673559347735804,-1.7210100332843226
0.45894503593444824,-0.07263822589156402,0.436104448081155,-0.06565166939239307,2.195520419419487,2.226912638190881,-0.032606344397041624,2.759370023448812,5.607769408926461,-0.2176516279863784,0.6739253259991735,-0.5113154185470903,0.4814976944988503,3.6103169161030273,-1.5673773924456995,-1.7208898703204554
0.4609665870666504,-0.0726644223336591,0.43613059333198995,-0.06563120576028765,2.1955158230100524,2.226903262121555,-0.03247818300082321,2.6718954852618872,5.180058494825326,-0.06962736932686978,0.6859548863842138,-0.509656555027515,0.4926642767098679,3.610332651729248,-1.5674322287188929,-1.7207821051227015
0.46298789978027344,-0.07271731690508967,0.4361332996607259,-0.0656330227917942,2.19548557007368,2.2269405763664776,-0.03246887202494604,2.5610935348825254,5.307708811049018,-0.031227758363078298,0.6794840495980115,-0.5112460221609121,0.4878142993051108,3.6103288370319824,-1.5674288908587855,-1.72068959871401
0.46500658988952637,-0.07276034783192169,0.436134407276752,-0.06563794847310356,2.1954689717780598,2.2269336316811867,-0.03240254330193036,2.7947807359427252,5.239731764700145,-0.1590087133799096,0.6864270178616265,-0.5008798647664938,0.4800564618270109,3.6102892595478515,-1.5674651304828089,-1.7205694357501429
0.4670264720916748,-0.07277097205101511,0.4361471399222183,-0.0656241563614163,2.195484573504533,2.2268759039829122,-0.03229551921043508,2.426413533207704,5.159056800782144,-0.3455127237176737,0.6897993871692757,-0.513034186528765,0.4839913422759861,3.6103007036396484,-1.56752854982485,-1.720466438923971
0.46904659271240234,-0.07281852806853896,0.4361495879189628,-0.06562883023804816,2.19545533689145,2.2269060818320754,-0.03227499891611112,2.824107007346895,5.466123488979675,-0.2116351328168467,0.6768987448108963,-0.513918961394771,0.4840816995955962,3.6102821069904785,-1.567533318196432,-1.7203777472125452
0.4710702896118164,-0.07285627864183908,0.43613094881452646,-0.06563535023072402,2.195389192518735,2.2268660161612717,-0.03226928840544698,2.9446805233059874,5.644159800031527,-0.16400100498533615,0.681379821520165,-0.5197884290369595,0.4847025184423194,3.610320730800293,-1.5675924460040491,-1.720269505177633
0.4731311798095703,-0.07289165921048256,0.43613309145679946,-0.06562918510024829,2.195402740344758,2.226854979590591,-0.03220801813415357,2.393136691194096,5.112640948630013,-0.28043083149208986,0.6918164959664094,-0.5240642043473512,0.4863652601323325,3.6103007036396484,-1.5676124731646937,-1.7201617399798792
0.475161075592041,-0.07292046795432386,0.4361167610815279,-0.06564483535652905,2.1953537071937452,2.226799147441001,-0.032230348639608,2.8515433565610797,5.631467479068171,-0.2702949953256054,0.6789580765165202,-0.5092811060318535,0.48269895013138103,3.610332651729248,-1.5676606337176722,-1.7200658957110804
0.47721004486083984,-0.07296064239315943,0.43612812956213876,-0.06564112558252992,2.1953421399221984,2.2268308779385735,-0.032140778911769294,2.758645814373741,5.194826919797614,-0.29124621212376045,0.6895850271322304,-0.5103980558198692,0.4876008902282886,3.6102821069904785,-1.567681614552633,-1.7199738661395472
0.4792368412017822,-0.07300890180974311,0.43610321611680053,-0.06565682202168338,2.19528228949726,2.226797196997658,-0.0322072160558642,2.5390285016482927,5.21126783987977,-0.2690533620348179,0.6940578390273093,-0.5157686683231699,0.4910938107313013,3.610332651729248,-1.5677054564105433,-1.719865624104635
0.4812605381011963,-0.0730504041939759,0.43611591399281274,-0.06564130052677308,2.1952747171815306,2.2268169978431427,-0.03210824136461719,3.123121014560804,5.859802703106496,-0.301407567618592,0.6842941173361478,-0.49940449462312086,0.4811529313796986,3.610320730800293,-1.5677340666400355,-1.7197578589068812
0.48328280448913574,-0.07306939552073734,0.43610455549058336,-0.06565134454745768,2.1952190168116563,2.226770218695721,-0.032059258435158416,2.661485396468568,5.168972146765311,-0.2543774496755967,0.6942426538048952,-0.5209624405676252,0.4868281877422808,3.6103169161030273,-1.5678089300738733,-1.7196734587298792
0.4853034019470215,-0.0731130996464346,0.43612145951469683,-0.0656460512516939,2.1952645926823733,2.2267485224558947,-0.03195572500211676,2.9893695036334944,5.693593976106433,-0.5144074683783847,0.6840153435402518,-0.522747875333688,0.48283241694974544,3.6102663713642578,-1.5678327719317835,-1.7195194403277796
0.48732519149780273,-0.07314685046355575,0.4361188216069999,-0.06564337077720098,2.1952244434272377,2.226741986880297,-0.031974043387501566,2.7989973777146835,5.522702172547304,-0.3879778403728771,0.6953265330133183,-0.5185869634324363,0.4871883518389579,3.6103288370319824,-1.5678494612323206,-1.719445530568258
0.48934507369995117,-0.07317566603899206,0.4361420078621455,-0.06563673529096574,2.195237583333248,2.226730741812738,-0.03183139119656278,2.5958395743978713,5.606861863591684,-0.48309574903041747,0.703012782147012,-0.5212110689522461,0.48710378586112807,3.610273523921631,-1.5679014364825647,-1.7193258444415491
0.4913644790649414,-0.07321670628376378,0.4361215500062249,-0.06565509905178377,2.195197818999592,2.226676568135329,-0.0318684869521566,3.0660492241316084,5.896788273497119,-0.27822968449664554,0.7010158234505699,-0.515761967397849,0.48285351152368805,3.610297365779541,-1.56793719926943,-1.7192071119891565
0.49338412284851074,-0.07326077099171624,0.43613111683034883,-0.06564541656778097,2.1951902793378593,2.2267104248413765,-0.031821022467235116,2.903980887575112,5.021824734498758,-0.18144986871335467,0.7102010645256848,-0.5308844050824596,0.48996531918193614,3.610293074245117,-1.5679381529437464,-1.7191184202777308
0.4954650402069092,-0.07329633945366709,0.43610463937580285,-0.06565120417546735,2.195143641630139,2.2266717830468217,-0.031816716061412634,3.073857409721448,5.796401243841654,-0.4119025756582221,0.7058831867184833,-0.5191241738498539,0.4759245861460337,3.6103083330341796,-1.5679853598224085,-1.7190173308001917
0.4974842071533203,-0.07333876552569557,0.43610661243862625,-0.06565240265109175,2.195180379626616,2.226639859554258,-0.031821499023800014,2.662158808851586,5.651391329690331,-0.5101911601219395,0.7179469782018574,-0.5236934881227162,0.49087351172688504,3.6103169161030273,-1.5679782072650355,-1.7188904921161097
0.49950408935546875,-0.07336050925035104,0.4361433750142862,-0.06563454081840617,2.1951390468824004,2.2266757200098106,-0.03164049611498005,2.920829100354106,5.496503164320579,-0.35629828112008866,0.7107870510596275,-0.5276629439987084,0.484489448357028,3.6102892595478515,-1.5680492560016077,-1.7188165823565882
0.5015244483947754,-0.07342440701548232,0.43610677239851936,-0.06564940956458509,2.195110813662049,2.2266139434665444,-0.03167747199341063,2.901265950102954,5.546314289225409,-0.14427641732671848,0.711745840303579,-0.5229702191535268,0.4870093419006803,3.610304518336914,-1.5680816809283655,-1.7186430136310022
0.5035457611083984,-0.07343338045526344,0.43613766018127853,-0.06563861420731724,2.1951610402650377,2.226581897618151,-0.031586489578109875,2.8072206739456202,5.838333109459812,-0.4025049661843927,0.7132543562714212,-0.5186916900284889,0.4796527526599247,3.610297365779541,-1.5681055227862757,-1.7185590902911585
0.505568265914917,-0.07352017648144592,0.43611298697035883,-0.06565873238406432,2.1950814735849926,2.2265464797602705,-0.031592884457100526,2.8116815923731036,5.227602466532796,-0.4006493401495917,0.7077271894519186,-0.5208807432360262,0.4882965916045948,3.610311670894287,-1.5681622664081019,-1.7183473745929163
0.5075883865356445,-0.07355135482843715,0.43613191051852657,-0.06565046343900083,2.1950875571112394,2.2265512619306804,-0.03151978138050232,3.005825159065147,5.577754446644494,-0.1949575347844569,0.712203735420105,-0.5044882262404332,0.47634668928911494,3.610304518336914,-1.5681822935687464,-1.7182543913470667
0.509608268737793,-0.07357948399653372,0.43611569791613475,-0.06564630840909007,2.1950154027262907,2.2265332069914043,-0.031451480321288694,2.500283015612097,5.577810917136659,-0.3423530668620029,0.7106306210209632,-0.5130317347783432,0.48510476920580414,3.6103169161030273,-1.5682571570025843,-1.718170468007223
0.5116283893585205,-0.07362099343499316,0.43612399768105764,-0.06565388231863067,2.1950098094320962,2.2265370721823605,-0.03146368767205587,2.799524982444146,5.919394802542361,-0.3307701838652951,0.7016676664251752,-0.5046687193929201,0.4757280721713424,3.6103240686604003,-1.5682509581195276,-1.7180784384356897
0.5136480331420898,-0.07367372551033992,0.4361246993380704,-0.06565395935878711,2.1950465173529268,2.2265139454988923,-0.03143609010435141,2.47661228295525,5.290213581769749,-0.2667673834762946,0.7027989975336153,-0.5148467478636733,0.48126117626356585,3.610304518336914,-1.5682509581195276,-1.7179272810565394
0.5156710147857666,-0.07370017796739374,0.4361163180119415,-0.06565676396882929,2.1949665627636716,2.2264958222437556,-0.03135967601250747,2.74215802593086,5.95812997321353,-0.37314959694615313,0.7044924642396285,-0.4970077519727306,0.4815833265326081,3.610304518336914,-1.5683334509478968,-1.7178433577166956
0.5176904201507568,-0.07373699952767093,0.4361201951420731,-0.06565719262917546,2.1949996677263393,2.226459403198391,-0.03135464231426874,2.3760045155939435,5.666754118309136,-0.3416469913385344,0.7098983908397848,-0.5047362018357022,0.481296630068287,3.6103154855915527,-1.5683348814593714,-1.7177231947528284
0.5197103023529053,-0.07377508969113247,0.43611824200650917,-0.06566113463592968,2.1949975991719075,2.226430953460513,-0.03130030199503846,2.382860328289973,5.6455216253122495,-0.14145638497524143,0.7037451836440796,-0.5148378784039395,0.4844987795360274,3.6102892595478515,-1.5683706442462366,-1.7175996939288538
0.5217306613922119,-0.07379888045741911,0.43613021996364026,-0.06564983470299907,2.1949533008985442,2.226441669027372,-0.031209589815681383,2.7951641487366974,5.661549117254206,-0.1867315224614028,0.6990013280490888,-0.5166193161421465,0.48434595204808584,3.6103007036396484,-1.5684226194964808,-1.7175315062152308
0.5237517356872559,-0.0738428787744566,0.43612070531717156,-0.06566467898954156,2.1948663085296185,2.2264568237508833,-0.031194842405097234,2.622475305773684,5.7411891124956,-0.04420181464041273,0.7111400315516541,-0.5089569180986129,0.48277760743352416,3.610293074245117,-1.5684660116778772,-1.717449967061178
0.5257723331451416,-0.07387908415636701,0.43612802254170974,-0.06565678207553735,2.194922646050763,2.2263951957240216,-0.031173458078718866,2.825622059367478,5.701959783038198,-0.07838926189842942,0.7115578536209809,-0.5058860929556337,0.4788896348457813,3.6103240686604003,-1.568474594746725,-1.7173035780536097
0.5277936458587646,-0.07391724156191644,0.43611127857349863,-0.06566862093432349,2.1949174863548095,2.226355011334082,-0.031151035705601026,2.652919681132819,5.371975498957178,0.23729343094786226,0.7100065005655831,-0.5097813623409764,0.4942132333434324,3.6102892595478515,-1.5685065428363245,-1.7171834150897425
0.5298311710357666,-0.07395231890241426,0.436151848179624,-0.06564934272830888,2.1949027424093255,2.2263753802012243,-0.031023345599970345,2.7850764625487856,5.642110859342899,0.013168656068103912,0.7008096265676239,-0.5090268775747275,0.4791187387105083,3.6103083330341796,-1.568549935017721,-1.7170756498919886
0.5318515300750732,-0.0739697448107364,0.4361415662887708,-0.06565524525485399,2.1948757692764627,2.226350063018602,-0.031010984441849857,2.3256052833794407,5.754502177447519,-0.017084087178691948,0.7116156631313741,-0.5057876021672209,0.4803194620881779,3.6103097635456542,-1.568582836781637,-1.717017952595846
0.5338718891143799,-0.07402627807633624,0.43613173770460345,-0.06566356135467828,2.1948683355980028,2.2263145129801516,-0.031012593648659794,2.4843187585205344,5.9393351800959735,-0.24472825845582458,0.7055006009528814,-0.5009907778226327,0.4758752686781088,3.6103169161030273,-1.5686028639422815,-1.71686298051943
0.535895586013794,-0.07405920948942414,0.436125826306612,-0.06565717205639254,2.1948505975572443,2.2262973452561834,-0.03097353370777605,2.232337801055435,5.417162226049788,-0.1572649569870951,0.7100840235692369,-0.5076424892869745,0.4826197502987147,3.610332651729248,-1.5686352888690394,-1.7167671362506312
0.5379233360290527,-0.0740914144977361,0.4361232542350664,-0.06566159505061525,2.194797295767313,2.2262734053442177,-0.03087625837578101,2.3824152869484485,6.01383725302525,-0.20063517945414477,0.714090674440575,-0.49790200722891004,0.4732083153571097,3.610304518336914,-1.5687139670001429,-1.7166555563556116
0.5399520397186279,-0.07414128111642965,0.43613159147788066,-0.06566894880113264,2.1948035469827762,2.2262797897853464,-0.030870487275511685,2.2436947948801107,6.190153362130995,-0.43606028041292605,0.7229596340356977,-0.500358657967989,0.4722972650310959,3.6102892595478515,-1.5687063376056116,-1.7165406386004847
0.5419802665710449,-0.07417581316659869,0.43612510712777697,-0.06567386285446124,2.194774135573056,2.226285123061614,-0.03088778873967229,2.2697332653251645,5.5298069531406036,-0.3970499807844403,0.7378427601237136,-0.5001806242705771,0.48305754705369686,3.610304518336914,-1.5687111059771937,-1.7164743582354944
0.5440082550048828,-0.07420464879772852,0.43613167601013564,-0.06565904995873886,2.1947945804920788,2.226256611261099,-0.030751313174319037,2.3700041236996325,6.114424986726316,-0.3590606482628578,0.729395976311609,-0.5001072986577384,0.4773759543007275,3.6102658945270996,-1.5687664190875452,-1.7163470427142542
0.5460360050201416,-0.07426209241137495,0.4361198267630041,-0.06566737534049642,2.194650359749107,2.226299496396307,-0.030765242959009,2.5198322819273624,6.457285055644121,-0.39019196312197313,0.7359739832839789,-0.4941118398856929,0.4756142481933885,3.6103240686604003,-1.5688141028033655,-1.7162702719317835
0.5480639934539795,-0.07427255690107616,0.4361222350004328,-0.06566883608898018,2.194718573976582,2.226209324234826,-0.03072176677988031,2.307681671737932,6.018842744567062,-0.2568643610695597,0.7535617913238503,-0.5026577406062097,0.47948750446377697,3.6103083330341796,-1.5688422361956995,-1.7161553541766565
0.5500922203063965,-0.07432443757219531,0.43612437016049366,-0.06566878418996541,2.194739390869382,2.226218347292224,-0.030718096552767984,2.4456236000377185,5.826819997408107,-0.364058503612232,0.7580247184024732,-0.5080472525291416,0.48253291544999916,3.610297365779541,-1.5688241163836878,-1.716039005910055
0.5521211624145508,-0.07435780312487159,0.43613274231002974,-0.06566249451481301,2.194713706951934,2.2262059320138965,-0.030605790316741505,2.560590525336104,6.182441816862473,-0.2562083394148815,0.7519228910179092,-0.5030249941927382,0.4760228453973239,3.6102768617817382,-1.5688865820514124,-1.715924088154928
0.5541608333587646,-0.07439862959216184,0.4361039528878451,-0.06567489679417107,2.1946377176876113,2.226178866405066,-0.030633606040610578,2.4299557497840376,6.330546246940786,-0.15080697958367303,0.7579855707199705,-0.4986475179588242,0.47698028720273733,3.6103083330341796,-1.5689309279071253,-1.7158315817462366
0.5561971664428711,-0.07443134828594632,0.4361251962406023,-0.06567172132586535,2.1946608665098477,2.2261602305463555,-0.030598939253932093,2.276014102706326,6.205899066661056,-0.42498094617346555,0.7607576827647341,-0.5031785652012837,0.47767060346311446,3.6103240686604003,-1.568939510975973,-1.7157233397113245
0.5582246780395508,-0.0744757325446528,0.43611775933215835,-0.06567303100705865,2.194641558227909,2.2261316613373023,-0.030528016041237827,2.147088899248813,5.8845343219847965,-0.35270512112663815,0.7667635724761054,-0.5015549902349767,0.4780659440637814,3.6103007036396484,-1.5689910093890589,-1.7155845800982874
0.560248613357544,-0.07450281409075142,0.43611223895483575,-0.06567517789798427,2.1945918546004894,2.2261100147812805,-0.030513808886754586,2.385991407758439,6.095003017788962,-0.3059809480908319,0.7622631527548233,-0.4999699570728352,0.47929856816699173,3.6103359895893554,-1.5690344015704554,-1.7155078093158167
0.5622706413269043,-0.07454397602205706,0.436112749031595,-0.06567545255892149,2.194619546215358,2.226072134300005,-0.030456818604629968,2.651367612268705,6.416478733646011,-0.4070714624576641,0.7614898419329023,-0.5016399570291092,0.4756436018292536,3.6103083330341796,-1.5690596739398401,-1.715365235005514
0.5642926692962646,-0.07460356297103077,0.43610387156871655,-0.06567983531307485,2.1945319208426466,2.2261091816089005,-0.03045919454022463,2.5852422225620684,6.2163048156326415,0.04677185977793036,0.7641669896429923,-0.5032577536922829,0.4780050202501891,3.6103359895893554,-1.5690835157977503,-1.7152693907367151
0.5663151741027832,-0.07461069697812572,0.43613197635892026,-0.06566761730315278,2.1945639013179576,2.22608374424105,-0.03032554966291599,2.574994009055306,6.096195413863639,-0.2923071628044094,0.7718439695881139,-0.5063881669872874,0.4751086556683586,3.610304518336914,-1.5691307226764124,-1.7151873747455042
0.5683374404907227,-0.07465181733807587,0.43611717608385614,-0.06568339224992818,2.1944962948033107,2.22606355282641,-0.030312926701274487,2.4571793188867326,6.268530001055082,-0.2500575256626824,0.7691826130181435,-0.5111489183009064,0.47640265482671307,3.6103007036396484,-1.5691822210894983,-1.7150843779193323
0.5703582763671875,-0.07468642945138011,0.43612521076087685,-0.0656701316157339,2.194519479873889,2.226042059821498,-0.03024158700373264,2.571636876923656,6.204290622766203,-0.11410389497200973,0.7682915438769363,-0.5183839136445122,0.48031222617455543,3.610304518336914,-1.5692065397845667,-1.7149646917926233
0.572378396987915,-0.0747257246058085,0.43609981275689896,-0.0656896572953911,2.1944678430595017,2.226000236381097,-0.030286666948968238,2.7780228308540393,6.188675561991644,-0.030228288154299787,0.7727583714675333,-0.5094549739068589,0.47558485291528046,3.6103240686604003,-1.5692389647113245,-1.7148645559894007
0.5743985176086426,-0.0747674258215846,0.43611738609407147,-0.0656837571150009,2.1944927344986693,2.2260257969755215,-0.030205622018704,2.5429929101926687,6.497604683217204,-0.2542532430746528,0.7774846217951956,-0.5125008770863959,0.47758318612234585,3.610273523921631,-1.569239918385641,-1.7147606054889124
0.576418399810791,-0.07480784130665824,0.4361041434996783,-0.06568955975132673,2.194503020609904,2.2259737538841122,-0.030238291182355378,2.6921115574057164,6.385317019753956,-0.047908556082438325,0.7768803816455689,-0.5153611457689437,0.47475877248885917,3.610304518336914,-1.5692480246173304,-1.7146366278277796
0.5784425735473633,-0.07484047032587615,0.43610709546300475,-0.06568689532832343,2.1944501899723003,2.225983182447324,-0.03017104265236254,2.494162446911973,6.191063402001727,-0.008595654327215152,0.7747196569204599,-0.5208731767836596,0.47539728808253284,3.610304518336914,-1.5692961851703089,-1.7145565191852015
0.5804643630981445,-0.07487996710467257,0.43611879693308986,-0.06568549448532189,2.194428216906652,2.225979056832526,-0.03010844456689086,2.4979547972092013,6.41856456541331,-0.1636909873531381,0.7855047531527837,-0.5076487830977136,0.4799127823503393,3.610304518336914,-1.5693324247943323,-1.714444939290182
0.5825009346008301,-0.07490962440842243,0.43610644090606476,-0.06569274969594394,2.194401943263281,2.2259544532559077,-0.030095986421135947,2.4985821614873003,6.342142917498144,-0.30130892538640386,0.787412112027733,-0.5098472840936538,0.47919991400032086,3.6103007036396484,-1.5693638960467737,-1.7143600622760218
0.5845212936401367,-0.07495232641725111,0.43612136605377416,-0.0656845144022653,2.194395983535525,2.225982549020967,-0.030046339148760447,2.5834904570795727,6.214657006074499,-0.09943090354134282,0.7864090487798255,-0.5100098877363078,0.4798358150254804,3.6103007036396484,-1.5693681875811976,-1.7142675558673304
0.5865414142608643,-0.07497078839549118,0.4361159221670379,-0.06568815283413132,2.194403831822528,2.2258891825437033,-0.029941679551818357,2.6156920588228565,6.402201274923216,-0.1039766770085008,0.7895884245785321,-0.5111408258348746,0.47698502288805195,3.610269709224365,-1.5694549719439905,-1.7141249815570276
0.5885632038116455,-0.07499864328023913,0.43611506452238136,-0.0656906366448241,2.1943875061345306,2.225874289147067,-0.029930336478188223,2.6012738372104205,6.579167755227614,-0.2127928105032277,0.7940752941590531,-0.5102261100529475,0.4804739933807866,3.6102821069904785,-1.569474999104635,-1.7140477339373987
0.5905838012695312,-0.07505419855311858,0.43612764765948303,-0.06568343243481872,2.1944052983204605,2.225871289990987,-0.029886625875358352,2.784355819073497,6.59742371489529,-0.17865744935628067,0.7899388058820378,-0.5127158642335584,0.4812567580968353,3.6102892595478515,-1.5694802443133753,-1.713900391255514
0.5926041603088379,-0.0750777585705712,0.4361241315872445,-0.06568598828647601,2.1943747464171097,2.225824271725195,-0.02982030888429435,2.5320525648255985,6.399475918236114,-0.22410635133069873,0.7894682823243265,-0.5178863894256867,0.4753689096684915,3.6102892595478515,-1.569547478352682,-1.7137959639178675
0.5946242809295654,-0.07512762851145169,0.4361010017192779,-0.06569055410167404,2.1943649973090356,2.2257982053805,-0.029872981931773058,2.284973748533858,6.551893802580691,-0.38054718484750993,0.7977022932184945,-0.5092555648052542,0.48167781077468796,3.6103240686604003,-1.5695441404925745,-1.7136810461627405
0.596644401550293,-0.07516999105321948,0.43612524998082863,-0.06568061815154494,2.1943436103464604,2.2258477755993353,-0.029742521746351874,2.576293618960118,6.408770100850619,-0.40543486448295857,0.80154240741638,-0.5066493553596418,0.47901481238204907,3.610273523921631,-1.5695765654193323,-1.7135852018939417
0.5986642837524414,-0.0751829285398609,0.436108380423763,-0.06569763617555781,2.1942916682793565,2.225755082515345,-0.02973446956040105,2.5407215779425836,6.313837078910039,-0.41884633114470027,0.7930343268500218,-0.5274061498130376,0.48232743783543536,3.610304518336914,-1.5696590582477015,-1.7134893576251429
0.600684404373169,-0.07522801029565587,0.4361101607924625,-0.06569143812818248,2.1943089233737543,2.225763329451883,-0.029748696678125484,2.757683235364983,6.536991320213549,-0.370145773121872,0.7904503934494174,-0.5269553661275734,0.4843548554931704,3.6103288370319824,-1.569636646901266,-1.7133930365191858
0.6027045249938965,-0.07527005415656671,0.4361164847390996,-0.06568373030985811,2.194286898498108,2.225783529533577,-0.029652802271431737,2.6572496418977787,6.614489438023658,-0.5078343262033771,0.7967884781928962,-0.5218667143460474,0.47703711502766993,3.610297365779541,-1.5696724096881312,-1.7132886091815394
0.6047241687774658,-0.075288250507611,0.4361028909626868,-0.06568572072605676,2.194261930794452,2.2257187071848166,-0.029604788667166725,2.6043476563411483,6.798706421996824,-0.8073076791221173,0.8012066155597389,-0.524411746742229,0.4772026502851797,3.6103083330341796,-1.5697396437274378,-1.713189427052633
0.6067442893981934,-0.0753253156051447,0.43611233703935715,-0.06569065591352277,2.194231785847955,2.2257156738456785,-0.029571422247922544,2.7473572676774505,6.627934572687039,-0.6466286494075519,0.7951111420724669,-0.5352931902789028,0.4782358442078792,3.6103131014057617,-1.5697687307940882,-1.713093105946676
0.6087641716003418,-0.07537171245418599,0.43610170656896646,-0.06569467493160121,2.1941707936252697,2.2257323792607937,-0.029538639545811346,3.0452967590644757,6.635244483179367,-0.6709639287875195,0.8028493668998955,-0.5338999497236997,0.47601580469571225,3.610304518336914,-1.569803539906637,-1.7130005995379847
0.6107842922210693,-0.07540853880563207,0.43609842592531456,-0.0656946938944715,2.194158777519502,2.2257023230389974,-0.029487371176047845,2.886077777297083,6.548001508228514,-0.8776305651761193,0.8121953483245696,-0.5388630307738332,0.4842754420216378,3.6103007036396484,-1.5698445479022425,-1.7128809134112757
0.6128044128417969,-0.0754316574508814,0.4361154476850541,-0.06569124066944322,2.194162250833211,2.2256986743721168,-0.029462434578428637,2.789425984061169,6.439320621104437,-0.8174985620014452,0.8136845020613266,-0.5511353423326258,0.4780475857276799,3.610320730800293,-1.569852654133932,-1.7128127256976526
0.6148242950439453,-0.07545768066515839,0.43611868698459433,-0.06568703561191849,2.194221635641911,2.2256223086945557,-0.029370416820987278,2.9044546147936545,6.4564897972516775,-0.8907559488169218,0.8112252692330507,-0.5429860860273994,0.48500957433946595,3.610285921687744,-1.5698960463153284,-1.7126615683185022
0.6168456077575684,-0.07550745188838841,0.43610802362047146,-0.0656935653491545,2.1941619259326166,2.2256366715081475,-0.029375366409924848,2.9510571924904423,6.7646874446755625,-0.8066422498410724,0.8124070026214208,-0.5354097930815389,0.4806205374639606,3.6103007036396484,-1.5699165503131312,-1.7125685850726526
0.6188716888427734,-0.07554414846019206,0.43609757177032765,-0.06569788751911233,2.1941484781479375,2.225597020008056,-0.0293926063441948,2.68770271874477,6.944494821386482,-0.8648386405233013,0.819404865902356,-0.5357914284991003,0.47998375155752687,3.6103359895893554,-1.5699370543109339,-1.7124608198748987
0.6208999156951904,-0.07557285067681159,0.4361129548350492,-0.06570175801851516,2.194104379468794,2.2256011820655646,-0.029280726864737965,2.7967394703980384,6.85039737248857,-0.8586085537822593,0.817013039235087,-0.5429724980436493,0.4763085417115046,3.6102935510822753,-1.570000950490133,-1.712369743977682
0.6229252815246582,-0.07561141512618955,0.43612113368423544,-0.06568349444253654,2.1941139279869866,2.225618176645982,-0.029227714232813392,2.811429571656981,6.409231227021176,-0.7803685908799615,0.8222490518976304,-0.5415807456868359,0.4841539716850764,3.6103097635456542,-1.5700042883502405,-1.7122777144061487
0.6249527931213379,-0.07565016414528296,0.43609560850801204,-0.06570991805274902,2.194033699197909,2.2255727569612063,-0.029248730509158386,2.7551490193015766,6.840385519705246,-0.9579979719504832,0.8234059611123143,-0.5398629405333498,0.48030478841346275,3.6103131014057617,-1.570063892995016,-1.712172810231344
0.6269783973693848,-0.07567758773530621,0.43609398625409984,-0.06569963555640791,2.1940679171443196,2.225513374763166,-0.029225365458127026,2.4394093169684874,6.761355116254067,-1.0111954679610737,0.8314871769103006,-0.549714913252934,0.4792800174404929,3.610351725215576,-1.5700848738299769,-1.712053124104635
0.6290028095245361,-0.07571883751781587,0.4361032409998435,-0.06570157868997491,2.1940045378448807,2.2255460657775843,-0.029151422935076995,2.8049148083525757,6.676227334941547,-0.9559266217895075,0.8307241420428293,-0.5430798650940541,0.48472426384352757,3.610332651729248,-1.5701282660113733,-1.7119692007647913
0.6310279369354248,-0.07575527334646084,0.43609707073197346,-0.06570311783291798,2.1939955400710383,2.2255174874536676,-0.029135581177085236,2.7210054776143693,6.692495892146903,-1.0032875159963652,0.8367560274938559,-0.5435864043280862,0.4807695613230395,3.610344572658203,-1.5701530615436,-1.7118609587298792
0.6330509185791016,-0.07578026460320049,0.4361018880719613,-0.0657073117938534,2.19401218620366,2.225468233783648,-0.029044509568941994,2.5627911920348234,6.851089115406644,-1.2537785241962947,0.8377687784971375,-0.540422656079024,0.47818636522312546,3.610297365779541,-1.570205036793844,-1.7117379347430628
0.6351113319396973,-0.07580789776025632,0.4361044417881369,-0.06569820135323834,2.194034929245483,2.225406014685795,-0.02901553446352738,2.688361145774381,6.7624776587946585,-1.2234222560476822,0.8407631827532888,-0.5405434572710158,0.47987645924648903,3.610344572658203,-1.5702360312091272,-1.71161395708193
0.6371324062347412,-0.0758421508665201,0.43609034353726767,-0.0657070497490298,2.193976812143208,2.2254000627162625,-0.029018746790276776,2.7882197890558467,6.849298639984184,-1.3554375213990613,0.8399844795236145,-0.5455893304012429,0.47961446467558266,3.6103569704243164,-1.570268456135885,-1.711541000996725
0.639153003692627,-0.07588920282392507,0.43610058689732484,-0.06570410641866566,2.1939828822291934,2.2254059310549437,-0.02894194852239587,2.8562879795870786,6.87350035919287,-1.3923215551455648,0.8413437642108235,-0.5491090722391166,0.4811246657865335,3.6103216844746093,-1.5702889601336878,-1.7114141623126429
0.6411733627319336,-0.07592881154548801,0.43610054128001097,-0.06570290311443357,2.193960951815423,2.2254024414072666,-0.02890953466585775,2.7839820008985914,6.919466894681266,-1.593313025625841,0.8465378448828023,-0.5526327298644275,0.48095735204612944,3.6103288370319824,-1.5703132788287562,-1.7113140265094202
0.6431958675384521,-0.07594992417638935,0.43609633403936787,-0.06569874236408446,2.1939618798526754,2.225345359978409,-0.028853227722780136,2.8579398356249803,6.454372105757553,-1.3849608665073723,0.8536535193162801,-0.5593493885607268,0.48617231750109396,3.6103407579609375,-1.570364777241842,-1.7112067381488245
0.6452245712280273,-0.07600481383617871,0.4361054368113772,-0.06570379002886809,2.193861152164978,2.2254153150762654,-0.028797405596461077,2.7544638981767706,6.646445276324842,-1.4313506317198017,0.854289552580379,-0.5635229979753632,0.48341232798777406,3.6103288370319824,-1.5704005400287073,-1.7111294905291956
0.6472482681274414,-0.07602711798666137,0.4361028862591125,-0.06570633332554875,2.193859585617757,2.225354371070006,-0.02877938899720066,2.858992197210731,6.893703706216127,-1.6621107435741143,0.8527797025731176,-0.5513732581156202,0.4891307477557958,3.6103569704243164,-1.5704405943499964,-1.7110255400287073
0.64927077293396,-0.07606094154750884,0.4360931478378398,-0.0656986451454044,2.1939338206606043,2.2252649723951254,-0.02871327652829777,2.7312128628695227,7.180692807712351,-1.603706962483323,0.8560429178370041,-0.5636524130968712,0.4771923592359529,3.610336943263672,-1.570472542439596,-1.7108548323260706
0.651298999786377,-0.0761005721587279,0.4360953150209502,-0.06570982799751812,2.1938897534165656,2.225290449499408,-0.02873912530453018,3.119010020720741,7.075649971306683,-1.6780261923093818,0.85147724103408,-0.5627917377820969,0.47868555704878196,3.6103479105183105,-1.5704706350909632,-1.7107937971698206
0.6533229351043701,-0.07614759767201298,0.43608711682312706,-0.06571237805238932,2.193839702804399,2.2252915196042995,-0.028722264437168053,2.947032357267077,6.941767426273726,-1.5240603540560784,0.8566920403134329,-0.5603358802034505,0.48068990040302106,3.6103641229816894,-1.5705016295062464,-1.7106893698321741
0.655348539352417,-0.07618947507474615,0.4361045054010589,-0.06570087354315626,2.1938573214115067,2.2252818291339356,-0.028610859980221927,2.876027337225344,6.8915242209129435,-1.633156128792178,0.8696182189287587,-0.551256683646731,0.47911380652445174,3.6103407579609375,-1.5705378691302698,-1.7105501333819788
0.6573710441589355,-0.07622060023699577,0.43609537509261254,-0.06570882386573082,2.1938186981128913,2.2252560923630558,-0.028557261119407054,2.9520593447823558,7.342250402746006,-1.670072863038557,0.8677212517191614,-0.5568974806427448,0.47874559477429424,3.6103178697773437,-1.5705927054034632,-1.7104509512530726
0.6594171524047852,-0.0762435179354167,0.4360926094482792,-0.06570581762158806,2.1938368033462887,2.225205712736818,-0.028564599537260225,3.0560616653056045,7.006625870732402,-1.4956473756681552,0.8719137197982114,-0.5637550129008397,0.47994655889741356,3.610360308284424,-1.5706060568438929,-1.7103584448443812
0.6614382266998291,-0.07628985209235857,0.4361083254963827,-0.06570814756019483,2.1938261749990056,2.225216989351944,-0.02850401889455511,3.075907928461304,6.7849594303195815,-1.7242091223632778,0.8827422334661985,-0.5615452895176795,0.48210525911091495,3.610336943263672,-1.5706265608416956,-1.7102416197406214
0.6634752750396729,-0.07629394381833188,0.43610077381759565,-0.06570606355484182,2.1937974885615317,2.225126173769852,-0.028399231161890817,3.056836293105672,7.187500774387992,-1.702908309395229,0.8843377556613892,-0.5622960939045347,0.48546148901376546,3.610344572658203,-1.570732895527975,-1.7101386229144495
0.665503978729248,-0.07634744895095497,0.4360954976267272,-0.0657110704837362,2.1937398548472715,2.225145278785345,-0.028435034157882295,2.9281195056376843,7.303773762658126,-1.6234510939346847,0.8824796938592231,-0.5636329441119152,0.48072201578284013,3.610391779536865,-1.5707371870623987,-1.7100465933429163
0.6675288677215576,-0.07642010223135762,0.4360974295808271,-0.06571212577802428,2.1937150689992433,2.225122462163995,-0.02830709067143452,3.024464127341336,7.071419776226765,-1.7994567662605772,0.8932159458460928,-0.5593888628061028,0.47914086437383013,3.610344572658203,-1.5708091894732874,-1.7098305861102503
0.6695480346679688,-0.07646504288702809,0.43607601728558215,-0.06572424844911928,2.1936875889675114,2.2251038365768023,-0.028314220404525102,2.870591203017608,7.4818370963226934,-1.91418054087426,0.8883749839074032,-0.56586961797746,0.4814975760976319,3.6103288370319824,-1.5708296934710901,-1.7097228209124964
0.6715679168701172,-0.07650143807444444,0.43611152176035467,-0.06571089781035065,2.1936509055365985,2.2251451283703068,-0.028207964464122,2.7943496741756633,7.272111963921323,-1.7000808999689745,0.890388563647532,-0.561478557953853,0.48374093400706125,3.6103407579609375,-1.5708659330951136,-1.7096384207354944
0.6735901832580566,-0.07653181797684226,0.4360823031644587,-0.06572353647711411,2.1935707281438064,2.225134499585836,-0.028191576093050365,3.0574387095882845,7.433618075492733,-1.9048630920990257,0.8873278024205825,-0.5649119820736668,0.4836319305179498,3.6103250223347167,-1.5709212462054651,-1.7095726172076624
0.6756141185760498,-0.07657567647121204,0.43609726583861985,-0.06571447084610713,2.193609975584399,2.2251005803189243,-0.028125080034062073,3.0319001134906203,7.300638229437278,-1.9731151657838952,0.8934670052267747,-0.5734673897077854,0.48325599977295963,3.6103288370319824,-1.5709412733661097,-1.709419075642721
0.6776421070098877,-0.07660409052349887,0.43607999415647575,-0.06572902582052971,2.193607057981352,2.225038404231389,-0.02812076618968666,3.045080443228026,7.062981436568136,-1.6524311309572681,0.8974435522061383,-0.581270058755394,0.4868003831824543,3.6103131014057617,-1.570977512990133,-1.7093079725848597
0.6796700954437256,-0.0766394933303671,0.4360834868373246,-0.06573747099538083,2.1935413820794745,2.225048170049074,-0.028114031861420054,2.916741764296413,7.4001803859001,-1.834705529932749,0.902021216316973,-0.5769922192358752,0.48102189869521045,3.610336943263672,-1.5710089842425745,-1.7092378775226038
0.6816980838775635,-0.07666977015216875,0.43607754851559244,-0.06572863167913713,2.1935724243035604,2.224980396028011,-0.028016741021998682,2.7199122382777055,7.218341882404859,-1.6620435489388181,0.904083252114435,-0.577961439888328,0.48678326318034665,3.6103169161030273,-1.5710652510272425,-1.709088150654928
0.6837263107299805,-0.07671718508025961,0.43607420526826235,-0.06572434958671369,2.193538647084897,2.224995871963563,-0.02803289183216977,3.2841513883732665,7.495795959939947,-2.0173421506340588,0.9044918603882065,-0.5783710211182788,0.4837423971987636,3.6103641229816894,-1.5710662047015589,-1.7089994589435022
0.6857542991638184,-0.07675757692970993,0.43608786089716073,-0.06572342009363283,2.193483390133072,2.2250345121519475,-0.027947768844833177,3.4820621892019075,7.1714475792391905,-1.686228015398994,0.9147519717046089,-0.5816853344323608,0.48411905487402696,3.6103407579609375,-1.571106259022848,-1.7089174429522913
0.6878213882446289,-0.07679189570836634,0.4360838722141301,-0.0657223010128979,2.1934422453959037,2.2250218534387143,-0.027886774056336203,3.1214636151887833,7.649233490753994,-1.8188472432841558,0.9084039649687116,-0.5865768913725612,0.4879003658688185,3.6103407579609375,-1.5711577574359339,-1.708818260823385
0.6898441314697266,-0.07683289701696072,0.4360550202690457,-0.06574658780072974,2.1934394570898714,2.2249573640968063,-0.028004903435996008,3.342441418797925,7.764111800073826,-1.9255540185609388,0.9121242016986912,-0.5809435333654465,0.48157736451443484,3.610379381770752,-1.5711467901812952,-1.708710018788473
0.6918678283691406,-0.07685171442527484,0.4360913629641813,-0.06573121622319997,2.1935261039247123,2.2248928446946534,-0.027845514676594615,3.3432965884567154,7.493782227493389,-1.8131290250820606,0.9219060572901043,-0.5753502754256318,0.489726453102595,3.6103407579609375,-1.5711949507342737,-1.7085555235492151
0.6938965320587158,-0.07690095453555529,0.4360614535576986,-0.0657473141643135,2.1933815021332537,2.2249274723471753,-0.02783544019245321,3.179522720618395,7.414092684992096,-1.6701581762961952,0.9247079322906977,-0.5748404798494898,0.48774165188783886,3.610336943263672,-1.5712574164019983,-1.7084906736956995
0.6959240436553955,-0.07691869906336973,0.4360909551393054,-0.06573961270926217,2.1934150594951376,2.2248861883252258,-0.027749301266284093,3.2930401587168325,7.475211430386526,-1.7130788458562134,0.9299042105311947,-0.5720991685898618,0.48480163350089134,3.610344572658203,-1.5712936560260218,-1.7083829084979456
0.6979522705078125,-0.07698190173112879,0.4360638578807134,-0.06574466093801291,2.1934037114080485,2.2248909922825835,-0.027806382091281542,3.4527910904512438,7.4100790023498915,-1.863940524246263,0.9348733321559616,-0.5799736554739696,0.4841307898418262,3.6103569704243164,-1.5712717215167444,-1.708264176045553
0.6999800205230713,-0.07701002728992627,0.43606237818200333,-0.06575014076288549,2.193383913224767,2.224839982163979,-0.027740930174103028,3.2172412392971745,7.476330441062103,-1.8294391605069593,0.9348264622009554,-0.5938722807032939,0.48830540467073513,3.6103479105183105,-1.5713346640216272,-1.708144489918844
0.7020080089569092,-0.07705393548977668,0.43608683082833993,-0.0657393011733435,2.193316047002521,2.224918083953863,-0.027587966713610308,3.277256137271797,7.508527279633623,-1.6638850893241726,0.94293169176046,-0.588991536291166,0.4884663915670396,3.610297365779541,-1.5713861624347132,-1.7080672422992151
0.7040362358093262,-0.07707299645816863,0.43607771332414946,-0.06574291667177505,2.1933046846882096,2.2248359522798435,-0.027574961496698677,3.1147726569759113,7.753907317654992,-1.677471927779619,0.9410419784578673,-0.5903894462228724,0.48583138024786876,3.6103407579609375,-1.5714414755450647,-1.7079580465899866
0.7060644626617432,-0.0771055001706731,0.4360861333673362,-0.06575011622362752,2.193357690181504,2.224790145171533,-0.02756586260102432,3.1665269446181927,7.621454004294603,-1.7900056459761104,0.9469131249112797,-0.5983604007589809,0.4839925311888037,3.6103250223347167,-1.5714390913592737,-1.7078359762774866
0.7080919742584229,-0.07714699240181719,0.4360820984178526,-0.06574607107482362,2.1932968945770743,2.224813493251648,-0.027502932507824093,3.3897219629759143,7.738698304573252,-1.7980451110852227,0.9497178294654304,-0.5989623654957832,0.49163377871348485,3.6103216844746093,-1.571482006703512,-1.7077506224261683
0.7101202011108398,-0.07717257483913596,0.43609613853976,-0.0657349127560924,2.1932907521794927,2.224792503713264,-0.027421576891833804,3.505975516355839,7.843537698737396,-1.9424364094360946,0.9506162448642961,-0.6068087289349726,0.48337960045640177,3.610339804286621,-1.571526829396383,-1.7076509634601038
0.7121479511260986,-0.07723612617702261,0.4360835849612449,-0.065743191528187,2.1932338611950035,2.2248272553024036,-0.02744194861230023,3.4458896593010757,7.672715418722967,-1.9620479051460202,0.9607619073039378,-0.6091558000190803,0.4867854629214305,3.610344572658203,-1.5715277830706995,-1.7075465361224573
0.7141752243041992,-0.07727080839258946,0.43604912849691924,-0.0657680146032712,2.1932292893682526,2.2247220554275255,-0.02750237860074091,3.5639176949614644,7.722610224985266,-1.6459286811589044,0.9572099850424373,-0.6117290206832914,0.4911512566613766,3.610360308284424,-1.5715630690204065,-1.7074077765094202
0.7162048816680908,-0.07728902891820558,0.4360521476309495,-0.06577025208654504,2.193175133298394,2.224686846268408,-0.027392494437550447,3.4805185423180354,7.581769214810191,-2.0332001079096167,0.9610208518423612,-0.6035850335073858,0.48849892376344145,3.610344572658203,-1.5716541449176233,-1.7073147932635706
0.718233585357666,-0.07733038435993614,0.4360706943194503,-0.06575661659871533,2.1931932720359133,2.2247053846586984,-0.02731312291526842,3.429350087181252,7.700842527541558,-1.996571627137368,0.9649837546663489,-0.6018541358585106,0.4895573019892313,3.610332651729248,-1.5716622511493128,-1.7072070280658167
0.7202627658843994,-0.07737930062921432,0.4360638701866316,-0.06577037584032255,2.1931484240403925,2.224736494949508,-0.02733245683780603,3.182209411317846,7.896748558956036,-1.9823155129965635,0.964126162165164,-0.6163851896667565,0.48728920165161727,3.6103169161030273,-1.5716598669635218,-1.707130257283346
0.7223246097564697,-0.07741214420149607,0.436071605678904,-0.06576454640341052,2.1931490521252637,2.224671228143146,-0.027235938552696282,3.479031266834844,7.844258819299991,-1.9108661607225472,0.9576552099530374,-0.610823065436113,0.4905155308373225,3.6103288370319824,-1.571730915700094,-1.7069757620440882
0.7243530750274658,-0.07744421777321825,0.4360669862473643,-0.06576809893703509,2.1931734820740516,2.224643201961798,-0.027224264643536625,3.2836558759160845,7.484951952696533,-1.882987522959242,0.9644188138089032,-0.6030243858274121,0.48631975419968776,3.6103131014057617,-1.571735684071676,-1.7068751494037073
0.7263827323913574,-0.07748412113740073,0.43607014173751946,-0.06577080707793034,2.1931013365566985,2.224658594352412,-0.02716675044293779,2.9353279039869733,7.84181345981149,-1.812679185901341,0.9675496167607374,-0.5966123392083484,0.4910971899890858,3.6103169161030273,-1.571787182484762,-1.706787411366598
0.7284114360809326,-0.07752608996982834,0.4360639284995677,-0.06577236290131447,2.1931236745077487,2.224612664600115,-0.02716190830186735,2.6684069944222553,7.679579810545664,-1.804579682416653,0.964877034937644,-0.6037784852436939,0.48507109649057795,3.6103288370319824,-1.5717995802508753,-1.7066519896136683
0.7304403781890869,-0.07755032291893917,0.4360823559623089,-0.06576938337812244,2.193100131126788,2.2246251390221423,-0.027063851004444948,2.9740437613137676,7.669813817723207,-1.7542118498101433,0.9624145357304521,-0.601130579685511,0.48777860420519226,3.6103007036396484,-1.5718424955951136,-1.706578556691305
0.7324693202972412,-0.07760359252249997,0.43605626965997846,-0.06577577806186358,2.19305892558784,2.2246175753727977,-0.027099902565943253,2.979016820773739,7.649434120506429,-1.6955761787032066,0.9716652855142418,-0.600299627428178,0.4890015886799492,3.6103240686604003,-1.5718525091754358,-1.7064703146563929
0.7344985008239746,-0.07763364350077911,0.43605884892486835,-0.06578187189029104,2.1930153470958333,2.224586600457658,-0.026988552389018074,3.0480554913164006,8.188877216586578,-1.7512650520297774,0.9730987941598634,-0.5896248898024432,0.48435653212480373,3.610285921687744,-1.5719354788409632,-1.7063520590411585
0.7365272045135498,-0.0776676076765084,0.43604428303668846,-0.0657877622676356,2.1929989920963395,2.224533659664974,-0.02701155530032129,3.037410632720218,7.977378957761069,-1.4639155197212392,0.9764274498578516,-0.5925772416279601,0.4867195817062331,3.610327883357666,-1.5719626585589808,-1.70624286333193
0.7385549545288086,-0.07770203503103325,0.436062097380228,-0.0657882035513022,2.1930120561342097,2.2245047331590353,-0.026925876245279822,2.967755361534117,7.713757608617429,-1.4834781883676857,0.9799224355520302,-0.5950570507120297,0.49546402009023227,3.610304518336914,-1.5720027128802698,-1.7061122099505823
0.7406177520751953,-0.0777504323267424,0.436059895631219,-0.06577979757057632,2.192963499326045,2.2245536718890673,-0.026857619094019035,2.93757118635419,7.612858111056535,-1.5648869463204147,0.9841281275379896,-0.5947099270417523,0.4947365750870933,3.610285921687744,-1.57202655473818,-1.7060282866107386
0.7426459789276123,-0.07776980943050942,0.4360645665841003,-0.06578238401630021,2.192982692289792,2.2244815183187754,-0.026785005107567983,3.0317804592861397,7.947561286562646,-1.5266177346970458,0.9816844883449134,-0.5958183321301375,0.4909944891051044,3.610273523921631,-1.572082821522848,-1.7059043089496058
0.7446739673614502,-0.07781388096453043,0.4360802992466941,-0.06577025240710571,2.192986816101288,2.224492705715003,-0.026774072639595158,3.283935468738036,8.067740809867283,-1.7743169343752276,0.9781473873982661,-0.6043781049633261,0.4908230681717093,3.6103240686604003,-1.572075668965475,-1.705803696309225
0.7467019557952881,-0.0778527483005044,0.4360544907101605,-0.06579020398169001,2.1928825917191266,2.2244743259746915,-0.026751014699058617,3.3415241413452064,7.437950553281941,-1.618935204498254,0.9829667339101985,-0.6020363081205793,0.4935618888127339,3.610311670894287,-1.5721505323993128,-1.7057116667376917
0.7487301826477051,-0.07787595058428436,0.436075040781141,-0.06578163100771758,2.19294820579022,2.224421559748344,-0.02667589127289994,3.0920231921966637,7.944406579200011,-1.5976404955319694,0.9764251790989196,-0.5963493497211566,0.4866930134199855,3.610304518336914,-1.5721710363971155,-1.7055843512164515
0.7507567405700684,-0.07792591956762829,0.4360665295636295,-0.06578189210425776,2.1929224886920995,2.224410994352095,-0.026658770917582807,2.780800193570867,8.102950802504807,-1.9204494997919666,0.9761662830691819,-0.6005674691638094,0.48651648807007974,3.6103193002888183,-1.5721948782550257,-1.705461327229635
0.7527811527252197,-0.07796305379156769,0.4360668907943007,-0.06578819653524094,2.19286997230299,2.2244287365694295,-0.02662834478352489,3.322919614004685,7.738242030158371,-1.7210577240628395,0.9745583844638296,-0.597250624847471,0.4870623651218923,3.610311670894287,-1.572223965321676,-1.7053874174701136
0.7548065185546875,-0.07800162777354773,0.4360397994480337,-0.06579720410018926,2.1928032490041076,2.224389718448809,-0.026590755655042653,3.470045755361541,7.852039534594498,-1.702421897752396,0.9657945784835098,-0.6001880173232309,0.484020566047496,3.6103083330341796,-1.5722950140582483,-1.7052724997149866
0.7568368911743164,-0.07802383817404412,0.43607961941275375,-0.06578666738470756,2.1928616162594463,2.2243932446757704,-0.026458050957970228,3.0908118116900902,7.945772161830244,-1.71307814021033,0.9707326478826244,-0.6081781041391836,0.4901865480480169,3.6102496820637207,-1.5723112265216272,-1.7051733175860804
0.7588846683502197,-0.07807734401349939,0.4360668877225313,-0.06579223620917755,2.1928307588503198,2.2243832035771574,-0.026505394952915245,3.483031320279792,7.863670080939867,-1.7419545799649254,0.9768039900100318,-0.6005067159253498,0.49315183108355637,3.6102968889423828,-1.5723121801959437,-1.7050603071795862
0.760911226272583,-0.07811137114228739,0.43607492871273623,-0.06579865705475002,2.192870010727296,2.2243285935662294,-0.02644999070333428,3.4361123090697037,8.000092423429459,-1.6158028580003028,0.9649050115001241,-0.6078637024097631,0.4854723713880567,3.610264940852783,-1.5723403135882776,-1.7049177328692835
0.7629387378692627,-0.0781382248925435,0.4360752140358762,-0.06580245000401785,2.192781889630834,2.2243545502888034,-0.02638045045689594,3.3224656697078547,7.657289721127707,-1.3750325333267708,0.9743686845650429,-0.6106628631504545,0.4870698080763518,3.610253019923828,-1.5724003950702112,-1.7048681418048304
0.7649645805358887,-0.07818690671552195,0.4360509690310611,-0.06580975914376866,2.19271244980699,2.224335233893246,-0.026389040246674957,3.23077113435179,7.801797116760198,-1.461800747667042,0.9808471185796596,-0.6052159586521602,0.49446604149518797,3.6102844911762695,-1.5724433104144495,-1.7047565619098108
0.7669916152954102,-0.07821179790400307,0.43605207559826276,-0.06581511648217563,2.192692045784079,2.2242752414745137,-0.026325150396883202,3.1266113860448645,8.006801484441793,-1.2848959473224175,0.9732767870401494,-0.6080638074111688,0.4954243713463852,3.610287829036377,-1.5725110212909144,-1.7046368757831019
0.7690167427062988,-0.07825024726449228,0.4360676913167165,-0.06581247208114646,2.1926729629351476,2.224325873829625,-0.026282526596110786,3.3358289750882664,7.735856306865975,-1.2859962949749217,0.9780564686273365,-0.5997929734163661,0.49261720787567176,3.610268755550049,-1.5725081602679651,-1.7045753637896937
0.7710447311401367,-0.0782976482373016,0.43604688500970745,-0.06582106014690352,2.1926621702601317,2.2242893613873718,-0.026270992247576775,3.2083175154852106,7.97002425864216,-1.1236159224108078,0.9767402435545949,-0.6094922601897609,0.49757088295128143,3.610253019923828,-1.5725362936602991,-1.7044408957110804
0.7730703353881836,-0.07832223876549652,0.43604552457652496,-0.06584264434437395,2.192622467157315,2.224251482049838,-0.02629513087791521,3.286753254002081,7.6563365113363115,-1.1209321680502042,0.9828587372798677,-0.603935806262464,0.4959969823261891,3.6102678018757324,-1.5725682417498987,-1.7043641249286097
0.7750978469848633,-0.07835406258551735,0.43605204427602096,-0.06582749603931375,2.192628421422974,2.2242398272568575,-0.02615689891729162,3.0332947538985233,7.886867764284411,-1.2118505897124863,0.9818965731746088,-0.5986438294473524,0.5019772074327642,3.610229178065918,-1.5726235548602503,-1.7042444388019007
0.7771239280700684,-0.07838484006144877,0.43603931967847603,-0.06584590234880226,2.1926268141951577,2.2241569448241747,-0.02616907627385572,2.9500304801715123,7.931093800878931,-1.2616048657118142,0.9857049787001803,-0.6015124299038656,0.4938815863430122,3.610236807460449,-1.5726636091815394,-1.704113785420553
0.779151439666748,-0.07842453877410155,0.4360680891495268,-0.06582831063270439,2.1925762061350156,2.2242327895890526,-0.026026300527417758,2.9544677389338423,7.719037201407457,-1.2012195646769137,0.989710239074323,-0.5958130318758573,0.49468213533554456,3.6102096277424316,-1.5727031866656702,-1.7040441671954554
0.7811763286590576,-0.07845687305508323,0.43607086147333934,-0.06582609446257157,2.192624649931234,2.224156249900393,-0.02600774404315478,3.164132452321998,7.855434569017292,-1.248867611946012,0.9906236558328692,-0.5925022137519054,0.4976199493523241,3.610236807460449,-1.572723690663473,-1.703897778187887
0.7832024097442627,-0.07848942998569855,0.43605691485819664,-0.06584319792497198,2.192542181361124,2.224185238597258,-0.025998008662413634,3.2393478853504445,7.955939909355676,-1.4430793560404611,0.9901946731479438,-0.5948140292564127,0.4909200437507504,3.6102048593708496,-1.5727556387530726,-1.7038558165179651
0.7852263450622559,-0.07853597327515416,0.436054861556822,-0.06583654805332054,2.192574570366246,2.224121174682017,-0.025963025431407383,3.250746413745624,7.825956493825658,-1.2036800064650648,0.9882578332724778,-0.5895711549971204,0.4958423292066177,3.6102329927631835,-1.5727837721454065,-1.7036855856524866
0.7872524261474609,-0.07857466107894194,0.4360518087460726,-0.0658404989565297,2.19253412254082,2.2241249356474486,-0.025904730515361078,3.185585061141525,8.013362738891932,-1.3887511335872214,0.992022190816176,-0.5920272013355838,0.4918307203620359,3.610208674068115,-1.572824780141012,-1.7035897413836878
0.7892777919769287,-0.07860326178427725,0.43605801862301696,-0.06584454404762866,2.1925495763935463,2.2241050351923524,-0.025876341228014743,3.104593589848877,8.10338306376326,-1.1876880488616877,0.9943789366470169,-0.5890979534591702,0.4943406183275237,3.6101929384418945,-1.572836701069967,-1.7034972349749964
0.7913045883178711,-0.07864159349835413,0.4360461723951103,-0.0658536519011219,2.192451421904022,2.2241197924630947,-0.02583529162855412,3.1716599622661503,7.705841165984429,-1.1820601576935932,0.9940781174266663,-0.5978992296063246,0.49894725874332035,3.610189600581787,-1.5728967825519007,-1.703423802052633
0.7933447360992432,-0.07868197253299178,0.4360365338914246,-0.0658628539041238,2.192475363940288,2.2240514904884408,-0.025840532954793022,3.4893191207535126,8.111946869411804,-1.1264024052791375,0.9863986620757643,-0.5979144294872796,0.4882872381661388,3.61019675313916,-1.5729168097125452,-1.7032774130450647
0.7953729629516602,-0.07871469013843778,0.43604473338935423,-0.06585700612326902,2.192425030951494,2.224079313873597,-0.025734864609117152,3.3465246164099884,7.661228231992041,-1.0202830837651813,0.9990771819227964,-0.6001901435113447,0.49554175445629967,3.6101690965839843,-1.5729687849627894,-1.703200642262594
0.7974016666412354,-0.07873903119100897,0.4360613054424187,-0.0658566881466996,2.1924566488351775,2.2240173942251946,-0.025650185474744153,2.9816909556343685,7.948713363418987,-1.0056950682111743,0.9936348375828952,-0.6120101603103933,0.4977848044446881,3.610156698817871,-1.5730169455157679,-1.7030656973468226
0.7994298934936523,-0.07878216581682004,0.43604892441809295,-0.0658655587439586,2.1924021734350316,2.224023198261092,-0.02567131048757547,3.494793322206466,7.834850919298135,-0.9008353812785699,0.9975472401491989,-0.6019706473302993,0.49592138831931415,3.6101767259785156,-1.5730331579791468,-1.7029851118670862
0.8014853000640869,-0.07880973622137144,0.43605005457958385,-0.06586891518025932,2.192363892395537,2.2240037281787366,-0.025636208589286075,3.285563347504951,7.605937994331526,-1.0293364301403283,1.0117059850734484,-0.6109815333947255,0.4987190628990087,3.610191984767578,-1.5730770269977015,-1.7029007116900843
0.8035144805908203,-0.0788702017310523,0.4360627946002344,-0.06586198541705747,2.192336875398908,2.2240702372273393,-0.025521586661179534,3.2484364056296116,7.958002890534378,-1.3327753311232449,1.0055983464791887,-0.6117943930210216,0.49758836512315474,3.610125704402588,-1.573097054158346,-1.702784840260641
0.8055419921875,-0.07888872163535092,0.4360260984141304,-0.0658816820113822,2.192311623018384,2.223961521139754,-0.025574608883193708,3.251416333171833,7.97791204436196,-1.3582529525221332,1.0062085248005734,-0.6097417170410242,0.49336770948299397,3.6101643282124023,-1.5731490294085901,-1.7026813665973108
0.8075690269470215,-0.07893354980334537,0.43604722354645364,-0.0658720065998848,2.1922976501193916,2.2239821213665536,-0.0254755665406695,3.212430461548444,7.992037537216903,-1.293552760097933,1.014850469483184,-0.6090637394199242,0.4939079896614479,3.610152407283447,-1.573181454335348,-1.7025650183307093
0.8095970153808594,-0.07894385273014266,0.4360477335995909,-0.0658715933363713,2.1922952599146766,2.223921298938109,-0.025381273359803176,3.373818622223848,7.881155136213087,-1.2584930942540382,1.0204732934699343,-0.6056548754261862,0.4936982287585037,3.610132856959961,-1.5732525030719202,-1.7024691740619105
0.8116238117218018,-0.07902544494710294,0.4360461390317702,-0.06588476895788842,2.192243574008789,2.223898495469616,-0.02532108676436064,3.09972680520272,8.328429892744282,-1.4120361523328768,1.0140189440703389,-0.6027354332881614,0.4935293116051143,3.6101204591938476,-1.5733125845538538,-1.7022531668292444
0.8136510848999023,-0.0790634881641578,0.43604449470694673,-0.06588965242391996,2.1921771228942655,2.2239017135772334,-0.025264670561461453,2.9854491100369707,7.888703353855498,-1.171885880415986,1.0296803313321217,-0.6004743147461089,0.4986199675547162,3.61011712133374,-1.5733674208270472,-1.7021611372577112
0.8156781196594238,-0.0790872344108569,0.43605295176634773,-0.06588262110028459,2.192238150269059,2.2238512385428155,-0.025232207208354212,3.113056229605829,7.989429103082125,-1.059801955337793,1.0148305843714303,-0.6072862171473087,0.49690238914134444,3.6101242738911132,-1.5733726660357874,-1.7020490805255335
0.8177070617675781,-0.07914195674363825,0.4360386123104866,-0.06589127020226895,2.1921893046145335,2.2238450932551257,-0.025228936331374133,3.338195960205608,7.888931778231253,-1.1345069541549448,1.0218582326646173,-0.6053287584528088,0.5018070515260294,3.6101314264484863,-1.5734012762652796,-1.701926056538717
0.8197355270385742,-0.07919341626207069,0.4360345797364796,-0.06590329532826712,2.1921504720341183,2.223868797932198,-0.025222885425369622,3.153272481115368,8.125708815038204,-1.2057465585685891,1.018484657045551,-0.6080839334060326,0.49575948128958164,3.610107584590576,-1.573409382496969,-1.70182973543276
0.8217649459838867,-0.07921117342439596,0.43603942177949984,-0.06589296456374077,2.1921293051067634,2.2238145042863153,-0.02511241142155803,3.3547709349793684,8.041659127007273,-1.1798264636770055,1.0254745987280653,-0.5988804971845051,0.49175912249591786,3.6101242738911132,-1.5734928289996546,-1.7017186323748987
0.8237946033477783,-0.07924518989185093,0.43604790362832563,-0.06589394917946709,2.192133412926634,2.2238007019366233,-0.025030066362492193,3.0946853938388723,7.894082499394034,-1.0969472744497493,1.0234808031225726,-0.6058137697260989,0.5021998181745956,3.6100846964069824,-1.5735285917865198,-1.7016056219684046
0.8258247375488281,-0.0792736700163277,0.43604448335499985,-0.06590461896527743,2.192083384118425,2.223785505922611,-0.02499494985479427,3.2979416079402735,7.983793223661919,-0.8408982369204203,1.0170069304468552,-0.6018828510963409,0.4942924212616799,3.610076590175293,-1.5735767523394983,-1.7015250364886683
0.8278539180755615,-0.07932863673519232,0.436050597814725,-0.06590376535886422,2.192128793696721,2.223781112198972,-0.024987802685362673,3.111301509145823,7.810566449761848,-1.1189499379084027,1.0251975494011234,-0.6031948526048586,0.4978264151319568,3.610064669246338,-1.5735538641559046,-1.7013862768756312
0.8298823833465576,-0.07934775137635901,0.43603323227593516,-0.06589895012324028,2.1920765415137007,2.2237296093163255,-0.024888552112925507,3.2698801174071903,8.229265698693435,-0.9614295963968527,1.0292709841534764,-0.6067863008131916,0.4933456770926118,3.610064669246338,-1.573648754750387,-1.7012866179095667
0.831911563873291,-0.07938911570412151,0.4360241345999559,-0.06591696562408754,2.1919976985106557,2.223717249870509,-0.02487845600023924,3.4420251369062655,7.840652214596687,-0.8746759721132977,1.0230520236641403,-0.6150527060001733,0.49810466175001733,3.6100684839436035,-1.5737007300006312,-1.7011893431292933
0.8339405059814453,-0.07943290256750622,0.43603923118366344,-0.06590718429088716,2.1920087882662656,2.2237335608589204,-0.024840424632795954,3.398828665875518,7.615982207053808,-0.6369491639966407,1.0237736161662216,-0.6051948751487113,0.5000536181996944,3.6100804048725585,-1.573697868977682,-1.7010863463031214
0.8359692096710205,-0.0794589891525663,0.43603816625166353,-0.0659129710974492,2.191992949813171,2.223690588703077,-0.024778136499703805,2.975448173422721,7.916219320170359,-0.8485546638408092,1.0345251475480297,-0.6030666803160795,0.4995695632664389,3.610064669246338,-1.5737531820880335,-1.7009781042682093
0.8379976749420166,-0.07948345158037888,0.4360442207795457,-0.06591482610696055,2.191988409940026,2.2236535006334854,-0.024709970920827974,3.23772107829696,8.279720600633961,-0.9742959332348812,1.0322938419237926,-0.6028980180690818,0.4946373512298416,3.6100527483173828,-1.573801342641012,-1.7008736769305628
0.8400259017944336,-0.0795128634912885,0.4360701015297298,-0.0659042710927996,2.191995633535461,2.223654874034093,-0.024551311855116113,3.1688927046770603,8.044383740067445,-0.9410571332644844,1.019041630195789,-0.6085098361435679,0.49630487449352406,3.6099983888813476,-1.5738571325885218,-1.700759236012594
0.8420538902282715,-0.07956094164861956,0.436035496331236,-0.06592663941963495,2.1919337194939663,2.223606610981956,-0.024666116762115744,3.1446592441312036,8.226445838825612,-0.8209009607685722,1.029544614977979,-0.603286830574427,0.49763964133687527,3.6100684839436035,-1.5738700071917933,-1.7006543318377894
0.8440818786621094,-0.07959650448113312,0.4360541351618447,-0.06592491621398203,2.1919118493136844,2.2236497328715683,-0.024580558810031086,3.191620367438336,8.003968616530521,-0.9515818317601294,1.0345407067376575,-0.606706903317856,0.4987231590578582,3.610024614925049,-1.5738900343524378,-1.7005823294269007
0.8461434841156006,-0.07962480757329678,0.4360298914415991,-0.06593510962940444,2.191862411013703,2.2236078105186086,-0.02455440106060938,3.2962584595750313,8.094437748975674,-0.9846381180481925,1.0292550986736386,-0.6066610032904269,0.4972129365022413,3.6100174623676757,-1.573949162160055,-1.7004888693438929
0.8481714725494385,-0.07966402134145642,0.43604132119131866,-0.06592233018459122,2.191831051076956,2.223637830761107,-0.024497809118771544,3.5167847715257405,8.255430000240041,-1.1007121382717642,1.0279793815079135,-0.601748912766964,0.49651490165033557,3.6100403505512695,-1.5739696661578577,-1.7004082838641565
0.8502006530761719,-0.07969633822646538,0.4360514379116349,-0.06592744316958898,2.1919303322350676,2.2235116621793787,-0.024446087456535356,3.040869127170005,7.925889339236015,-0.9347491423635448,1.0408961518902375,-0.6007527654665381,0.5001971140369764,3.6100284296223144,-1.5740025679217737,-1.7002065817462366
0.8522288799285889,-0.07974002657298275,0.43603787745505723,-0.06593546051287927,2.1918904547457543,2.2235107049373317,-0.024487386305616136,3.051370657414402,8.408443244565026,-1.219354194775047,1.033298085974579,-0.6067957575069626,0.49600104319481847,3.610059900874756,-1.5740063826190394,-1.700123135243551
0.854257345199585,-0.07975962119577147,0.43603596647047,-0.0659351471779891,2.1918645609563936,2.223466582286643,-0.024378597195317344,3.155036400140593,7.968032266988907,-1.2130001004194195,1.0418986770676706,-0.6166125657527705,0.5020349579175695,3.6100331979938964,-1.5740864912616175,-1.7000187079059046
0.8562850952148438,-0.07979790331080332,0.43604252411176975,-0.06594167842193048,2.1918190608204076,2.223457053957559,-0.024320166251341226,3.43804948529731,8.314305834243834,-0.994201244310434,1.0281368494767509,-0.6090432262029,0.49571379328258397,3.6100284296223144,-1.5741375128375452,-1.6999109427081507
0.858313798904419,-0.07983306703497665,0.43603130920958316,-0.06594439920314171,2.1917852853520725,2.2234534453709944,-0.02428653310265609,3.1079795582788483,7.95956590520797,-1.2208014284266189,1.0472812848877153,-0.6121717010653966,0.4981675157069434,3.6100165086933593,-1.5741694609271448,-1.6998251120196741
0.8603439331054688,-0.0798735981656319,0.43603768015275124,-0.0659458927051377,2.191827306874154,2.223405320052447,-0.024256053060261788,3.3203867530980595,8.276741955425418,-1.311250769723542,1.051182594503878,-0.6041049846601313,0.4908739351571089,3.6100126939960937,-1.5741823355304163,-1.699679199849264
0.8623738288879395,-0.07989942619304893,0.4360315768398814,-0.06594671975328101,2.1917476304978587,2.2234052295514477,-0.02416277942007823,3.206851750522231,8.033760076456666,-1.133002242688848,1.048899116015346,-0.6109026637715165,0.4972050859444248,3.609997435207031,-1.574261490498678,-1.6996062437640589
0.864403247833252,-0.07993685623228602,0.43604816389552986,-0.06594571491595914,2.191764826383449,2.2233724961928383,-0.02411644972684783,3.0806140394492356,8.057926874661463,-1.165127129500172,1.0545879630166775,-0.6196607055335392,0.49902158326766693,3.6100093561359863,-1.5742858091937464,-1.6994755903827112
0.8664321899414062,-0.07995252110165965,0.43605966135318863,-0.06594046563658293,2.191753515862182,2.2233503878374816,-0.02405944507652022,3.393746016862112,8.462357227994662,-1.2641969516543332,1.0577656720288717,-0.6119697767592877,0.49330450732719067,3.610027475947998,-1.5743253866778772,-1.6994054953204554
0.8684616088867188,-0.0800202217859198,0.4360458707792917,-0.06594387662722387,2.1917198575600025,2.2234102777671945,-0.02405201854170133,3.5315780110703536,8.202593750949857,-1.2214073492555673,1.057034073784353,-0.6117525726751318,0.4971983522400671,3.6099888521381835,-1.574310604725973,-1.6993024984942835
0.8704900741577148,-0.08004235373086305,0.43603280206314793,-0.06595522527210743,2.1916778250828903,2.2233424816991136,-0.024008247217100636,3.4654378674113473,8.216562420399915,-1.251829025899594,1.0543485004971558,-0.6096701058093454,0.4993362413081354,3.609992666835449,-1.5743868986712855,-1.6991942564593714
0.8725199699401855,-0.08007776953172548,0.43603120943277757,-0.06596364093862585,2.191635241739778,2.2233365579152755,-0.023980201318043088,3.438756721330615,8.247844554573728,-1.249047002136508,1.0572245635569817,-0.600927554314219,0.49940136067238267,3.6099888521381835,-1.5744226614581507,-1.6991055647479456
0.8745498657226562,-0.08011082461218004,0.43603129695848974,-0.06596821099043877,2.1916214171323647,2.2232913589442966,-0.023917096676693058,3.1215314305933446,8.350930462258592,-1.299449111122858,1.057339689040323,-0.6143704621370625,0.49482952254047635,3.609980269069336,-1.5744779745685022,-1.6989787260638636
0.8765790462493896,-0.08013935537400305,0.43603159481005094,-0.06596180578171289,2.191611884245592,2.2232664650285408,-0.023886419883714628,3.063865741403118,7.931349052401654,-1.1829637771151837,1.0678471193300019,-0.6093942935602283,0.49799804491532607,3.6100117403217773,-1.5745070616351526,-1.6988862196551722
0.8786087036132812,-0.0801745835981871,0.43603084572915657,-0.06597200892426555,2.1916259936430302,2.2232277371298594,-0.023847013017922067,3.281248644047556,8.300323829583474,-1.2452470279307035,1.0713846172556796,-0.6020062366470881,0.494213369125997,3.6099764543720703,-1.5745342413531702,-1.6987627188311976
0.8806378841400146,-0.0801982584083302,0.43604386463522665,-0.0659610385410302,2.191606334760657,2.2232093791947745,-0.02373355565444854,3.074859888880493,8.22956038996888,-1.2516485959198176,1.0667037141467035,-0.6057807650198603,0.4997853211471193,3.6099764543720703,-1.5745981375323694,-1.6986635367022913
0.8826663494110107,-0.08024604569747354,0.43603853698770334,-0.06596981283412384,2.1915884831463597,2.2232137793186686,-0.02374348907083591,3.1262104402483475,8.324343881138464,-0.9915728911286856,1.0697306282084513,-0.6043751355418994,0.5018998191004918,3.6099721628376464,-1.5745990912066858,-1.6985624472247522
0.884695291519165,-0.08025889856449123,0.4360490277902427,-0.06596045086420568,2.1916718787493767,2.2231127152829675,-0.02366328833065401,3.2463256877106472,8.447243794088056,-1.4141486201833444,1.0814824670310297,-0.5980769960799248,0.49247413899019976,3.6099721628376464,-1.574639145527975,-1.6984203497516077
0.8867230415344238,-0.08028831876594134,0.4360707077646057,-0.06595857810714377,2.1915726040370584,2.2231368261218725,-0.023504499907134997,3.038217824568606,8.626345822396988,-1.2870638495687694,1.079288564767516,-0.6084522898491779,0.4923933580533493,3.6099492746540527,-1.5747411886798304,-1.698336426411764
0.8887507915496826,-0.08033459615208094,0.4360596290919211,-0.0659586935529088,2.1915798013041363,2.22313218024664,-0.023519954073341804,3.3588864252135084,8.306079796289234,-1.2323782655423454,1.087775634791989,-0.6107640718178822,0.49474802328155776,3.6099564272114257,-1.574731175099508,-1.6982319990741175
0.890777587890625,-0.08037048584926715,0.43604664953922,-0.06597332222343558,2.191550274484153,2.223098403678733,-0.02350196347339503,3.358270309396088,8.474646161954022,-1.1550048715624008,1.0851657057551793,-0.6131892290236839,0.4936183245017228,3.6099373537250976,-1.5747712294207972,-1.6981242338763636
0.8928036689758301,-0.08040692905932081,0.4360508005773172,-0.06597172699590782,2.191504411823759,2.223127699408258,-0.023468989826153468,3.348574106511232,8.546886971144762,-1.400982617040405,1.0901901464842665,-0.6090879349793531,0.49623403917994313,3.6099445062824707,-1.5747912565814417,-1.6980589071856897
0.8948321342468262,-0.08044121529938916,0.43604657922224965,-0.06598103426010274,2.1914514195076937,2.2230837523480123,-0.023405420993478743,3.493185551393171,8.591201958117496,-1.2968417040332318,1.0905924480856515,-0.6143158516529748,0.4968458822303067,3.6099445062824707,-1.5748675505267542,-1.6979354063617151
0.896859884262085,-0.08047927936736099,0.4360262965684085,-0.06598818956932487,2.1914362340229783,2.2230364079390963,-0.02341818708528454,3.3243977872357027,8.401087073428197,-1.3226472099943327,1.0875870080307972,-0.6157809559276997,0.49820274182674923,3.609963579768799,-1.5748947302447718,-1.69782001176943
0.8989205360412598,-0.08051321155956553,0.4360318196592534,-0.06599075110065664,2.1914127566723907,2.223055750585464,-0.023359033989440746,3.285138109085963,8.384139860193379,-1.4166837635878529,1.092127075686569,-0.6115160189991125,0.4980913721733708,3.60992877065625,-1.574918572102682,-1.6977432409869593
0.9009456634521484,-0.08053744546242214,0.43605772631005685,-0.06597843138115707,2.1914859704390084,2.2230020824127794,-0.02327378535807067,3.1527681831408123,8.519822585663018,-1.375591235176024,1.095259560332644,-0.6083227859165412,0.49683753742095005,3.60992877065625,-1.5749395529376429,-1.6976082960711878
0.9029726982116699,-0.08057124136772387,0.4360558635048124,-0.06598842886294472,2.1914203830009815,2.2229854074730095,-0.023213103118392944,3.396619192338267,8.294437274429969,-1.5050971445128023,1.0996706028716898,-0.602861739328285,0.49021344741588707,3.6099201875874023,-1.5750067869769495,-1.6975091139422815
0.9049985408782959,-0.08059675072096721,0.4360299076214766,-0.06599899181340797,2.191351641748785,2.2229431570861595,-0.023202191314154148,3.1414288336532277,8.523160339703345,-1.5126500557764253,1.094218805194141,-0.6063087809336214,0.49993236817940123,3.609936400050781,-1.5750706831561487,-1.697428051625387
0.9070255756378174,-0.08066254753067481,0.43601533439557283,-0.06600992774548071,2.1913115130542082,2.2229857119445224,-0.023258084765729558,3.1495628136788008,8.554126722836536,-1.5017876161284496,1.1038871983479215,-0.6033919016226106,0.500764082401856,3.609940691585205,-1.5750439802752894,-1.6973322073565882
0.909050703048706,-0.08067671122918414,0.43603290217599283,-0.0659955620553481,2.1913599309051595,2.2229134256049226,-0.02311756344955406,3.1110648562549126,8.341219047461497,-1.5685970266324398,1.1105431531921195,-0.5985710732980283,0.49666835361374384,3.609924002284668,-1.575111214314596,-1.6971967856036585
0.9110784530639648,-0.08071172528414497,0.43606004675270554,-0.06599373175484265,2.1912690298261177,2.222986884301115,-0.023014667410256897,2.72624098899852,8.492235664062731,-1.4888896163163312,1.1046718841415712,-0.6001994598751539,0.5004465555998034,3.609908266658447,-1.5751593748675745,-1.697151009236471
0.9131035804748535,-0.08073172858079779,0.43604863793511284,-0.06599793482682279,2.1912946558153714,2.222891668170009,-0.022958441782516045,3.0264359678360977,8.993414942967854,-1.574091867844299,1.1045762913482833,-0.5919415274983761,0.49796556626035354,3.609896345729492,-1.5752185026751917,-1.697015110646383
0.915130615234375,-0.08078063882147032,0.43602282304934337,-0.06601627299892307,2.191262395562575,2.222859553291553,-0.02302706241090142,3.138309712031266,8.46103567316429,-1.3574033643064607,1.1144337481999094,-0.5933880972588426,0.4980688490132186,3.6099201875874023,-1.5752242247210901,-1.6969040075885218
0.9171555042266846,-0.08080391416658907,0.4360202058621389,-0.06602300461169598,2.1912313586642176,2.2227960982996775,-0.02299609880399316,2.9437698143247415,8.44063072435022,-1.2179703653603666,1.1049305827464608,-0.592837654776842,0.4961547953763868,3.6099516588398437,-1.5752866903888147,-1.6967957655536097
0.919182538986206,-0.080861819203551,0.4360126490521912,-0.06602600224630223,2.1912559082661494,2.2228139532930595,-0.022997419223361987,2.905776298688843,8.675145519172347,-1.428295725044716,1.1126373691383888,-0.5873971316110904,0.5001222521757132,3.6099154192158203,-1.5752599875079554,-1.6966760794269007
0.9212069511413574,-0.08088582132336833,0.4360358234771861,-0.06601751576428005,2.1912393529310763,2.222812551796331,-0.02285651754273082,2.9769113035251342,8.409052593740057,-1.337316471736547,1.1160507162755904,-0.5914921689743969,0.49730487672756024,3.609884424800537,-1.5753238836871546,-1.6965797583209437
0.9232332706451416,-0.08092960300916177,0.43603750354088483,-0.06601824542125813,2.1911608548262684,2.2228451813677235,-0.022831735891742474,3.0509404199587866,8.62143722192991,-1.4124817742690106,1.1088526348581678,-0.5982065743053332,0.4965884558735311,3.609912081355713,-1.5753563086139124,-1.6965063253985804
0.9252588748931885,-0.08095318915675387,0.4360456247370986,-0.06602064991323235,2.191188244371992,2.2227828953278848,-0.022687330039039326,3.1745705923261864,8.518557328814804,-1.3445405513505055,1.111582867662515,-0.59774874005736,0.4973625365550261,3.609837217921875,-1.5754311720477503,-1.6963608900653284
0.9272847175598145,-0.0809992080708745,0.4360080794492935,-0.06604073946401069,2.1911255789570596,2.2227457293918422,-0.022778962018928237,3.2413928654708677,8.920950747508119,-1.279340912678637,1.1029889589297737,-0.5978626245894498,0.5008747426541128,3.609884424800537,-1.5754473845111292,-1.6962645689593714
0.929309606552124,-0.08101436469358064,0.4360331515187976,-0.06602846184234117,2.191147934899888,2.222710872760751,-0.022601429726979344,3.0471236392408345,8.559516838344898,-1.4562839278288517,1.117147809582123,-0.6054477397198574,0.501367678849029,3.6098334032246093,-1.5755232016192835,-1.6961482206927698
0.9313364028930664,-0.08105555456959884,0.4360314721924989,-0.06602853378009504,2.1911300615405445,2.2226939896943665,-0.022629830910803624,3.0996623029429764,8.619998554409875,-1.2571806785521136,1.1166253320249793,-0.6066900438135302,0.5036957740248523,3.60989157735791,-1.5755284468280237,-1.6960490385638636
0.9333617687225342,-0.08108796045738997,0.43602183318492144,-0.06603694960051307,2.1911153749472816,2.2226601795313496,-0.022601088257329302,3.269032606827988,8.542532332561226,-1.4652507499767002,1.121100654404696,-0.6069251580907484,0.496178425227021,3.6098763185688476,-1.5755646864520472,-1.6959441343890589
0.9353902339935303,-0.08111463510252825,0.43601209283752096,-0.0660455718731322,2.1911027617568357,2.2225804902270467,-0.022565665760470283,3.2333017744266153,8.722922616251667,-1.5344953310674647,1.1236828447747602,-0.6099004183125861,0.4940045857843222,3.6098882394978027,-1.57562762895693,-1.6958139578448694
0.9374198913574219,-0.08115997894817276,0.43602816706899,-0.06603041460993846,2.1910749230745523,2.2226549301996377,-0.022471729124465795,3.4937525361686306,9.001540512840595,-1.4616443866558382,1.1173754837871255,-0.6050355347958484,0.5010649571232043,3.6098601061054687,-1.5756366888629358,-1.6957438627826136
0.9394478797912598,-0.08119439907823904,0.43604223504064893,-0.06603490753248807,2.19107986265693,2.2226302286224335,-0.022413115363525554,3.271730964882704,8.516980976762458,-1.356659267943089,1.1219377594019126,-0.6138191646202296,0.49928702323859697,3.609844370479248,-1.5756686369525355,-1.6956256071673792
0.9415156841278076,-0.08121923119506409,0.4360384986904203,-0.06604101843496954,2.1910587030521835,2.222565243828426,-0.02235849437553741,3.2482173769323177,8.95129871979681,-1.4920018916927886,1.122449306713311,-0.608336387691843,0.4970411889513428,3.6098519998737792,-1.575735870991842,-1.6955059210406702
0.9435446262359619,-0.08130355930657175,0.4360262872332498,-0.0660490362588158,2.1909972038824335,2.222580524523221,-0.022307670320539517,3.2918161292394523,8.850653142472625,-1.2876844234089053,1.1186929477868108,-0.6143051143382476,0.4984861924110505,3.6098291116901855,-1.5757768789874476,-1.6953204313861292
0.945573091506958,-0.08131347985647269,0.4360458375227148,-0.06604230961301784,2.1910598129263996,2.2225021279290145,-0.022205194521198776,3.2923114835521963,8.977465464805585,-1.3954109065276723,1.126768582679563,-0.6130971691524232,0.49495058265202024,3.609813376063965,-1.575825039540426,-1.6951974073993128
0.9476010799407959,-0.08131347985647269,0.4360458375227148,-0.06604230961301784,2.1910598129263996,2.2225021279290145,-0.022205194521198776,3.2923114835521963,8.977465464805585,-1.3954109065276723,1.126768582679563,-0.6130971691524232,0.49495058265202024,3.609813376063965,-1.575825039540426,-1.6951974073993128
0.9496285915374756,-0.08138300067715189,0.4360292002893055,-0.06605544155791468,2.1909464859035053,2.2224645958516027,-0.022146302583589923,3.0715704244363575,8.786292380444728,-1.2910703736365476,1.1356532917119415,-0.608674484449143,0.499269568294838,3.609840078944824,-1.5759270826922815,-1.6950085798846644
0.9516708850860596,-0.08143231601767552,0.43605470576120176,-0.06604287657214475,2.1909601842180435,2.2224852211404964,-0.02202740657649148,3.016977297755347,8.953075706443196,-1.3183727687790947,1.135607229982832,-0.607969650493294,0.5017725932473932,3.6098086076923828,-1.5759523550616663,-1.6948731581317347
0.9536988735198975,-0.08146451286871362,0.43603173244820603,-0.06607383728001148,2.190911233974887,2.222444471653617,-0.022087824047612788,3.1947253678676844,8.728704284602216,-1.2861382068669374,1.1431955785132746,-0.6047034153845758,0.5003793344782489,3.6098052698322753,-1.5759761969195765,-1.6947925726519983
0.9557271003723145,-0.08149934913453596,0.43602957975823203,-0.06606815570884357,2.190850002341647,2.222474691998852,-0.02200431393491312,2.9944499743634263,8.824774452703178,-1.2278852366343946,1.1403340885910553,-0.6075687727212385,0.5006313584688704,3.6097885805317382,-1.576024357472555,-1.6947224775897425
0.9577548503875732,-0.08153871140264422,0.43602367172224826,-0.06607436525187572,2.1908908656336634,2.2223929995387075,-0.02199338429259441,3.082373660509193,8.932906464492747,-1.1255183223310856,1.1448142403187558,-0.6053908313675708,0.5004940060817221,3.6097962099262695,-1.5760486761676233,-1.6945608297931116
0.9597861766815186,-0.0815625775685516,0.43603061755929945,-0.06607623345094993,2.1908728944160596,2.222383238784388,-0.02193787452384019,2.9388803896489777,8.94264580731095,-1.1508383066407868,1.1467194633473694,-0.6043122211313156,0.5020077676805866,3.6097847658344726,-1.5760844389544886,-1.694484059010641
0.9618337154388428,-0.0816124204480151,0.4360228001569854,-0.06607723817154715,2.190828486945097,2.2223921173751715,-0.02189832082649177,2.945601855310699,8.821427837210338,-1.209295086303237,1.1517240277297915,-0.6001745551085209,0.5039103662645126,3.609781427974365,-1.5761168638812464,-1.6943729559527796
0.9638557434082031,-0.0816238615918525,0.4360248104118093,-0.06608235917500703,2.1908614818831804,2.222289799747987,-0.021824483315164112,3.0788089752038466,8.579382590534419,-1.245150537201301,1.157310904552712,-0.6014084771066003,0.5069035733729316,3.609769030208252,-1.5761831442462366,-1.694242302571432
0.965876579284668,-0.08166103725231888,0.436029857010642,-0.06608810112845107,2.190823538011097,2.2223014882438705,-0.021839654556358837,3.1925917337214265,8.955303390126922,-1.3202987277538993,1.1528579680100262,-0.6091987221887973,0.5072211701330674,3.609800024623535,-1.5761893431292933,-1.694172207509176
0.9678981304168701,-0.08170502181439619,0.4360226146866323,-0.0660904895819775,2.1907476412771607,2.2223028503595805,-0.021757280994771155,3.3793673507964384,8.716962657462902,-1.247545911200679,1.1569366717071894,-0.6187110216875645,0.5068034626557114,3.6097885805317382,-1.5762603918658655,-1.6940611044513147
0.9699225425720215,-0.0817389509566175,0.4360251307706892,-0.06609312663339155,2.1907691103735587,2.2222762014168707,-0.021736644378501705,3.5705452001346627,8.683041903054514,-1.1474515555915088,1.1562632448619115,-0.6166603100526702,0.4984497225102433,3.609781427974365,-1.5762694517718714,-1.6939533392535608
0.9719491004943848,-0.08177737244446193,0.43603734437635694,-0.06608063362818574,2.1907945612128183,2.2222684183784174,-0.02164607191787994,3.36516371410259,8.949512228221735,-1.415334829598563,1.159784624178942,-0.6170562303065771,0.5024243955501819,3.60976426183667,-1.5762932936297815,-1.6938298384295862
0.9739713668823242,-0.08180304920475552,0.4360221621075666,-0.06608900062070283,2.1907604395080167,2.2222085704827013,-0.02158225659516139,3.421489248995961,9.011631105108199,-1.5193061312462144,1.162655239608746,-0.6121619574806049,0.502312125068313,3.609748526210449,-1.5763686339007776,-1.693714443837301
0.9759924411773682,-0.08182207180463885,0.4360226705029416,-0.06608755925751086,2.1907342401758014,2.2221677450142368,-0.021521076090084242,3.5168817412068267,8.916160648226779,-1.370794094363898,1.1566554615759321,-0.6091513767397487,0.5009435746604088,3.60976426183667,-1.576428238545553,-1.693625275288717
0.9780120849609375,-0.08187820521391748,0.43603923878153933,-0.06609342815545122,2.190684463475067,2.2222091199486345,-0.021473155691994775,3.4298229386075616,8.70393756717043,-1.618927053181149,1.1759048250167365,-0.6151204089641467,0.4983985788504211,3.609752340907715,-1.5764487425433558,-1.6935175100909632
0.980032205581665,-0.08189458742549241,0.43601396482979704,-0.06610934178456726,2.1906563860893704,2.2221485009985478,-0.021472393637574506,3.3271139694774714,9.261989346034623,-1.6253318480424692,1.1739403250897107,-0.6202864429383074,0.49763922794944165,3.609741373653076,-1.5764969030963343,-1.6934407393084925
0.9820523262023926,-0.08194195714870145,0.43601978348029474,-0.06610528772222708,2.190626970879864,2.222178356506341,-0.02142299228595035,3.4609923593235044,9.015682610740935,-1.6776064252655571,1.1795825767745347,-0.6239727886981656,0.5024948455390552,3.609736128444336,-1.5765135923968714,-1.6933444182025355
0.984072208404541,-0.08197483369966015,0.43601443853610733,-0.06610814737675755,2.1906304253485116,2.2221493540959503,-0.02143174303924114,3.578424947685266,9.058276083963516,-1.5391787818580545,1.1859966608813939,-0.6302384440419706,0.5058985914491164,3.6097561556049804,-1.576522175465719,-1.6932485739337366
0.9860923290252686,-0.08199563771087595,0.43602870583146,-0.06610083898547947,2.190677909675892,2.2220613387867343,-0.021322285672876248,3.5341065546589845,9.178363326676557,-1.7904575680057933,1.1922328697382416,-0.6349017327549611,0.5044058402299322,3.609752340907715,-1.5765860716449183,-1.6930940786944788
0.9881131649017334,-0.08203258818350176,0.4360223430811607,-0.06610720601522961,2.1905802966324215,2.2221099177140156,-0.02127724936618354,3.44836125243612,9.30990279238092,-1.8187302256369544,1.193309914614887,-0.6388827163757917,0.5070813524372139,3.609736128444336,-1.5766289869891565,-1.6930483023272913
0.9901342391967773,-0.08208040366202492,0.43602710458570626,-0.06612076972115545,2.1905540886439945,2.222092245159594,-0.021227938712539897,3.636370529964833,9.244602720119746,-1.8634733472545326,1.2033181287077235,-0.6356867003155976,0.502133841973549,3.6097089487263183,-1.576669994984762,-1.6929128805743616
0.9921541213989258,-0.08209448651927315,0.4360336956146682,-0.06611775490210459,2.190571707678024,2.2220350798008415,-0.021158299088114743,3.662545263175901,9.614839916589604,-1.9275647220646421,1.2072761425489835,-0.6339669422266617,0.5013502868445159,3.6097089487263183,-1.5767181555377405,-1.6928136984454554
0.9941742420196533,-0.08214073521888735,0.4360050188828606,-0.06612653317775226,2.1905316581611953,2.2220020714366773,-0.021162913351980776,3.715730909647379,9.480461905434826,-1.8893593713995551,1.2114573713313967,-0.6328841966087688,0.5029323057779603,3.6097161012836914,-1.5767539183246058,-1.6926935354815882
0.9961941242218018,-0.0821841104245654,0.4360001126124919,-0.06614258108306956,2.190465272566139,2.221988163622019,-0.021176211406307197,3.475239714516612,9.09046925967453,-1.7363892127820573,1.2214383965764926,-0.6411891123352398,0.5087106367501465,3.609743757838867,-1.5767901579486292,-1.6925938765155237
0.9982142448425293,-0.08219707904751064,0.4360205121525754,-0.0661309378301388,2.190537002196814,2.221934560652114,-0.02104045891455841,3.4882738325275846,9.312131274577817,-1.928067755429179,1.221452297610445,-0.6356747544999382,0.5059381138224522,3.6096932131000976,-1.5768330732928675,-1.6924741903888147
1.0002381801605225,-0.08224557515528158,0.43601666767588054,-0.06612283136495375,2.1905067128951767,2.2219496780839987,-0.021011013672041633,3.3102034422313267,9.608228638706635,-1.9524082797961755,1.2218348250907265,-0.6356045864205295,0.49958139086772385,3.6097161012836914,-1.5768502394305628,-1.6923711935626429
1.0022633075714111,-0.08228478417660103,0.4360222697053466,-0.06613124179388585,2.1904622012827115,2.2219473941772625,-0.0209499761468682,3.332507244550909,9.52245025574989,-1.8651826471630195,1.2229298992025974,-0.6430554752079413,0.5004678605184171,3.6096970277973632,-1.576897923146383,-1.6922667662249964
1.0043022632598877,-0.08233512397989778,0.43599044463465825,-0.06615091120286178,2.1903386274898025,2.2219686092047666,-0.021015199865917853,3.484457903368801,9.57742076151786,-1.7107153249229248,1.2164337857734795,-0.6427499698323885,0.5038930876483233,3.6097356516071777,-1.5769255797015589,-1.6922052542315882
1.0063233375549316,-0.08236231334683522,0.4360087805656424,-0.06615051612660446,2.1903816005464796,2.221927209700149,-0.020927050683557397,3.5595140157782477,9.721520102998303,-1.9031371594552127,1.224912445869109,-0.6334240109170511,0.5024031924892798,3.6097003656574707,-1.5769580046283167,-1.692077938710348
1.0083448886871338,-0.0823694354968562,0.43601753301217777,-0.06614559774775369,2.190348318039575,2.2218780231155786,-0.020790154280763525,3.575869149144262,9.594234556210006,-1.6738902336781927,1.230716894507113,-0.6330411960134684,0.4968745986892177,3.6096884447285156,-1.5770567099200647,-1.6919892469989222
1.0103652477264404,-0.08241542594950083,0.43600303240942495,-0.06615496149702416,2.190372633936165,2.2218372781809284,-0.020804347269300597,3.2587647669126993,9.358295247386575,-1.5959486576164925,1.2339590259047084,-0.6324923878139629,0.5005496001558922,3.6096765237995605,-1.5770576635943812,-1.691855255757467
1.012385368347168,-0.08246724050967325,0.4360186124207273,-0.0661451044433654,2.190284096910217,2.221910111487007,-0.020748503638140733,3.1415041552402454,9.645056515472689,-2.073129185143626,1.2436561874189935,-0.6343655333238125,0.49744659529052254,3.6097113329121093,-1.577085320149557,-1.6917851606952112
1.0144052505493164,-0.08247706369726722,0.4360050245411516,-0.06615408451777828,2.190321174218073,2.2218126165321155,-0.02070782712836706,3.4400461099891944,9.800819731097294,-1.9949664416907276,1.2399391632648167,-0.6201529614462488,0.49349225755066434,3.6096841531940917,-1.5771339575396937,-1.69167405763735
1.0164251327514648,-0.08252774158546812,0.43602375893588546,-0.06614872188895492,2.1903004014642535,2.2218666931967244,-0.02064407726134849,3.301081945689118,9.579637755217,-1.8160382338412524,1.2410342170279203,-0.6333262378554309,0.4976451980472549,3.6096646028706054,-1.5771382490741175,-1.6915815512286585
1.0184471607208252,-0.08255481378496954,0.43599124143567647,-0.06617292242866875,2.1902147679220993,2.2218018515849276,-0.020647502699114608,3.1911117009438925,9.742738462458444,-2.016406801843157,1.2473817253369732,-0.6327770585305208,0.49448884333424636,3.6096722322651367,-1.5772178808795374,-1.6914857069598597
1.0204670429229736,-0.08257705674523369,0.4360058733054624,-0.06616048021004979,2.1902201881310353,2.22177375296863,-0.020513896330508527,3.2522696215514557,9.815932850143687,-1.8828096469072557,1.252049598199527,-0.6299416759436577,0.49866729301156143,3.609652205104492,-1.5772817770587366,-1.6913741270648401
1.0224878787994385,-0.08262653467672867,0.43603784041639665,-0.06614346823369298,2.190191594035654,2.2218732538307835,-0.020428289922209474,3.5062810179900636,10.048504320214548,-1.8233425618737382,1.2485392723637538,-0.6311912391759669,0.48930075053790895,3.609640284175537,-1.5772741476642054,-1.691312615071432
1.0245091915130615,-0.08264873857197508,0.4360269876453437,-0.06615807705961556,2.190194374852323,2.221768395918418,-0.020374610783964176,3.4823809270051975,9.865170619005283,-1.801662959978837,1.2557103845860034,-0.6360768070610877,0.494600664076918,3.6096250253864746,-1.5773499647723597,-1.6911667029010218
1.026529312133789,-0.08269809506918795,0.43602457148541646,-0.06616408371459857,2.1901510032812705,2.2217681506467257,-0.020316392163819034,3.5953017521729436,10.23767697336353,-1.6903804387190315,1.2472745665427332,-0.6361736507864447,0.48774554412631055,3.6096054750629882,-1.5773943106280726,-1.6910432020770472
1.0285494327545166,-0.08273978808151802,0.4359991262473306,-0.0661747644186872,2.190140782404071,2.2217575175286126,-0.020397464648197285,3.528787321751833,9.792640645345944,-1.6720211943348133,1.2697118083826018,-0.6347686054539144,0.4962977773633191,3.609628363246582,-1.5773714224444788,-1.6909664312945765
1.030569314956665,-0.08277137572542964,0.43601303981503625,-0.06616532909549513,2.190093366986472,2.2217629063442734,-0.02028093732870501,3.605253048230214,9.903140649758946,-1.72319112533272,1.2665591684113215,-0.639827699334195,0.4924126484788109,3.609628363246582,-1.5774386564837855,-1.6908701101886194
1.0325891971588135,-0.0828009565526422,0.43600773693619993,-0.06617768762710516,2.1901008768248182,2.221684207958674,-0.020261604239630034,3.7838060903636395,9.840682987716423,-1.46292117377978,1.262568173230111,-0.6427832258599296,0.4945195971595399,3.6096321779438476,-1.5774834791766565,-1.6907346884356897
1.034609079360962,-0.08282733681527348,0.4360232545591142,-0.0661785896001753,2.190057630028601,2.2216806697724456,-0.020115836823253495,3.778318118607644,10.096680375315056,-1.6793871059356906,1.2602945683323874,-0.6505358657062816,0.49232344302116365,3.60958115636792,-1.5775654951678675,-1.6906350294696253
1.0366301536560059,-0.08287910473668447,0.4360000771388738,-0.06618123414544257,2.190021612919421,2.2216791115130046,-0.020175921656176894,4.0218770475938195,9.8991698228931,-1.6602811794682226,1.274385310664586,-0.6398594798593201,0.4956996591106987,3.6096321779438476,-1.5775592962848108,-1.6905391852008265
1.038649082183838,-0.08290660149799409,0.43601944569231205,-0.06617267327793164,2.190031905064384,2.221679324890594,-0.020097037683894373,3.650077172846763,9.854568535876865,-1.7888632687326111,1.2654093190287907,-0.6402407204605195,0.49420993362643295,3.609624071712158,-1.577583138142721,-1.6904500166522425
1.0406689643859863,-0.08293332270473495,0.4360177471246094,-0.06618336428534348,2.1899712521565333,2.2216644338818576,-0.020028252886606302,3.484830958658906,9.622173569763135,-1.758795169110682,1.2723593642575544,-0.6295092007738673,0.4920952331977786,3.6096011835285644,-1.5776503721820276,-1.6903660933123987
1.0426881313323975,-0.08297944066067124,0.4360159077861357,-0.06619435611600293,2.1899660740759335,2.221648014057367,-0.020037286670629796,3.4789440954004505,10.212753977087075,-1.7455652476176415,1.264585839158365,-0.6250786504883866,0.4877797576346257,3.6096011835285644,-1.577656094227926,-1.6902497450457972
1.0447070598602295,-0.0830079634337405,0.4359998784418921,-0.06619932083655435,2.18992537528661,2.221601604031012,-0.019955312277958992,3.416941608685581,10.082837788214233,-1.8053640467228858,1.2744160044753143,-0.6318687708980391,0.4975516083331131,3.609576864833496,-1.5777347723590296,-1.6901348272906702
1.0467262268066406,-0.08302847356346535,0.4360306509000119,-0.06618491424345055,2.189956069043853,2.221590654885282,-0.019854581454941574,3.7876629837164213,10.165055155482856,-1.7852866862496848,1.2701054823498508,-0.6292416988163144,0.4922765496167931,3.609576864833496,-1.5777624289142054,-1.6900423208819788
1.0487449169158936,-0.08307140382499695,0.4360069302357424,-0.06620199025751075,2.1898981332415506,2.2215754241309784,-0.01989575430389021,3.4615978660948548,9.886926188762827,-2.0008099129370134,1.2767933369428022,-0.6288388819494763,0.4968992882757466,3.6095921236225585,-1.5777838865863245,-1.689953629170553
1.0507643222808838,-0.08311114315759885,0.4360052501936171,-0.06620503758759762,2.1898982398594864,2.221541625146165,-0.01984647351870776,3.197788300071507,10.244198732461818,-2.0582191293583616,1.2888219348629604,-0.6268999409148948,0.49432656696149546,3.6095802026936035,-1.5778196493731897,-1.6898229757892054
1.0527870655059814,-0.08313020373912468,0.4360045027536928,-0.06620250211083478,2.1899014225728264,2.2214606815293103,-0.019800716865765827,3.347658069395899,10.08716559744068,-2.08828078531692,1.294306454546096,-0.6263239996072772,0.4939435045307394,3.609619303340576,-1.577878777180807,-1.6897028128253382
1.0548062324523926,-0.08317728880202988,0.436008858541155,-0.06620642152067446,2.189880681279303,2.221500365953777,-0.01973668141575861,3.3587158944322475,9.909645735436595,-2.1949974847761284,1.2989815319757214,-0.6405860385847539,0.4920960947694274,3.6095611292072753,-1.5778916517840784,-1.689610783253805
1.0568382740020752,-0.08321414285501776,0.4359962725748036,-0.0662087875651988,2.1898321879764846,2.2214594260698397,-0.0196933167668357,3.54165983299796,10.337722768566197,-2.290644823484034,1.2927787252631737,-0.6380760685790021,0.4905889404917602,3.609584017390869,-1.5779555479632776,-1.6894906202899378
1.0588581562042236,-0.0832459289802376,0.4360193010711763,-0.06620358790547944,2.1897962535004534,2.2214740628789427,-0.0195785829322976,3.2372882160327157,10.04442508681449,-2.370888984669219,1.2988333834524897,-0.6436232165115742,0.4881067476665827,3.6095682817646484,-1.5780108610736292,-1.6893981138812464
1.060877799987793,-0.08325579996131102,0.4360292580071709,-0.0662042508344018,2.1898142142830355,2.2214026437518113,-0.01951896601084577,3.4005428431986617,10.240422668595796,-2.381251142939021,1.3026331412118644,-0.6361796721128065,0.4949362456555282,3.609579249019287,-1.5780628363238733,-1.6892989317523401
1.0628981590270996,-0.08331203794112958,0.43598721339083263,-0.06623086534000899,2.1897469791853936,2.2213671109408093,-0.01955170864234711,3.3291846823506317,10.123406643654068,-2.213580208636819,1.2993992966725298,-0.6465467470342519,0.4943642552834506,3.609560175532959,-1.5781033674823206,-1.6891668478595179
1.064918041229248,-0.08333489103303099,0.43601048006320914,-0.06622080649793738,2.1897608646275386,2.2213654443021933,-0.019488889349367253,3.5910794673602107,10.255739465673091,-2.357614441584245,1.3010658605203267,-0.6482756313487799,0.49153750351029746,3.609572096461914,-1.5781200567828577,-1.689089600239889
1.0669381618499756,-0.08338570419310094,0.4360085539675133,-0.06622156123415943,2.1897847054050352,2.2213484979743847,-0.01945220631537314,3.6551946803168613,9.985853285535047,-2.2075931552931665,1.3126947949609165,-0.6552524976530537,0.49436801676158126,3.609548254604004,-1.5781281630145472,-1.6889475027667444
1.068958044052124,-0.0833968137594707,0.43601333803178655,-0.06622367025223017,2.189753625028111,2.2212993512638475,-0.01933152526797457,3.7239264894807453,10.211660386450234,-2.4541293419650025,1.3049293556292618,-0.6572755992601758,0.49321403499857214,3.6095210748859863,-1.578219238911764,-1.6888545195208948
1.0709781646728516,-0.08344424396808418,0.43598579091321,-0.06623741804824698,2.1896655235395306,2.221288601136628,-0.019398274650949832,3.573247794001057,9.954855760938278,-2.1657747041128204,1.3048022523868366,-0.6518205698596338,0.4965323796108041,3.6095830637165527,-1.5782440344439905,-1.6887696425067347
1.0729985237121582,-0.08346558588554755,0.43602604312168464,-0.06622457525084098,2.1896803782502667,2.2212812802377258,-0.01925442409275714,3.750844902726191,10.173989694683884,-2.3844757784747026,1.3184853804577712,-0.6403688633433947,0.49187641307539415,3.609567328090332,-1.5782955328570765,-1.6886666456805628
1.0750188827514648,-0.08349634182752412,0.4359906372503388,-0.06624936262484099,2.1896549077445595,2.2212118880302048,-0.019268707811361422,3.9982114487259266,10.193311145816219,-2.2692568390821166,1.3201822543210755,-0.6401832169915386,0.4894060945296727,3.6095358568378906,-1.5783403555499476,-1.6885555426227015
1.077059030532837,-0.08353314334416401,0.43599732485987075,-0.06624395286081049,2.1895847947091114,2.221236307401235,-0.01919646445469534,3.9772435399585215,10.025674066039421,-2.2206841600455967,1.3174688020140657,-0.6524483138373003,0.4920056639697346,3.6095520693012695,-1.5783918539630335,-1.6884778181659144
1.0790791511535645,-0.08356684588034136,0.43600032842550834,-0.06624120362544542,2.1896108725649523,2.2211790107853604,-0.019134548612689463,3.819054266628803,10.16220688943462,-2.3087880759608943,1.3251073968539964,-0.654420198823984,0.49151960316041987,3.6095520693012695,-1.5784314314471644,-1.6883352438556116
1.0811009407043457,-0.08359804560127174,0.43601099867705984,-0.06624391910721177,2.1896079083568694,2.221177908218301,-0.01905461329362951,3.7955800202378804,10.873777569522572,-2.479121038580669,1.3265599503511127,-0.6546116595515029,0.4849274714446912,3.609508200282715,-1.5784638563739222,-1.688239876423971
1.0831201076507568,-0.08362695644450065,0.43600256428916395,-0.06623929845015274,2.1895555615398217,2.2211678174888427,-0.018966064271825386,3.5819840773344587,10.707583941892784,-2.6694223718250782,1.3319753849281382,-0.6644099544771733,0.49409516936933007,3.6095000940510253,-1.578531567250387,-1.688150707875387
1.0851390361785889,-0.08367230295662637,0.4360049923274022,-0.06624979631407399,2.1895217964747,2.2211433013205744,-0.01895906148557086,3.7608309817366785,10.307087026994418,-2.4730266411115074,1.3447776201879031,-0.6656328120898036,0.49703768360515843,3.6095239359089355,-1.5785635153399866,-1.6880276838885706
1.087157964706421,-0.08369869075547462,0.43597542102051734,-0.06626798056084542,2.1895180776960883,2.2210553828444235,-0.01899018243378152,4.001537822860573,10.544491994035912,-2.5982389211913826,1.3491559784943996,-0.6593812569166435,0.4903906540486648,3.6095310884663085,-1.57859975496401,-1.6879122892962855
1.0891778469085693,-0.08372997637679012,0.43600482474386465,-0.06625944135197892,2.1895476423201856,2.221076793912553,-0.01888355996019899,3.786549342642598,10.580590534933348,-2.7716314914642224,1.3573599979095086,-0.661723089855546,0.48744426220838516,3.6094843584248046,-1.5786126295672815,-1.687819782887594
1.0911974906921387,-0.08377476672145547,0.43600982400793925,-0.06626195265846047,2.18944719526994,2.2210821665207012,-0.018797624759333185,3.8262500778634663,10.486136089155496,-2.761670876984229,1.3524114305745218,-0.6609576441064676,0.49501987127793873,3.609503908748291,-1.578696076069967,-1.6877086798297327
1.093217134475708,-0.08379888398981926,0.4360027847005877,-0.0662703053735834,2.1894612159344824,2.2210350542597093,-0.018750205966360362,3.489211596330148,10.366483296827992,-2.7006313527420613,1.352029572615336,-0.6672161852399661,0.4921203061888151,3.6094648081013183,-1.5787318388568323,-1.687603775654928
1.0952391624450684,-0.08383450852581137,0.4360093105429232,-0.06626666920636928,2.1894761793703448,2.2210166681613317,-0.018706502497970772,3.7276118250765142,10.593853353105763,-2.871072562274692,1.3642445737541478,-0.6635561781464517,0.48885844976021686,3.6094648081013183,-1.5787490049945276,-1.6874926725970667
1.0972580909729004,-0.08387147799928017,0.4359969554928496,-0.06625792685943173,2.189418868738341,2.2210171904258185,-0.01861990914152752,3.7906531902088583,10.707655358019135,-2.8360437353438956,1.3595378424677877,-0.6661096918680216,0.4881803906447672,3.609463854427002,-1.5788124243365687,-1.6873953978167933
1.0992770195007324,-0.08392880336094484,0.4359772716231948,-0.06629020995385386,2.1893492558531946,2.2210280583045954,-0.01870079524335593,3.8781495836815325,10.593062734330577,-2.6372053316774267,1.3594691325666843,-0.6658366376697754,0.4896116158675474,3.6094600397297363,-1.5788095633136194,-1.6873043219195765
1.1012959480285645,-0.08394405471567985,0.436024663758388,-0.06626238784645605,2.1893671672962634,2.2210206887762562,-0.018503023792623186,3.736733380133252,10.625940961572148,-2.647986364632727,1.366373171339521,-0.6653540413346497,0.4923385472405469,3.6094557481953125,-1.57888108888735,-1.68719989458193
1.1033148765563965,-0.08398659839167846,0.4359855852248193,-0.0662894746643823,2.1893028651512823,2.2209671390183567,-0.018551591235425872,3.740020293614668,10.65400790168772,-2.557123030680779,1.3683120089071823,-0.6632573108536057,0.4937121709805719,3.6094600397297363,-1.5789240042315882,-1.6870878378497522
1.1053338050842285,-0.08401147872041578,0.4359600588579031,-0.06630515521016765,2.189259058017007,2.220898827670339,-0.018510558774648498,3.77592117259822,10.556673337008057,-2.507756634688339,1.372438019126763,-0.667921912872231,0.4849410617952035,3.6094400125690917,-1.5790002981769007,-1.686976734791891
1.1073532104492188,-0.08404493761810534,0.43600544259803836,-0.0662806307032001,2.189320046825687,2.2209236600674287,-0.01839455503063003,3.8583937588838366,10.668994685973187,-2.4161052358867474,1.371588396929299,-0.6703825388227654,0.4907587612936644,3.6094319063374023,-1.5789974371539515,-1.6868723074542444
1.1093924045562744,-0.08406448985176214,0.4359993923716579,-0.0662857147919801,2.1892768467420742,2.2208811607100003,-0.01830095885556304,3.885102675223866,10.97098685991053,-2.5904416900999747,1.3726445252213488,-0.6758798272031095,0.48837432192528285,3.6094085413166503,-1.5790804068194788,-1.6867759863482874
1.111412525177002,-0.08409877551303034,0.4359847538803534,-0.06629862720770299,2.1892403475928317,2.220819684419276,-0.018291250424377906,3.856060350148536,10.591804549244706,-2.465478352293893,1.379692453142992,-0.6821198571068933,0.48945718947998185,3.6094280916401367,-1.5791357199298304,-1.686652962361471
1.1134321689605713,-0.0841537696154094,0.43599882271281337,-0.06629823653628059,2.1892146130004932,2.220862471180469,-0.018246144964123398,3.9013448542190865,10.66463555226411,-2.5096147490681475,1.3760076387692695,-0.6878291479085996,0.493213322015874,3.6094156938740234,-1.5791414419757288,-1.6865480581866663
1.1154518127441406,-0.0841658723464675,0.43599768669479766,-0.06629970861460867,2.189240483394532,2.2207791450635863,-0.01817422413297238,4.108558150262598,10.874129455489848,-2.668036702597002,1.3839058025657154,-0.6837025892036039,0.49636844344932135,3.6094037729450683,-1.579200569783346,-1.6864331404315394
1.1174709796905518,-0.08420611542892545,0.4359946837838237,-0.0663037767163527,2.189156732746742,2.220806834979787,-0.018124765762439755,3.7932547026113417,10.899870362076797,-2.7523280048517798,1.3786293037165178,-0.6856659788696166,0.492034743778895,3.6094037729450683,-1.5792487303363245,-1.686359707509176
1.119490146636963,-0.08425326223500283,0.43597896744475256,-0.06631087316446943,2.1891085944437187,2.2208004479867602,-0.018112991530609055,3.7255741346018705,10.791647781246095,-2.796778845851983,1.380756246877305,-0.6876377462534327,0.4917922570678248,3.609407587642334,-1.5792806784259241,-1.6862519423114222
1.121509075164795,-0.0842784907467941,0.4360074428535878,-0.06630503384067525,2.1891482491366174,2.220779832887147,-0.017992249254642306,3.887271291488091,10.948058419058116,-2.8682792771697043,1.3899670573031877,-0.6878175390664458,0.4896981029838016,3.6093641954609375,-1.5793169180499476,-1.6861355940448206
1.1235430240631104,-0.08435318019380443,0.4359964712297307,-0.06631136333181753,2.189117241906635,2.2207186633896416,-0.017944847832528536,3.758492471629357,10.547324304277295,-2.7911981601958895,1.3955640873970327,-0.6907722497799278,0.49122540443923923,3.6093880373188476,-1.5793817679034632,-1.685908619557516
1.1255629062652588,-0.08439657909071582,0.4359829486844316,-0.06633060518122723,2.189077720432441,2.2206887475414,-0.017933928884696335,3.843986400360139,11.155109528468422,-2.872544767670445,1.3912186926794265,-0.691214558596237,0.4885014246353096,3.609368010158203,-1.5794218222247522,-1.6857894102679651
1.12758207321167,-0.08443322014829348,0.4359906757031557,-0.06632671497145266,2.189043806054852,2.2206964002513487,-0.017884239763430045,3.9889523699678495,10.983795967764472,-2.771285863794444,1.4023589185225989,-0.6952001746200231,0.48777207645134996,3.609383745784424,-1.5794537703143519,-1.6857002417193812
1.129601001739502,-0.08447362375662033,0.4359835038064426,-0.06632830143180851,2.1890166821997865,2.2206954165050323,-0.017808883368499336,4.343657128661798,10.817565134359825,-2.8045148134622875,1.4097157851700661,-0.6906355479451446,0.49186793845103177,3.609344645137451,-1.5794971624957483,-1.685591999684469
1.1316204071044922,-0.08450866462951193,0.4359839937838071,-0.06633530113265539,2.1889739526647594,2.2206809828031076,-0.01777914958921627,4.067471262900667,11.049302146846804,-2.6801339566148097,1.4040623594424,-0.6920312331785863,0.4890084922109618,3.60935561239209,-1.5795381704913538,-1.6854966322528284
1.1336400508880615,-0.08455017392177516,0.43596911728017296,-0.0663403750547257,2.1889437141781185,2.220643358685036,-0.017745395236708216,3.8442613990501893,10.85303061267032,-2.817997210375457,1.419855120903978,-0.6838339939439247,0.49097241163695,3.6093594270893554,-1.5795863310443323,-1.6853693167315882
1.1356587409973145,-0.08455017392177516,0.43596911728017296,-0.0663403750547257,2.1889437141781185,2.220643358685036,-0.017745395236708216,3.8442613990501893,10.85303061267032,-2.817997210375457,1.419855120903978,-0.6838339939439247,0.49097241163695,3.6093594270893554,-1.5795863310443323,-1.6853693167315882
1.1376781463623047,-0.08459834783361248,0.4359868730931089,-0.06634286296149439,2.188922583564004,2.2205981088999422,-0.017571127488045082,3.7551224307449895,11.16627653176867,-2.819416332056234,1.4206997593366368,-0.6791490481575211,0.4939787091411211,3.6093079286762695,-1.5796893278705042,-1.685176197682516
1.1396968364715576,-0.08464553099862822,0.4359853327161423,-0.06634016975432892,2.1888788648372364,2.2205889897951465,-0.017506215277068506,3.6697259310787276,11.069603571173817,-2.739367287834596,1.4267892595595095,-0.6878692866673795,0.4921407100797529,3.6093198496052246,-1.5797413031207483,-1.6850488821612757
1.141716480255127,-0.08468328818825363,0.43594809543083574,-0.0663709261401942,2.188819257568256,2.2205307719677334,-0.017562274501001833,3.697068176619203,11.075397241286769,-2.9974260236134307,1.4383428504565476,-0.6822921476839925,0.4873352482576014,3.6093198496052246,-1.5797813574420374,-1.6849449316607874
1.14373779296875,-0.08470778007567806,0.4359794041175939,-0.0663544500858608,2.188844917246529,2.220521267126169,-0.017426118460869486,3.717443076234148,11.31590959616467,-2.9481372715718455,1.438649177129183,-0.6793502324022264,0.4908487121910646,3.609304113979004,-1.579825226460592,-1.684836212788717
1.1457571983337402,-0.08475098208499911,0.436005882559605,-0.06634813446934423,2.1888494793877036,2.2205416278621315,-0.01737247853832011,3.665934749197623,11.178730227113482,-2.8525599856069057,1.4384160653296887,-0.6811475707178443,0.49104625677126734,3.609311743373535,-1.5798304716693323,-1.6847322622882288
1.1477770805358887,-0.08479922771109966,0.43596414244894005,-0.06636361154916486,2.1888096162285215,2.2204954360849287,-0.017386179537507842,3.7241430660241055,11.263519187086063,-2.6700928550912844,1.4354687090668596,-0.6853577639322685,0.49405173662298846,3.609299345607422,-1.579869572316305,-1.6846020857440394
1.1497960090637207,-0.0848286017515904,0.4359791172809538,-0.06636456270137335,2.1887691115704553,2.220491752718763,-0.017311802654246682,3.6797011527854244,11.573573971480078,-2.7486863728999005,1.4355845209651397,-0.6882321270560899,0.48807514125181706,3.6093026834675292,-1.5799215475665491,-1.6845133940326136
1.151815414428711,-0.08485483954959713,0.4359693532711696,-0.06637339902053081,2.188749754048241,2.2204273518092714,-0.017289463215823735,3.537652443799187,11.136347706066008,-2.7907245907894045,1.4433057556935365,-0.6973587544968309,0.49145377831199366,3.609318895930908,-1.5799744764911097,-1.6844003836261194
1.1538350582122803,-0.08490500992125087,0.43597374987145054,-0.0663792677700534,2.188735677450556,2.2204440831989296,-0.01725910493867038,3.8376897530181076,11.135817087964877,-2.5347416885583964,1.4267034051197534,-0.6854869099342041,0.4900572197950088,3.609295530910156,-1.5799825827227991,-1.6842907110797327
1.1558539867401123,-0.08493816740529728,0.4359921384138584,-0.06637401459025852,2.1887195453336203,2.220450984006861,-0.01713698718017144,3.6835981092250756,11.137091175607276,-2.5406018009489055,1.4279969805829096,-0.684021679495086,0.49728297304968294,3.609259768123291,-1.5800345579730433,-1.6841862837420862
1.1578741073608398,-0.0849676318922096,0.4359890180828161,-0.06638170611257836,2.188733067227607,2.2204187488801113,-0.017118079043340978,3.671299702462134,11.132218852737306,-2.813963849355326,1.4364742880587187,-0.682693706037581,0.49228649465011,3.609240694636963,-1.5800507704364222,-1.68408710161318
1.1598930358886719,-0.08498963183551682,0.43597984165045395,-0.06638142486096986,2.1886622973342864,2.220373013035692,-0.01702501446528887,3.965564981160839,10.859099466314527,-2.752478822405092,1.4349919739191082,-0.6920626875711002,0.4912971130774507,3.6092559534260253,-1.5801499525653284,-1.6839864889727991
1.1619255542755127,-0.08503555783956682,0.43599440158244596,-0.06637898228792861,2.1886690107450475,2.220380106170946,-0.016949867907925808,3.8520632366804444,11.062610180736137,-2.7552162254740606,1.4177995838993378,-0.7039080606841146,0.49317894733375156,3.6092282968708496,-1.580169979725973,-1.6838629881488245
1.1639554500579834,-0.0850778662437607,0.43598196586204446,-0.06638757599032527,2.1886435700385536,2.220355096615526,-0.016979195216831826,3.865159109835606,11.276677400524228,-2.7753382968156055,1.4291913799886198,-0.6991992863480689,0.4907063338348665,3.609259768123291,-1.5801833311664026,-1.683758560811178
1.165978193283081,-0.08509433254335151,0.43598594243421696,-0.06639337841847681,2.1885726758554074,2.2203365762790357,-0.016871979669060184,3.86760056761529,11.169138292113828,-2.8472195722981364,1.4367125730603545,-0.694296968885519,0.4921576061401916,3.6092392641254882,-1.5802739302264612,-1.683685604725973
1.1679973602294922,-0.08514124813823053,0.4359727394971943,-0.06640965077202933,2.1885650027706367,2.2202867919541087,-0.01686421674383491,3.689683240037202,11.142304437738652,-2.7573129212678262,1.4343738724130608,-0.7004153883317855,0.4942201686536964,3.6092240053364257,-1.5803058783160608,-1.6835396925555628
1.1700177192687988,-0.08518531991192946,0.4359997309238899,-0.06639001691249624,2.188578727644774,2.2203109599966075,-0.016762915687332743,3.648591718456254,11.051887557482786,-2.8712909445934107,1.4381900975566217,-0.7034210573556893,0.4918585668901608,3.6092278200336914,-1.5803230444537562,-1.6834238211261194
1.1720380783081055,-0.08520331965931276,0.43598368534434623,-0.06640576519268361,2.1885369372081387,2.220274721596855,-0.016738376801319878,3.9305395063292856,11.321562242015128,-2.7598733759784464,1.4442911604429798,-0.6996306645416113,0.49212447825865074,3.6092044550129394,-1.580374542866842,-1.6833556334124964
1.1740593910217285,-0.08524385153873358,0.4359818684057976,-0.06641548840404983,2.188492397268262,2.220252541575592,-0.01668181675767367,4.115913164303855,11.401107580391933,-2.7470920647270134,1.4489231623253527,-0.7027654736301365,0.48893488042945943,3.6091925340839843,-1.5804312864886683,-1.6832354704486292
1.1760785579681396,-0.08528791447707385,0.43596942570362385,-0.06642220273216361,2.188443160700178,2.2202389685191966,-0.016654075906972526,4.0237634302918845,11.169369143312695,-2.902370754322635,1.445900685348628,-0.7101859292769305,0.49614439708259006,3.6091958719440917,-1.5804742018329065,-1.6831243673907679
1.1780974864959717,-0.08531066502022326,0.43598329553903253,-0.06641608703258671,2.188500281501455,2.2201786606085943,-0.01660074778398305,4.042843318688611,11.319577700589114,-2.767173953346887,1.4484836391902345,-0.7026470924320022,0.49212167757634506,3.609203501338623,-1.5804956595050257,-1.6830008665667933
1.1801154613494873,-0.08531887732294142,0.43598812894462197,-0.06641688880452566,2.188507782336408,2.220085993433346,-0.016488195498266935,3.751126355959416,11.399396319768723,-2.8606456745125137,1.4498389448592413,-0.7008670936436655,0.49297091259386316,3.609191580409668,-1.5805862585650843,-1.6828778425799769
1.1821379661560059,-0.0853878874452069,0.4359555640670454,-0.066439930846492,2.1883944667213964,2.2201262256814958,-0.016498750192231296,3.8966600895986234,11.51797608496858,-2.7869791466277656,1.4420820050651268,-0.7007561755143025,0.49003844797416946,3.6091601091572265,-1.580618683491842,-1.6827734152423304
1.1841657161712646,-0.08541605200340363,0.4359599466730453,-0.06644615736035925,2.188411108861553,2.220066855478969,-0.01648084970192313,3.8963552792785827,11.133741975661817,-2.5344178994164843,1.444660889337082,-0.701134232623298,0.4925375735851867,3.609175844783447,-1.5806472937213343,-1.6826537291156214
1.1861929893493652,-0.08545981216122794,0.4359730778271793,-0.06644385483182848,2.1883697581936477,2.2201019211502553,-0.01638479216760569,3.8862916043699434,11.175556341039636,-2.517957446625907,1.445243364978465,-0.6939125445770016,0.49307457194772564,3.609144373531006,-1.5806868712054651,-1.6825578848468226
1.1882200241088867,-0.08547778026051794,0.4359787150501791,-0.06644361698184817,2.188364143696196,2.220063611734252,-0.01632121399916044,3.7940961419446277,11.202912852678159,-2.5144551684599143,1.4517528466597467,-0.6926151739608871,0.48623381436939817,3.609144373531006,-1.5807350317584437,-1.6824691931353968
1.1902480125427246,-0.08552785194551005,0.43596383045755205,-0.0664551673064868,2.1883126720863397,2.220064302890887,-0.01633252109747744,3.8259818511344155,11.147717731297194,-2.0941490235267564,1.436612583261554,-0.7009370939965359,0.49441567943795084,3.609151526088379,-1.5807555357562464,-1.682366196309225
1.1922760009765625,-0.08554531708898669,0.43597206547553086,-0.0664585600777984,2.1883103984809,2.2200068285949643,-0.016222828081163636,3.8842881985407693,11.01498118273103,-2.127935338852592,1.439969184125397,-0.693842979563858,0.4882775693252316,3.6091205316730957,-1.5808308760272425,-1.6822508017169397
1.1943039894104004,-0.08558367320695154,0.4359658255724037,-0.06646609938197305,2.1882286550210264,2.2200125325895756,-0.016181586983230616,3.773419199286771,11.568611383594419,-2.357388942662013,1.44263796584357,-0.689726337750426,0.4854327528553006,3.6091276842304687,-1.5808866659747522,-1.682166878377096
1.1963307857513428,-0.08562103881251729,0.4359675386801189,-0.06646980473365714,2.188268299951747,2.21996528537743,-0.01615452437542492,3.917999457756893,11.341284248347126,-2.4390912997815164,1.4442793065738204,-0.6931698650439537,0.49274474622360587,3.6091157633015136,-1.5808995405780237,-1.6820314566241663
1.1983580589294434,-0.08566368611289091,0.4359755341449501,-0.06646689685156129,2.188226431214711,2.2199838246822834,-0.016108608216828902,3.956323929596855,11.003780945387655,-2.1936608132950086,1.4430864394536493,-0.7015182114144023,0.49662994381981634,3.6091314989277343,-1.580928150807516,-1.681938950215475
1.2003858089447021,-0.08570068095063313,0.4359739880503972,-0.06646656649028747,2.188149817721819,2.2199772690534854,-0.01599020605754818,3.888799539996761,11.240726516758368,-2.3820183918320303,1.4518873487778978,-0.6926030655592819,0.488196136198907,3.6091157633015136,-1.5810187498675745,-1.6818273703204554
1.2024128437042236,-0.08573480220051281,0.435969485690498,-0.06647048809078895,2.1881546304804345,2.219948865373389,-0.015975853831894225,3.7412535095821284,11.134785083581557,-2.456336375163948,1.4592247829563956,-0.6969271853734182,0.49066452513949016,3.6091157633015136,-1.5810354391681116,-1.6817229429828089
1.2044398784637451,-0.08576817347038955,0.4359697636223383,-0.06648294858509173,2.188130415078767,2.219912219503956,-0.015934870286585624,3.9298174685174865,11.459389805727984,-2.2827816195354855,1.449420512817116,-0.7052909053269559,0.49460333581625326,3.6091038423725585,-1.581083122883932,-1.6816089789019983
1.2064669132232666,-0.08580628876678702,0.43596193901102587,-0.06648488693387815,2.1881190972392184,2.219891064406966,-0.01589174763112878,3.844173747869736,11.375859214042679,-2.332312978772446,1.4508157819714662,-0.7192184505155819,0.49404330250225753,3.6090914446064453,-1.581116024647848,-1.6814964453326624
1.208493947982788,-0.08583551709988313,0.4359686472469356,-0.0664961610000903,2.1880448262676864,2.2198774675657535,-0.015809330465446268,4.127994873567695,11.571399876287316,-2.4317019737987637,1.454685290823198,-0.7088372050696803,0.48198967281391664,3.60907952367749,-1.5811951796161097,-1.681403938923971
1.2105207443237305,-0.08587183593363536,0.43596183790523363,-0.06650151639245465,2.1879909921371397,2.219885485799589,-0.01576690241026828,3.982061726925193,11.532593843079932,-2.3517913374810795,1.4567766808509968,-0.702945365593948,0.4900207861869735,3.609067602748535,-1.5812352339373987,-1.6813233534442347
1.2125492095947266,-0.08590597624136358,0.43595668183020286,-0.06650833410476316,2.1880593713496648,2.219795648561483,-0.015750655779162827,3.90120466797847,11.39136811793077,-2.3782125340792026,1.4629365577939302,-0.7008440945408468,0.4906375684610085,3.60905568181958,-1.5812514464007776,-1.6811626593219202
1.2146072387695312,-0.08594140303578404,0.43595822271318113,-0.0665092009179505,2.1879886392252175,2.2198091943864076,-0.015664019079177086,4.023395797922149,11.255284901802163,-2.3485707778545533,1.4630038474080547,-0.6948470052285974,0.4907532519021224,3.609043760890625,-1.5813153425799769,-1.6810773054706019
1.2166283130645752,-0.08598304962754386,0.4359591483387762,-0.06651701488420232,2.187923474863024,2.21979464189645,-0.01563623871357686,3.723074751132762,11.386621123682382,-2.3267085533001644,1.4667223518665795,-0.691883371746836,0.4911214410447461,3.609074755305908,-1.581367317830221,-1.680969540272848
1.2186481952667236,-0.08601134605103412,0.43597065177679317,-0.06651061425335458,2.187990085608076,2.219769890433118,-0.015543825040754768,3.7469452822300235,11.490805401695356,-2.1970300224484696,1.471476808197997,-0.6890403163082462,0.4866526618749568,3.609015627498291,-1.5813801924334925,-1.6808512846576136
1.220668077468872,-0.08605022437547964,0.4359709330418586,-0.06651960343328936,2.187948283965264,2.2197493468748197,-0.015485103820472825,3.610720600344054,11.310931141262373,-2.127745586814081,1.467162467890888,-0.6955536826650566,0.49190513704102196,3.609003706569336,-1.581435505543844,-1.680734936391012
1.222687005996704,-0.08608110596084655,0.4359524489905113,-0.06652507846471241,2.1878892786526696,2.21971468459924,-0.015467188890713267,3.614118506991674,11.341105794297405,-2.052919517384418,1.4687447797593607,-0.693847617813369,0.488728829872435,3.6090313631245117,-1.581491772328512,-1.6806424299823206
1.224710464477539,-0.08610381712602526,0.43594754808815694,-0.06653098670018058,2.1878566530558516,2.219709235659472,-0.01541621091183025,3.604991482082918,11.38021289992629,-2.0290791638344903,1.4694630257786543,-0.6905710771776388,0.4900393119245672,3.609003706569336,-1.581531826649801,-1.680577580128805
1.2267489433288574,-0.08614023713977877,0.4359585760377108,-0.06653610362928133,2.1878950698404496,2.219639122082652,-0.015373842699231872,3.741979632512142,11.728217475600315,-2.0052410772069726,1.4620383835292297,-0.6912727941403813,0.4844496978437034,3.6090075212666015,-1.5815637747394007,-1.680420223866598
1.2287721633911133,-0.08616600391941495,0.4359560357719816,-0.06653894974000808,2.1878289777541813,2.2196228162037457,-0.015304491000054437,3.8707261114833535,11.520250955552251,-1.808423370185873,1.4733196385651848,-0.6961801327309065,0.48926790642487783,3.6090146738239746,-1.581634823475973,-1.680338207875387
1.2307939529418945,-0.08621690956917538,0.43597785538310385,-0.06652847701275165,2.187792573185912,2.2196793853009495,-0.015168341268990639,3.948380031056046,11.53632961444171,-1.8673799209579,1.464161984586954,-0.7002016657665087,0.48869446453345833,3.608971281642578,-1.5816758314715784,-1.680230442677633
1.2328159809112549,-0.08623657978128926,0.43596268195721954,-0.0665452936777836,2.187748591784274,2.219621995720188,-0.015192015427738868,3.966714944618362,11.3530860983449,-1.7432865868006469,1.4680935400484731,-0.6972127000432705,0.4820054251807383,3.6090027528950195,-1.5817201773272913,-1.6801536718951624
1.2348380088806152,-0.08627739278872375,0.43595599771405275,-0.06654903814837138,2.1878450596745473,2.2195211514524886,-0.015170793933416181,3.8957390401014944,11.462612970724432,-1.864783290204986,1.4698495355273176,-0.6948904916895857,0.4906064669451525,3.6089836794086914,-1.581728760396139,-1.679964844380514
1.2368576526641846,-0.08629725006205523,0.4359807779622367,-0.06654896870939157,2.187823178873889,2.219507855245105,-0.015056029998542192,3.8906172766177916,11.686084706259138,-1.8325470824590315,1.4690610550123422,-0.6976125059399747,0.4866992359750401,3.6089631754108886,-1.5817926565753382,-1.6798761526690882
1.238879919052124,-0.08633284401345374,0.4359846163354894,-0.06653958091481307,2.187804829532614,2.219517197030479,-0.014982423563406863,3.9411482492156473,11.504273655865449,-1.8685704248413908,1.4743840725815012,-0.7023191875699291,0.48757004727401265,3.608959360713623,-1.581825081502096,-1.679784123097555
1.240907907485962,-0.08637809663656404,0.43596868709383046,-0.06655935202421827,2.187778288274948,2.2194645966996323,-0.014986177137598275,4.103222606045268,11.625619320878382,-1.898555148660869,1.4765461119190084,-0.702825588801707,0.4851699508176723,3.6089555460163574,-1.5818641821490687,-1.6796453634845179
1.2429358959197998,-0.08641547873710587,0.43597360591271084,-0.06655354240496711,2.1877233919995613,2.2194799833633314,-0.014893026238381518,4.075478398263542,11.72981267264577,-2.0403271051048155,1.4800186107872897,-0.7052205408586926,0.4833965646343233,3.6089512544819335,-1.5819209257708948,-1.6795528570758265
1.2449638843536377,-0.08644600234836532,0.4359496179629399,-0.06657527921014478,2.1877069379795047,2.219405121800933,-0.014891656338273116,3.917846984483188,11.623964983165497,-2.069858088397677,1.4921250575675329,-0.7032191049514294,0.48913094879223323,3.608931704158447,-1.5819695631610315,-1.67942983308901
1.2469909191131592,-0.0864852671151445,0.43596357692036386,-0.06656766919100304,2.187702507943375,2.2194082425948927,-0.01483765120133675,4.00545136087658,11.729067257438855,-2.1697214270068774,1.4945042138596982,-0.7031015518070025,0.49009106970029337,3.6089464861103515,-1.581989590321676,-1.6793254057513636
1.2490179538726807,-0.0865124935650029,0.43597621175196904,-0.06657047466541546,2.187652818902733,2.2194310969143274,-0.01473406193303001,3.8613773216983214,12.01837040948738,-2.1484228312889666,1.4970738209781456,-0.7057393270731612,0.48155963733292584,3.6089040476032714,-1.5820444265948694,-1.6792572180377405
1.2510459423065186,-0.08654819410498485,0.43597854172614287,-0.06656236144675022,2.1875970623268852,2.2194247667622915,-0.014643893841196805,3.9531163673325986,11.744822137300298,-2.111913782929407,1.507540629131761,-0.7043475849726193,0.4838684488929885,3.6089235979267578,-1.5821121374713343,-1.679152790700094
1.2530739307403564,-0.08658057960909303,0.43597235993597844,-0.06657934948380383,2.1875967728746777,2.2193658024052487,-0.014617715719315149,3.7651659082553985,11.887523223620416,-2.2226353778336367,1.5120228915090008,-0.7130264387089117,0.48586407331491804,3.6088992792316894,-1.5821531454669397,-1.679025952016012
1.2551016807556152,-0.08660985321072197,0.43597131524848215,-0.06658570849534082,2.187586744692029,2.2193490986665054,-0.014581230550864558,4.008210737975698,12.079708551104437,-2.267408294903369,1.5080667498034241,-0.7067666962816569,0.47921335214348093,3.6088802057453613,-1.5821808020221155,-1.6789372603045862
1.2571287155151367,-0.08663964570575874,0.4359751568785087,-0.06658549804387548,2.187585348279969,2.2193148467176247,-0.014524076040515695,3.784124337417741,11.846592790476748,-2.299767126161716,1.5183855155886852,-0.707994241899225,0.48649315944019306,3.6088802057453613,-1.5822213331805628,-1.678826157246725
1.2591559886932373,-0.08668161067265277,0.4359585263929875,-0.0665955495087598,2.1875426731676217,2.2192930981761188,-0.01451541495668243,3.8589482076121215,11.780371412492633,-2.295291707740581,1.527392272419062,-0.705781797168757,0.48387474343524683,3.6088835436054687,-1.5822575728045862,-1.678718392048971
1.2611839771270752,-0.08671583120870285,0.43593648432879406,-0.06661320324133488,2.1875111703275136,2.219225119930505,-0.014534618959954896,4.0428827610239715,12.070991709715452,-2.286515183066042,1.520709350441725,-0.7032972733795299,0.4811931476697808,3.608903093928955,-1.5823019186602991,-1.678598705922262
1.263211965560913,-0.08675639166484045,0.43593672824860685,-0.06661565532795478,2.1874761775858205,2.2192088321871255,-0.014499457925068376,3.8598554373436516,11.779483979279018,-2.2684354001535194,1.5290001118233192,-0.7108495104956482,0.48888396725573846,3.608922167415283,-1.58234149614443,-1.6784871260272425
1.265251636505127,-0.08678953644390444,0.4359502504381471,-0.06660670147373957,2.1874255957403856,2.2192360701298717,-0.014341607285054866,4.038058534175999,12.183095387291855,-2.294405561382959,1.5281639457606302,-0.7057744724664231,0.4828454985376209,3.6088754373737792,-1.5824158827411097,-1.6783950964557093
1.267291784286499,-0.08680821775375952,0.4359493215651735,-0.06662312771195095,2.1874351168641506,2.219151437258761,-0.014308511206274669,3.707861167941815,12.045038272968021,-2.285922391215346,1.526721781668585,-0.7137694853415889,0.4846327824255897,3.608863516444824,-1.5824688116656702,-1.6782754103290003
1.269313097000122,-0.08685235950335606,0.43598349658779373,-0.0666068303555963,2.1874567943322565,2.2192083523487716,-0.014193014379883077,3.982974836628476,11.959035744776665,-2.1420251321601222,1.5303632514170875,-0.7036724701477254,0.47685802722877235,3.608823462123535,-1.5824702421771448,-1.6781795660602015
1.271334171295166,-0.08687872475329837,0.43597039642893237,-0.06660930574498589,2.187436090429364,2.2191482198755623,-0.014101601609954714,3.779681438476553,11.678811898278889,-2.1767862543393415,1.5431835881551121,-0.7080374329803586,0.4837380733679966,3.6088005739399414,-1.5825493971454065,-1.6780532042132776
1.273355484008789,-0.08692705257447984,0.4359578769118588,-0.06662722110864432,2.1873765783979566,2.219130616934295,-0.014147973179222381,3.9879747234458205,12.063297546740994,-2.2592863210971452,1.539268746449718,-0.7085102113369148,0.4878333914908364,3.608839197749756,-1.5825699011432093,-1.6779487768756312
1.2753779888153076,-0.08695230543871418,0.4359562367722536,-0.06662666330093514,2.1873818496169912,2.2190758586623613,-0.014091027567825105,4.042119096276225,11.914536345492833,-2.12293272911478,1.5352656481015172,-0.7088886503956614,0.48435928062338135,3.6088430124470214,-1.5826180616961878,-1.6778324286090296
1.2774169445037842,-0.08698987072221172,0.43595568400917406,-0.06664226604768816,2.1873635086391894,2.219050135999143,-0.014065076245062907,3.9970328307354683,12.137768821479439,-2.17449344448831,1.5404721234822591,-0.6964647468152553,0.47950924056976196,3.6088201242634277,-1.5826504866229456,-1.67772084871401
1.27945876121521,-0.0870028961040166,0.43593476569585293,-0.06665826613938297,2.1873356457283117,2.2189661818096984,-0.014054988237753065,3.4702551624636144,12.083979631202334,-2.4818805289899015,1.5511151870967312,-0.6966632689098866,0.48345399736208244,3.6088272768208007,-1.5827143828021448,-1.677629295979635
1.2814857959747314,-0.08705619610263797,0.4359675220641958,-0.06664278053914781,2.187264164020757,2.21907347802148,-0.0139108352942412,3.836143027863887,12.25521727253259,-2.283038678378227,1.5489609047052328,-0.6900975027075058,0.47570453564338805,3.6087962824055175,-1.58275014558901,-1.6775558630572718
1.2835137844085693,-0.08709404673229029,0.4359337435083289,-0.06665991905166382,2.1872518286984453,2.2189784473353757,-0.013942407239410965,3.7769273068682367,12.15810574534591,-2.19143822759203,1.5504327260377877,-0.7030397108747474,0.48074562048522457,3.6088191705891113,-1.5827935377704065,-1.6774099508868616
1.2855424880981445,-0.08711490565003184,0.4359764525827023,-0.06664298748290011,2.1872689138188854,2.2189960864801037,-0.013743243125402574,3.9882897842491802,12.401148129334276,-2.2523063554213976,1.5578350501772356,-0.6953369782392582,0.4801042979014517,3.6087562280842285,-1.5828536192523401,-1.6773141066180628
1.2875802516937256,-0.0871467380699602,0.4359413175394251,-0.06666364521044296,2.1872401100516274,2.218908740141615,-0.013806333654357862,3.8862760501918117,12.492579257532062,-2.1969792354642985,1.5646679017395748,-0.6972751626299132,0.47519734259566504,3.608795328731201,-1.5828893820392054,-1.6771982351886194
1.2896108627319336,-0.08722700136867272,0.4359628166792636,-0.06666349255065272,2.1872121086053515,2.2189259238836323,-0.013657545492464587,3.653050755324622,12.250340719904488,-2.1599173282476647,1.57660444122048,-0.7080700887973272,0.4868046653228369,3.6087443071552734,-1.5829508940326136,-1.6769874731646937
1.2916321754455566,-0.08726730045254211,0.4359342663019312,-0.0666945020080603,2.1871347675171666,2.218869404261338,-0.013704649937839257,3.8198027714934835,12.34167932259986,-2.0811314233576863,1.5787724780737091,-0.7075940807173584,0.4814634155771376,3.6087633806416015,-1.5830023924456995,-1.6768763701068323
1.2936525344848633,-0.08728864007916937,0.4359329586456174,-0.06669441076991915,2.1871185851381982,2.2188426791092652,-0.013622139968712843,3.8389232579459596,12.317867117755446,-2.150620749187361,1.582344890659424,-0.7130928428394899,0.4835677442791304,3.6087395387836914,-1.583057705556051,-1.6767872015582483
1.295673131942749,-0.08732540697716223,0.43592465562351007,-0.06671150290068155,2.18707735080972,2.218811175219288,-0.013605151064337481,4.10044147661807,12.26991347710553,-1.9529337085875482,1.5789832262740826,-0.7076267416488049,0.4857847929644856,3.6087309557148437,-1.583102051411764,-1.6766794363604944
1.2976932525634766,-0.08735980437994474,0.4359330041644646,-0.06670408056288905,2.187028284262552,2.218815372819353,-0.013540506414273644,3.9550918815393756,12.553204891059163,-1.9357166952943603,1.577702188570866,-0.7128589380161225,0.4815541085891163,3.608762426967285,-1.5831502119647425,-1.6765907446490687
1.2997119426727295,-0.0874108138057667,0.43593757181937737,-0.06669952139213765,2.187014812007894,2.218819206771264,-0.013457856877605083,4.130741730216673,12.498996361388043,-1.8452674188556102,1.587245657992602,-0.7146059368586617,0.4832962704571835,3.608743353480957,-1.5831859747516077,-1.6764557997332972
1.3017339706420898,-0.08742958198947653,0.4359671855753298,-0.0666904414133944,2.1870491162328602,2.2187858227207062,-0.013333784574614392,4.174103345639472,12.25056930282444,-1.8822897715264217,1.5860337064633292,-0.714716511857498,0.4877853792317328,3.6087228494831542,-1.5832341353045862,-1.6763442198382776
1.3037528991699219,-0.08746723605783692,0.43594752134226317,-0.06671258781763223,2.1870415843423725,2.2187112941000904,-0.013357543450389166,4.208138812940421,12.411876547891685,-1.7479705785615596,1.5874045081839054,-0.7084515932458727,0.4789740789525061,3.6087228494831542,-1.5832670370685022,-1.6762092749225062
1.3057730197906494,-0.08750294076134145,0.4359385339009972,-0.06671972244547957,2.186948021920599,2.2187472828023815,-0.013264245029561238,4.110406334441099,12.508193385316833,-1.9584554162633174,1.5913449317468076,-0.7112060496047231,0.4821907584224468,3.6086723047443847,-1.5833342711078089,-1.6761444250689905
1.3077921867370605,-0.08753698681847846,0.43593461718860743,-0.06672448120110784,2.1868989535845866,2.2187349910809266,-0.013222465082855779,4.267102805938574,12.377020590988456,-1.9882027261474342,1.5986556966417078,-0.7154274140763476,0.4866255514114318,3.6086794573017578,-1.5833824316607874,-1.6760519186602991
1.3098108768463135,-0.08757429265340462,0.435922082059909,-0.06673230250292377,2.1868673211885374,2.218685641146421,-0.013206369120213036,4.194209889208549,12.527076904400062,-1.754873213577033,1.5891467196216962,-0.7273981997224519,0.48728075201185306,3.6087023454853515,-1.583430592213766,-1.6759288946734827
1.311830997467041,-0.08761550860736922,0.43593748012753314,-0.0667293393313545,2.1868518593739075,2.2187042330668416,-0.013117452381488969,4.138697282743064,12.206089935298422,-1.7771949740387714,1.60174199750005,-0.7217050084403795,0.4836908469284676,3.6086746889301757,-1.5834625403033655,-1.6758244673358362
1.3138504028320312,-0.0876638329424598,0.4359404041405043,-0.06673397438211666,2.186837526950983,2.2187017778835285,-0.013109711769494752,3.934291865820921,12.651524861085289,-1.7881853826915828,1.6029802114342322,-0.7214879875055377,0.48420564452300213,3.608687086696289,-1.5834720770465296,-1.6757100264178675
1.315871000289917,-0.08766963798645702,0.43593164473363205,-0.06674782123350184,2.186821763702285,2.2186195476274837,-0.013055841640652701,4.0046591741033915,12.203345644004015,-1.6684867592271104,1.6075750924512182,-0.7214707112981315,0.48482412810679965,3.60867087423291,-1.5835464636432093,-1.6756213347064417
1.3178911209106445,-0.08770355345938129,0.4359297348028258,-0.06675091483231176,2.186856356427307,2.2185417288223603,-0.012980170161551762,4.056646807139945,12.375782188495808,-1.5818296502697315,1.6076167470506908,-0.716718335305285,0.48413976902260003,3.608647032375,-1.5835984388934534,-1.6754587332354944
1.3199272155761719,-0.08773951443110341,0.4359233981896168,-0.06675562143436604,2.1867519714800725,2.2185929631261776,-0.012897314375541516,3.9180630964975265,12.86966608387327,-1.5423409690504257,1.6076940789779426,-0.7071547953869864,0.48374762962717377,3.608612223262451,-1.5836589972125452,-1.675408665333883
1.3219470977783203,-0.08778198187515979,0.435924693452803,-0.0667683388525724,2.1867395963320586,2.2185550190912764,-0.012926658773203464,3.7991257372420018,12.393597910855917,-1.5000077721530474,1.622169085813259,-0.7025537663398628,0.48425718177900046,3.6086508470722656,-1.5836718718158167,-1.6752889792071741
1.3239669799804688,-0.0878142169671122,0.4359343819009039,-0.06676536162514911,2.1867600174159767,2.2185090941218615,-0.01282029411067809,3.819638930043315,12.370574566849642,-1.4401608270211914,1.622327935687193,-0.7057154961854246,0.4852222009777702,3.60862319051709,-1.58372670808901,-1.6751468817340296
1.3259861469268799,-0.08785526089812057,0.4359315918578113,-0.066765652961724,2.186639462191999,2.218562015841429,-0.012746104195178529,3.995357866573151,12.531305924884341,-1.6470826669924539,1.6212118475759107,-0.7069858455550161,0.480797361050027,3.6086270052143554,-1.5837910811053675,-1.6750896612750452
1.3280060291290283,-0.08789294924052214,0.4359228997824259,-0.0667866734385147,2.1867058499625007,2.218491104753739,-0.01278429768807663,3.6641410892517996,12.613146631569188,-1.6850124165260392,1.6238032857436309,-0.7168954321635266,0.4895501563422145,3.608595533961914,-1.5837762991534632,-1.67495042482485
1.3300280570983887,-0.08791427752581332,0.4359252598566274,-0.06678109027560551,2.186653373420409,2.2184362994155045,-0.012661874826752264,3.778088127031474,12.554401066273543,-1.5860177269858584,1.6294593152015227,-0.7168257230850399,0.48735192114022174,3.6086150842854003,-1.5838821570025843,-1.6748321692096155
1.3320481777191162,-0.08795611781820399,0.43592242218674554,-0.06678465329005431,2.1866224740562803,2.2184448570875173,-0.012615678701466506,3.883844334135507,12.608375849656804,-1.4921807090201586,1.6283155314502733,-0.7187271668109764,0.4864924977877652,3.608595533961914,-1.5839107672320765,-1.674734894429342
1.3340682983398438,-0.08798379686579375,0.43590686774919596,-0.06679888770498368,2.1866381899465845,2.2183432933884872,-0.012603832884540785,4.016907738010129,12.415594289726668,-1.4715630988018322,1.6405084459414316,-0.7179414191459219,0.48573969833092245,3.6085993486591796,-1.5839603582965296,-1.674588982258932
1.3360886573791504,-0.08802113033258784,0.4359174688794035,-0.06680210716190256,2.1865744657323267,2.2183572473298994,-0.01254589520772382,4.146447112035048,12.883008507492198,-1.5798671942189897,1.6372399624350709,-0.7174655275166181,0.4898041697373894,3.6086103159138183,-1.584008518849508,-1.6745041052447718
1.3381068706512451,-0.08805768073333124,0.43591930382528093,-0.06679886442502114,2.1865428115656727,2.218343493628926,-0.01243640595651571,3.917226456975045,12.662744825555725,-1.4327938930869093,1.6404200160885976,-0.7285374610206833,0.48883679802782365,3.6085869508930664,-1.5840752760516565,-1.6743844191180628
1.340125560760498,-0.08809214202939486,0.4359070543935883,-0.06680935465514523,2.1865074796298,2.2183321206368714,-0.012422712442845957,4.078520625746001,12.887507782846122,-1.6048002884822061,1.6381255432492814,-0.7208402803425251,0.48841070520351626,3.6085750299641113,-1.584104363118307,-1.6742990652667444
1.3421447277069092,-0.08812425633055496,0.4359217376355888,-0.06680953604443969,2.1864865099794395,2.218295657156027,-0.01231873058924638,4.0815718815381095,12.729341988397325,-1.7911758632222397,1.6501339188736706,-0.722152884172022,0.4859274474759857,3.6085712152668457,-1.5841754118548792,-1.674168888722555
1.344163417816162,-0.08814869410005824,0.4359289334891458,-0.06680419575908642,2.1865010570484844,2.2182531471975273,-0.012233126925305668,3.9455850316093186,13.06201081028892,-1.7081326826009033,1.6487070201772047,-0.7252791831480896,0.4822709567631037,3.608563109035156,-1.5842235724078577,-1.674053970967428
1.3461833000183105,-0.08818270900072844,0.43592004054365546,-0.06682446730983553,2.1865040576685755,2.218214954956587,-0.012244409887654307,4.0617919748635565,13.165572112779195,-1.9346897229333526,1.6582677445785001,-0.7244541237326521,0.47725964697058965,3.6085354524799804,-1.5842364470111292,-1.6739495436297815
1.3482067584991455,-0.08821293964060264,0.43591428551077877,-0.06682702786135082,2.186397596963062,2.2182039554696256,-0.012151609732894333,4.309773586535196,13.226704793170807,-1.9614678971032384,1.6593938587721861,-0.7264878077938421,0.4818537530912602,3.608551188106201,-1.5843356291400355,-1.6738608519183558
1.3502349853515625,-0.08824987095084226,0.43592123310898395,-0.06682235970450477,2.186440763559003,2.218178867954622,-0.012090547618733375,4.151777231343354,13.025928735948396,-2.0865305579736364,1.6643801029463654,-0.7285145417389568,0.48315822732762737,3.6085268694111328,-1.584348503743307,-1.6737340132342737
1.3522629737854004,-0.0882780018122018,0.43593162179246303,-0.06683029180961271,2.186386664250575,2.218137093660489,-0.012008984857791923,3.869236921350358,13.09977352848148,-2.1729068482244407,1.6701855483953367,-0.7224629452475337,0.4835393575948687,3.608539267177246,-1.5844314734088343,-1.6736190954791468
1.3542907238006592,-0.08833971642227621,0.4359079731251874,-0.06684439398534396,2.186270872067276,2.218222376163339,-0.012032358404157359,3.8190467972314175,13.003004145778352,-2.138316813713299,1.685191766768086,-0.7179502527833541,0.48460129039461836,3.608523054713867,-1.584435764943258,-1.6735685507403772
1.3563179969787598,-0.08836052813951865,0.43591070109616303,-0.06684086398419323,2.1863229163049134,2.2181239732729177,-0.011979544438395924,3.7660923627776413,13.135146869872617,-2.0441428796467975,1.6864289433735518,-0.7259258156222299,0.491103956855079,3.6085430818745117,-1.5844805876361292,-1.673422638569967
1.3583457469940186,-0.0883818559204714,0.43589780271739353,-0.06685292529650633,2.1863030372755405,2.2180532318670396,-0.011931445660589271,3.9752966924475617,12.879956739694888,-1.9346961218860508,1.6869727867378967,-0.727120332354214,0.48799648589786493,3.6085306841083984,-1.5845478216754358,-1.6733101050006312
1.36037278175354,-0.08841188940352698,0.4359075094100742,-0.06685297310392364,2.1862403685520837,2.2180971828946072,-0.01187237170525035,4.162626898761085,12.863093924580902,-1.892565831921516,1.692193138936099,-0.7181802797778881,0.4884044240771131,3.6085221010395507,-1.5845802466021937,-1.6732657591449183
1.3624000549316406,-0.08845308550600665,0.4359401620052201,-0.06685051891126147,2.1862702453543315,2.2180948267750065,-0.011749817360164484,3.8582141557616154,12.920613437238277,-1.951542756641159,1.6964625159380282,-0.7192965092801867,0.4892926078984657,3.6084720331379394,-1.5846126715289515,-1.6731274763690394
1.3644280433654785,-0.08849270583107266,0.43591737965087174,-0.06685325591490936,2.1861935305508626,2.218120692357611,-0.011732819118294744,3.8653760754462834,13.215233173729844,-1.8167605720579045,1.6890365538604488,-0.7164981199315623,0.4894752947155221,3.6084720331379394,-1.5846450964557093,-1.6730659643756312
1.3664805889129639,-0.08851876121727761,0.43592898439381367,-0.0668567701253937,2.1862368738078617,2.2180212727956494,-0.011674619939335927,3.669681731063298,13.073982827318149,-1.8763597058922674,1.699632339828257,-0.7203325840080247,0.48960068708199445,3.608487291927002,-1.5846970717059534,-1.6729047934161585
1.3685054779052734,-0.08854908694533137,0.43592546827089884,-0.06686583668055063,2.1861478328647794,2.2180501231897853,-0.011603037291156085,3.90931398468966,12.847842759075434,-1.8163774111602915,1.7074603510786168,-0.7182519470294503,0.48938909102008005,3.6084558206745605,-1.584757153187887,-1.6728504339801233
1.370530366897583,-0.08859757057589583,0.43591763655444793,-0.06687220698052862,2.186102141040897,2.218032794014904,-0.011570987167262764,3.66010355810141,12.999442857723853,-1.9255236512875407,1.706121790741885,-0.730689828034675,0.4839081561152817,3.608466787929199,-1.5848014990436,-1.6727235952960413
1.372596025466919,-0.08861433199196872,0.4359054381068978,-0.06688405646322167,2.1861028365961914,2.217933370781355,-0.011524553684209918,4.16275858352011,13.264232087821691,-2.1033010102872063,1.7056614631479066,-0.7230982617546476,0.4865645041583162,3.6084629732319335,-1.5848725477801722,-1.6725967566119593
1.374624252319336,-0.08864295584592971,0.4359051466728177,-0.06688323808160741,2.1860963349448554,2.217878623545615,-0.011454538502265242,4.104131288277565,13.240305739606965,-2.153085523036583,1.7146353155076122,-0.7230441508978604,0.48799292138235895,3.608470602626465,-1.5849321524249476,-1.6724703947650355
1.3766531944274902,-0.08869116960865141,0.4359033557498613,-0.06688079205849506,2.186059085062969,2.217908781487408,-0.011415354973181994,4.064165794944168,13.410933549729322,-2.268558614282821,1.7171898830512904,-0.7261567066036254,0.48492382264760686,3.608466787929199,-1.5849493185626429,-1.672377888356344
1.378680944442749,-0.08871115141744638,0.4359167866922483,-0.0668901437021622,2.186050944976679,2.2178766570861144,-0.011327429847227984,3.9851100272778788,13.178625068448259,-2.1331951143186325,1.7307608262908836,-0.7353609567055458,0.48806193971039774,3.6084272104450683,-1.5850055853473108,-1.6722820440875452
1.380708932876587,-0.08874646893329258,0.4359008398317391,-0.06689418766374433,2.1859753121206706,2.217869520754848,-0.011287033972093345,4.1062812354805684,13.3835883669359,-2.086573445093136,1.7294339406541117,-0.7309233009857217,0.48921214287555814,3.6084391313740234,-1.585064713154928,-1.6721966902362269
1.3827359676361084,-0.08878024256898902,0.4358953159984829,-0.06690921540140894,2.1859593287120163,2.2178210237242104,-0.011296461580006264,4.175502074289638,13.406623552806929,-2.151649563680426,1.73424189980491,-0.7258670817406165,0.48812125498919506,3.608454867000244,-1.5850938002215784,-1.6720855871783655
1.3847646713256836,-0.08881127164098508,0.43592214264803064,-0.06689169005080829,2.185968714993718,2.217808892306879,-0.01112914237670147,3.916229299083367,13.600948341312234,-2.1851954599659216,1.7355404336879636,-0.7287532849329832,0.4872254301849191,3.608431025142334,-1.585161034260885,-1.671955410634176
1.3868076801300049,-0.08884706231206559,0.43590359815734675,-0.06691307813868924,2.1859349104354284,2.2177835213507513,-0.011152155211892115,3.9840706636585166,13.546408212820124,-2.4616348517560924,1.7486186430161585,-0.7353243189778674,0.48532187476416366,3.6084152895161132,-1.585182015095846,-1.671866242085592
1.3888380527496338,-0.08888642829702562,0.4358756225272506,-0.06692729028657546,2.1858531097201777,2.2177620627627688,-0.011156453339249455,3.9129201817069403,13.47200539427839,-2.438996162325908,1.7520866654276628,-0.7428151238843135,0.4901650463142272,3.608431025142334,-1.5852339903460901,-1.671774689351217
1.390866994857788,-0.08891212407550225,0.4359135049171612,-0.06690947366507197,2.185857453276383,2.2177660308114433,-0.010936593336222418,4.045058776498439,13.525878335932827,-2.3562114081719088,1.7523546102152292,-0.7380913115270707,0.4920626161331781,3.6083718973347167,-1.5853169600116175,-1.67165452638735
1.3928947448730469,-0.08894685407240015,0.4358942046053715,-0.06692678498261856,2.1858336478586367,2.2177211216696047,-0.010990573140265709,4.031370744685087,13.68666294863796,-2.560729927427828,1.7605746397034532,-0.7342772374174745,0.4944357787386272,3.6083995538898925,-1.5853303114520472,-1.6715591589557093
1.3949205875396729,-0.08898905970569622,0.435908245274134,-0.0669221986334194,2.1858073665511784,2.217727923771712,-0.010912769124019292,4.315290742498016,13.797461199089097,-2.4378215897637614,1.7660033055246156,-0.7402001544843397,0.49029931932614335,3.60840289175,-1.585369888936178,-1.6714475790606897
1.3969430923461914,-0.08900808537500618,0.4359034801169513,-0.06693404439928201,2.185822154627161,2.217616478900394,-0.010843079400986005,4.182747775244016,13.488200773786625,-2.453471728699252,1.7642625425669964,-0.7539192731720991,0.48849611473939303,3.608390970821045,-1.5854490439044397,-1.6712968985186976
1.398972511291504,-0.08904049566160574,0.43590146099363003,-0.06692495618012531,2.1857262384176352,2.2176651089964676,-0.010773232132055837,4.188340775614673,13.665152801065998,-2.5827800369733334,1.7773687613837728,-0.7478455197927557,0.4924596801006992,3.608410521144531,-1.5855010191546839,-1.6712544600116175
1.4010262489318848,-0.08908112582046716,0.43587849699760833,-0.06695333810545272,2.185654888864034,2.2176407213276392,-0.010777405247103005,4.02874451818439,13.73775067794646,-2.6862809093074924,1.7849247707488163,-0.7436637292069141,0.491699358384341,3.6083828645893554,-1.5855491797076624,-1.6711552778827112
1.4030520915985107,-0.08911158408307188,0.4358973324712545,-0.06694380948725638,2.185676821616625,2.2176104333376476,-0.010702308280509087,4.040016305588452,13.652944001355872,-2.7023412039367316,1.7850287070839286,-0.7426274682650787,0.4937029936469177,3.608398600215576,-1.5855820814715784,-1.6710355917560022
1.4050722122192383,-0.08914278337692352,0.4358909647458873,-0.0669570135687317,2.1856750769458406,2.217561759903406,-0.010618845050939142,4.388364007433777,14.011182564882807,-2.9053679034479414,1.7900429490723402,-0.74153866796385,0.49253771065587637,3.6083356577106933,-1.5856416861163538,-1.6709054152118128
1.4070923328399658,-0.08916109462422185,0.4358880529447615,-0.06695567296203046,2.1856490332643586,2.2175189532767328,-0.010568501818742733,4.3517972347227705,13.50049061755015,-2.7305899794560435,1.8007566418902257,-0.7466029102706324,0.4948219832276625,3.6083590227314453,-1.5856979529010218,-1.6708200613604944
1.4091119766235352,-0.08922251639668743,0.43588847525371216,-0.06695518443017642,2.185618174718506,2.217548143044019,-0.01052170076686174,4.348768487958436,13.903606270544973,-2.681196973073656,1.7960111776493395,-0.7505916108385214,0.4935139647869908,3.608346624965332,-1.5857146422015589,-1.6706932226764124
1.4111313819885254,-0.08923654173780282,0.4358711998273247,-0.06697575574229173,2.1856102762307024,2.2174475361971218,-0.010536815246026173,4.13929225749335,13.691390363742675,-2.919376123887253,1.8088881862431438,-0.7510354107712122,0.4955456207814863,3.608362837428711,-1.5857661406146448,-1.6705892721759241
1.4131510257720947,-0.0892830119875161,0.4359012931205266,-0.06695771139017238,2.1855659882431304,2.21751245188104,-0.010395786835289836,4.066346350531747,13.819314119355145,-2.7323280483133807,1.8107102549882232,-0.7409635959771527,0.49891366964021033,3.6083504396625976,-1.5858095327960413,-1.6704967657672327
1.4151699542999268,-0.08931045127897214,0.43588083539193795,-0.06698036024684503,2.1855470594342012,2.2174281449646176,-0.010399014229035275,3.9506121662027702,13.707428566526994,-2.7783762547850555,1.810868605566238,-0.7373264079439235,0.49134759156075314,3.608346624965332,-1.5858624617206019,-1.6703737417804163
1.4171898365020752,-0.08935211490413066,0.43587973270889724,-0.06698784483169952,2.1854990309619575,2.2174356700780664,-0.010340709424562777,3.9947900435986665,13.803044939976107,-2.7771035218087263,1.809615909411044,-0.7400615309485797,0.48889620209758694,3.608322783107422,-1.5859058539019983,-1.67027455965151
1.4192121028900146,-0.08937819334706668,0.4358965171255575,-0.06698203552554112,2.1855406054548405,2.2174153752802597,-0.010246549262695873,4.204492935551173,13.796176692394285,-2.831501651224685,1.8174211812611663,-0.743311496083595,0.4986380954889519,3.6082841592976074,-1.585931126271383,-1.670166317616598
1.4212322235107422,-0.08942189766257948,0.43589023503555974,-0.06698405010904726,2.1854587502085576,2.2174291325570863,-0.010195961180428318,4.436766805869863,13.930812704730716,-2.723698474028244,1.810961757528215,-0.7503781401626913,0.4945530895686403,3.6082989412495117,-1.5859859625445765,-1.6700742880450647
1.4232523441314697,-0.08944532068605658,0.4358947843773296,-0.06698063347358565,2.18549952099224,2.217341785572492,-0.010096517029116741,4.184136980877001,13.718821745124387,-2.6836887532335436,1.818114365984329,-0.7552537265661804,0.4949018705706263,3.6082865434833984,-1.5860498587237757,-1.6699202696429651
1.4252982139587402,-0.08948153669527001,0.4358732657126256,-0.06699828999249474,2.1853895107649266,2.217335273241032,-0.010137096710301023,4.309137254309185,13.770750205552147,-2.715621166549014,1.8275031089200933,-0.7424360488105695,0.490925124976169,3.608337565059326,-1.5860942045794886,-1.669858757649557
1.4273183345794678,-0.08951962519128323,0.435888396427982,-0.06700004361222706,2.18538718930388,2.2173460425907767,-0.010022674444803243,4.388191012567878,13.941127390462503,-2.798399663106491,1.8280658341989846,-0.74719905526363,0.4935247044120471,3.6082708078571777,-1.5861342589007776,-1.6697476545916956
1.4293391704559326,-0.08955002590838826,0.4358821241253401,-0.06701101608791447,2.1853906060147783,2.217264727318871,-0.010002879223657807,4.292751677465427,13.870007600408226,-2.8026778811279667,1.8298518988910861,-0.7616030989990363,0.4993130757322801,3.6082865434833984,-1.5861824194537562,-1.6696088949786585
1.4313602447509766,-0.08959774439509625,0.4359040552110016,-0.06699839856436784,2.1853005673294565,2.2173845812968302,-0.009869440556535668,4.443207578632574,14.01057058238004,-2.9420244220950726,1.8316206983593475,-0.7554931305793093,0.4946285661255233,3.60824362813916,-1.5862181822406214,-1.6695659796344202
1.4333813190460205,-0.08961176098162131,0.4358832457439355,-0.06701730374751118,2.1853435501124236,2.217244460430855,-0.0098775298187706,4.159154804405423,14.224181959377509,-2.972280677371577,1.841234183046915,-0.7514558988832047,0.49657310608026056,3.6082469659992675,-1.5862663427936,-1.6694238821612757
1.435410976409912,-0.08965459781502495,0.4358847223947755,-0.06701791865042055,2.1853186365291184,2.217228661870022,-0.009836221417922354,4.449428036248198,14.040446133259994,-3.041238620054257,1.8513906395583988,-0.7570324497606219,0.4905868758193905,3.6082627016254882,-1.5863025824176233,-1.669304672871725
1.4374313354492188,-0.08968750585226605,0.4358680591269014,-0.06704058043677669,2.1852258476976147,2.2172133551977966,-0.0098370884852016,4.500496058155314,13.988810544723968,-3.0838658747284073,1.8475301116809308,-0.7707025918572146,0.49583087893807826,3.608266516322754,-1.5863588492022913,-1.6692307631122034
1.4394667148590088,-0.08973549428326599,0.43586154826746115,-0.06705168905024862,2.1851950424547106,2.217203269209835,-0.009834644001005014,4.384911253231078,14.172616547297336,-3.1955507613184153,1.8553163427961024,-0.7731186498676506,0.4985874939602993,3.6082698541828613,-1.586379353200094,-1.6691163221942347
1.4414863586425781,-0.08976891084490786,0.43587638075258567,-0.06703588247890538,2.1852257399117105,2.2171805886057983,-0.009700509157400557,4.3575728260576225,14.261718171311468,-3.174580875723951,1.862359335399302,-0.7709628788090586,0.4943281764662776,3.6082426744648437,-1.5864275137530726,-1.668980900441305
1.4435222148895264,-0.089831869945375,0.4358912872863194,-0.06703536491210559,2.185246892421362,2.2171273290900024,-0.009537395300410994,4.31636220511406,14.14723164702363,-3.0571660225682784,1.868341264786586,-0.7697149495907479,0.5009807166683758,3.6081878381916503,-1.5865076223956507,-1.6687467733966272
1.4455418586730957,-0.0898494416662065,0.4358778283611947,-0.06705045631656198,2.18519540474204,2.2170517007111026,-0.009516407999565607,4.428840793017561,14.075631163164616,-3.100874780166102,1.8738957158212741,-0.7763801585581479,0.4933262807397953,3.6082145410725097,-1.586583439503805,-1.6686494986163538
1.4475610256195068,-0.0898830677863267,0.4358633908678038,-0.06705793246769885,2.18514317699229,2.2170167134568834,-0.009471380072299439,4.2864736027949615,14.177022981262587,-3.1387352855648896,1.8763186088583061,-0.7853245824411791,0.49753529812221536,3.6082183557697753,-1.586646858845846,-1.6685417334186
1.4495799541473389,-0.0899220897747418,0.43589270782375483,-0.06705657592298372,2.185181855137688,2.217021704385136,-0.00936630176314098,4.321742289793172,14.278160937716239,-3.237316087271062,1.8768746114426214,-0.7836803108604565,0.5008932374388418,3.6081606584736328,-1.5866640249835413,-1.6684187094317835
1.4516000747680664,-0.08996024472646008,0.4358784749861209,-0.06706319123784858,2.1851156991509617,2.21699063330794,-0.009344153327141799,4.356868745688226,13.917659839953942,-3.13606594672987,1.8816872092288386,-0.7796080373019566,0.4948032886606058,3.608194513911865,-1.5867231527911585,-1.6683109442340296
1.4536190032958984,-0.08998165995931848,0.4358602981337818,-0.06707295986957235,2.185099658235758,2.2169338379828254,-0.009329861404607414,4.505487985846747,14.111406070914141,-3.072597324814945,1.8793037210438555,-0.7757608975497376,0.49845882302219874,3.608194513911865,-1.5867670218097132,-1.6682184378253382
1.455639362335205,-0.09003456719236694,0.4358553696482091,-0.06708944269943325,2.1850092953021574,2.216955977444737,-0.009332521154027105,4.621130328549926,14.12239064313718,-3.0722026634331296,1.8866548026471341,-0.7857476470943038,0.49189437661121915,3.6082097727009277,-1.5867999235736292,-1.6681259314166468
1.4576592445373535,-0.09006277370290348,0.43587960253376057,-0.06708252941166097,2.1850110211876888,2.216969328981543,-0.00923816257926623,4.529710545339674,14.07968292914489,-3.055446920253331,1.8812949781184876,-0.7900391318441987,0.49898345423846047,3.608189745540283,-1.5868285338031214,-1.6680424849139612
1.4596779346466064,-0.09010692386476926,0.4358816877382557,-0.06707888641563116,2.184968504028223,2.2169833074949246,-0.009103984121926305,4.386717364335083,14.054934675248274,-2.9348535526915964,1.8853299131713943,-0.7793380896396063,0.49618457252629383,3.6081387239643554,-1.5868962446795862,-1.667922321950094
1.4616971015930176,-0.09013012791243487,0.4358655566917989,-0.06709821878692568,2.18490672820581,2.2169329846065873,-0.009084040600825459,4.406188376962765,14.34074388148071,-3.016587259766425,1.8875215119293294,-0.7721149098960587,0.496904468528273,3.6081387239643554,-1.5869634787188929,-1.6678341070758265
1.4637157917022705,-0.0901537033256886,0.43588493147013674,-0.06709074160364671,2.184978592209626,2.21686423172759,-0.009034603598917322,4.1354551246501225,14.31930470569239,-3.181863508740693,1.8887558531605346,-0.7928632819565646,0.5009870398501274,3.6081582742878417,-1.58698016801943,-1.6677005926715296
1.4657394886016846,-0.09019054081732673,0.4358574584431205,-0.06710916756836531,2.1849067173170766,2.2168363059421687,-0.00897751125649845,4.571563444848255,14.030776370370102,-3.008159082234219,1.8868880911905317,-0.792659814524211,0.5020965543653159,3.608111544246338,-1.587055508290426,-1.6675928274737757
1.4677743911743164,-0.09021946146312894,0.43587952374573863,-0.06710176608724182,2.184968073478521,2.21678425446462,-0.008927472608825622,4.564469862261916,14.389314287013502,-3.1462761810002466,1.8903310787684753,-0.7906920167572244,0.49503114792576564,3.608130617732666,-1.5870688597308558,-1.6674607435809534
1.4697940349578857,-0.09026738195187317,0.43586844920436973,-0.06710963383493089,2.1849018499118595,2.216787411480381,-0.008887613188728482,4.405680794069227,14.391377572426173,-3.1933069061632122,1.9024066745137072,-0.790506746144421,0.49831623499760586,3.6081268030354003,-1.587116543446676,-1.6673525015460413
1.4718141555786133,-0.09029046362714263,0.4358798329651247,-0.06711253561804621,2.1848560015678564,2.216784682508858,-0.008791640658190623,4.565802240199702,14.366703792527982,-3.079865590671597,1.9022903287011073,-0.7894835526172199,0.49990126970206716,3.6081062990375976,-1.5871804396258753,-1.6672757307635706
1.4738354682922363,-0.09031868945067105,0.4358804642715725,-0.06711103983908798,2.184819719469526,2.2167890395632077,-0.008702559784172104,4.390425105505512,14.163546322235579,-3.12688562821757,1.9060350436873505,-0.7916884516702384,0.4976072340405917,3.608078642482422,-1.5872324148761194,-1.6671956221209925
1.4758777618408203,-0.0903538397941596,0.43585181651494015,-0.06713578900880925,2.1847890384040993,2.2166859933483334,-0.008747811818869201,4.510824832141244,14.457334690190953,-3.1122782810802785,1.9113422350347635,-0.7842188248507411,0.4970803334038659,3.6081172662922363,-1.5872839132892054,-1.667053524647848
1.4779503345489502,-0.09039101557931663,0.4358670618601706,-0.06713181228074563,2.184742955175593,2.2167347654665632,-0.00862151019337587,4.413803859742984,14.443302355149989,-3.2383199076033766,1.9159846182920712,-0.7886773945550073,0.49503324258779924,3.6080633836933593,-1.5873320738421839,-1.6669767538653772
1.479971170425415,-0.09039935342646654,0.4358856998329059,-0.06713434683502165,2.184754429628776,2.216686455196863,-0.008503591373034898,4.384215345324258,14.321675618940533,-3.1711513398187194,1.9185060880443436,-0.7936703609687343,0.4990357825544048,3.6080238062092285,-1.5873993078814905,-1.6668842474566858
1.4819915294647217,-0.09044220053623041,0.4358694688546492,-0.06714540407966087,2.184700811493845,2.2166386731401126,-0.008492154544674948,4.45155755163197,14.350171155602421,-3.2392732433712226,1.9242576660269324,-0.7919694058905249,0.5030450974681678,3.6080548006245117,-1.5874560515033167,-1.6667540709124964
1.484010934829712,-0.09047280474178276,0.4358518700139069,-0.06715398354360029,2.1847207885027067,2.2165557842166943,-0.008492451498080941,4.601404328101164,14.259251555649612,-3.1443220566745183,1.9276751596535329,-0.7839744219165129,0.4950981071710723,3.6080667215534667,-1.5874879995929163,-1.666619125996725
1.4860341548919678,-0.09049562245999379,0.43588748039109076,-0.06714145139326126,2.1847318244878347,2.216578252429088,-0.00834653650019858,4.490046130229723,14.509443581055315,-3.295207581667258,1.9289068709578396,-0.7823674326908432,0.49256247372169415,3.6080238062092285,-1.5875280539142054,-1.6665390173541468
1.4880530834197998,-0.09053922149525252,0.43588379752532275,-0.06716034632574848,2.1846532967206733,2.216567618560448,-0.008311214172681679,4.507261201282285,14.24997670600581,-3.3330585609253895,1.9331230698823607,-0.7774336082780607,0.4966997574667043,3.6080185610004882,-1.587588135396139,-1.6664307753192347
1.4900720119476318,-0.09056992299849637,0.43588519465273473,-0.06715750591946751,2.184631390597778,2.2165712349267146,-0.008269099859827817,4.44293154324449,14.325435006070357,-3.307453975750962,1.9301629300012624,-0.7812898018381683,0.4959343527101292,3.608022375697754,-1.5876134077655237,-1.6663544813739222
1.4920918941497803,-0.09060362025172387,0.4358764225044008,-0.06717146609104281,2.18460046745972,2.216547819422898,-0.00822919342777154,4.566702205601717,14.447395455908923,-3.214831513163726,1.9297308779451927,-0.7789658448739061,0.4941898040321754,3.6079913812824707,-1.5876572767840784,-1.666253391896383
1.4941110610961914,-0.09063301904266581,0.4358617076448975,-0.06717887716143019,2.184597901222083,2.216448303051938,-0.008193083935321609,4.414565038297137,14.632598129216793,-3.3116657326017984,1.927177731077592,-0.7859290459716232,0.500197346925609,3.6080142694660644,-1.5877249876605433,-1.666100804005758
1.4961302280426025,-0.09066643722526155,0.43585350871819584,-0.067178294940913,2.1845360235885756,2.2164711767397027,-0.008114183954441747,4.39273143809979,14.489714285964599,-3.2053366809187884,1.9333907813422972,-0.7829733490079108,0.4961262502276672,3.6079866129108886,-1.5877764860736292,-1.6660307089435022
1.498150110244751,-0.0906964236838913,0.43586324982751545,-0.06718813958399517,2.1845061515332755,2.2164507011088914,-0.008095463608300147,4.241086915393016,14.376487324445087,-3.2081871355100966,1.9368531684835981,-0.7818024202403594,0.4931242575828276,3.6080056863972167,-1.5878093878375452,-1.6659420172320765
1.5001704692840576,-0.09070331982841416,0.43588703718353045,-0.06717882433545795,2.184568488504281,2.216359660495031,-0.00792900875630177,4.449542886385642,14.385117483712278,-3.232818714145847,1.9430090577063948,-0.7766269304354224,0.4959070465065604,3.6079675394245605,-1.5878918806659144,-1.665799919758932
1.5021915435791016,-0.09074573151606992,0.4358498004748195,-0.06720252858465443,2.18445791685037,2.2163301190834632,-0.007951857381472518,4.105459500673488,14.381184949313633,-3.15660723894618,1.9379221396979704,-0.7893436971040496,0.4990636030367728,3.6079866129108886,-1.5879557768451136,-1.6657045523272913
1.5042119026184082,-0.09077338209967406,0.43586855478384545,-0.06719736381836587,2.184548357086599,2.2162652059016597,-0.007852210078899592,4.507534649264859,14.424241354984456,-3.1710602336556173,1.937870420501953,-0.7783954390558242,0.4972943532185098,3.607943220729492,-1.5879810492144983,-1.6655500570880335
1.5062320232391357,-0.09082192372555459,0.4358552030833014,-0.06720575310587633,2.184445697569096,2.2162907778887666,-0.007838789133155699,4.258975809928395,14.740914967668626,-3.28066484364329,1.9376661935539299,-0.7848797276192553,0.49488677868267605,3.607966108913086,-1.5880253950702112,-1.6654694716082972
1.5082509517669678,-0.09084645885690676,0.4358488871100611,-0.06721141326368835,2.1844103205028653,2.216272115884765,-0.007809627185191754,4.28455585285449,14.669806233571212,-3.1781225557036974,1.9394732923101297,-0.7887123565559339,0.4990009960209865,3.6079694467731933,-1.588064972554342,-1.6653960386859339
1.510270118713379,-0.09087540790610722,0.43585824045872473,-0.06721053865436392,2.1843893402559584,2.216212798693126,-0.007695543805940235,4.43991791400573,14.42290897612374,-3.0402235440222514,1.9369997050248435,-0.7805042344011699,0.4977955551284497,3.607973261470459,-1.5881527105914515,-1.6652539412127894
1.512289047241211,-0.09090917851598244,0.4358492486380929,-0.06722147559898807,2.1843595856668765,2.2162069218447704,-0.007678894585888092,4.175244913413924,14.46029306560021,-3.245214397027033,1.9439517055800861,-0.7766907939149369,0.49567804562989565,3.607954187984131,-1.5881770292865198,-1.6651724020587366
1.514308214187622,-0.09094626136159187,0.4358606404474484,-0.0672124963109097,2.184365657349428,2.216201661059908,-0.007564076394362977,4.565076342806505,14.75033579108967,-3.178523077195403,1.9463314350589125,-0.7715443721547488,0.4939782345358067,3.6079227167316894,-1.5882213751422327,-1.6650508085833948
1.5163304805755615,-0.09096526849787613,0.43587310447980726,-0.0672284939581717,2.1843459145818374,2.2161655441818175,-0.007487976149268844,4.585237791866129,14.531035852907122,-3.1981115186481848,1.9452235496600623,-0.7884429583375061,0.4921614254923381,3.6078831392475585,-1.5882814566241663,-1.6649587790118616
1.5183541774749756,-0.09100530621494082,0.4358491480747301,-0.06723054560876521,2.1843116475766897,2.2161207949198123,-0.007498577695625729,4.734292954244596,14.627052605742133,-3.236700593967048,1.9464269370306204,-0.7920753591305678,0.49314010484358284,3.6079303461262207,-1.5883172194110315,-1.66484243074526
1.5203745365142822,-0.09102393949877845,0.4358600668683058,-0.06723293226892098,2.1842855935150878,2.2161032460263854,-0.007367786386306238,4.7045254330696435,14.409542420737958,-3.3400853722887236,1.9567976009065535,-0.7899237000409016,0.49913686307767,3.607879324550293,-1.5883930365191858,-1.664753262196676
1.5223941802978516,-0.09105332775420297,0.4358764457611313,-0.0672302277872191,2.18429449399929,2.216056270005714,-0.0072869128798351895,4.6701581177623135,14.589227980191291,-3.5086454778649454,1.961883749908985,-0.7897610215086711,0.4939128491579382,3.6078902918049316,-1.5884445349322718,-1.6646235624896448
1.5244140625,-0.09108598544402965,0.4358627477234735,-0.06723999756297916,2.184246355864947,2.216019086416049,-0.0072557589924402265,4.793837321042171,14.40879525118008,-3.5535926090272247,1.963014136419053,-0.7939118827312384,0.49899645724092256,3.6078974443623046,-1.588501278554098,-1.6645191351519983
1.526432991027832,-0.09112448700660283,0.4358737342815973,-0.06724419012431801,2.1842544257959284,2.2159993817143824,-0.007177312999637147,4.498361882354864,14.561309003752637,-3.4448013376450706,1.9645638421912281,-0.806562676517308,0.49774145171659706,3.607862635249756,-1.5885375181781214,-1.664391819630758
1.5284521579742432,-0.09115976394076093,0.43584818137213627,-0.06725107786540459,2.1841849843130867,2.215973350031136,-0.007180098022203977,4.532379085522925,14.674876186842432,-3.6913628165345935,1.9637727298336867,-0.8035857164336138,0.49671045007806774,3.6078974443623046,-1.5885856787311,-1.6643036047564905
1.530491590499878,-0.0911991462653934,0.43584593316471393,-0.06726120240773058,2.1841879797114703,2.2159497882740986,-0.007124276398520326,4.730514855281832,14.871344705246933,-3.5756250454813463,1.9700195954084652,-0.7961092902638983,0.4926594241746898,3.6078507143208007,-1.5886176268206995,-1.664180103932516
1.5325119495391846,-0.09122541943027729,0.43587448072163726,-0.06725309439426075,2.184188045368848,2.2159510965359677,-0.0070179290505156125,4.744027388101674,14.733977198843146,-3.591341908389403,1.9730388951250308,-0.7939528961867438,0.49440046749848726,3.607842131251953,-1.588658634816305,-1.6640880743609827
1.534532070159912,-0.09125274780109087,0.4358688774448501,-0.06725320299192072,2.1841586846560705,2.215908310492759,-0.006944082663287457,4.707455510173422,14.822247460557033,-3.542280214603079,1.9791132156903666,-0.7901317512322452,0.49793972610312787,3.6078459459492187,-1.5887258688556116,-1.6639769713031214
1.5365595817565918,-0.0912889858419966,0.43585424005753554,-0.06727172617010127,2.1840862577563986,2.2158695234622763,-0.006891942476696796,4.666112074948741,15.01370155209296,-3.65261399706983,1.9835516636733823,-0.7939104407055574,0.49159866234325694,3.607830210322998,-1.5888050238238733,-1.6638606230365198
1.5385794639587402,-0.09132977383833864,0.4358577535041503,-0.06727718778855499,2.1840383748258327,2.2158821197768432,-0.006873298600076875,4.5908143528340215,14.630019159076435,-3.7164375051950853,1.9919299784123174,-0.7972907137010948,0.5019661686618468,3.6078459459492187,-1.5888293425189417,-1.663776699696676
1.5405991077423096,-0.09135229834535794,0.4358584832277219,-0.0672792431461896,2.1840579766083277,2.215834309882949,-0.006777935130650758,4.490472270552651,14.660153452537934,-3.59001126235815,1.9860183450150022,-0.8014460327031245,0.4954070391464285,3.607799215907715,-1.5888822714435022,-1.6636603514300745
1.5426180362701416,-0.09138231502031015,0.43585847839488695,-0.06728651310863284,2.1840651011307535,2.215768111443988,-0.00673440886683899,4.54952929281375,14.923321946388686,-3.6037491543017715,1.9932353700880425,-0.799326109798035,0.49382096037141854,3.607802553767822,-1.5889299551593226,-1.6635268370257776
1.544640064239502,-0.09141592157656041,0.435847546148472,-0.06729504759507422,2.1839606304406027,2.215792075643337,-0.0066797075467233,4.590599864912698,15.074472364993364,-3.5707488623004684,1.9884490327526227,-0.8027363055449767,0.4974266141034959,3.6077944475361328,-1.5889938513385218,-1.6634686628924769
1.5466594696044922,-0.09143628596103229,0.43586527676789366,-0.06728524083432817,2.184007111620212,2.2157267338023403,-0.006571241898322532,4.625544471784278,14.691303315389309,-3.380102578332722,1.9901236359327055,-0.8030316464819673,0.4972719090619737,3.607790632838867,-1.5890467802630823,-1.6633337179767054
1.5486791133880615,-0.09147485664069228,0.4358712153926068,-0.06729684769995897,2.1840147012600677,2.2156941814089555,-0.006531437912717023,4.531756207902113,14.787023890576853,-3.4364446917995632,1.9966903497869815,-0.8012573693357827,0.5021935525498223,3.607766314143799,-1.589074436818258,-1.6632068792926233
1.5506982803344727,-0.09150453834788908,0.4358597921188297,-0.06730351826966154,2.183890088230743,2.215707916560024,-0.0064503080841219005,4.777020846975351,15.05967408129016,-3.621391320472882,1.9973488370932388,-0.7955501258494424,0.5009237685951143,3.607766314143799,-1.589165512715475,-1.6631453672992151
1.5527169704437256,-0.09152997215624242,0.4358789404271506,-0.06729391502364687,2.1839543297877997,2.2156628539681256,-0.006367457193724561,4.695558797420768,14.983284849679443,-3.4085043726654805,1.9952666934750065,-0.802917935047622,0.49869133623887585,3.6077543932148437,-1.5891874472247522,-1.6630190054522913
1.5547361373901367,-0.09157286815819762,0.43588009351126183,-0.06729604417711287,2.183860962655826,2.215687199802546,-0.006287843968904978,4.681037027428537,14.82326820247255,-3.5633768393425598,2.0032284659081587,-0.8037532857280433,0.4957471512101777,3.6077582079121093,-1.5892546812640589,-1.6629298369037073
1.5567586421966553,-0.091609009090383,0.4358466985004806,-0.06732517721398056,2.1838605316238175,2.215611611154732,-0.006389193189092082,4.5728530665268865,14.98849941412007,-3.756432131624521,2.0083723530422137,-0.808422093999594,0.4956273246323183,3.60777394353833,-1.5892522970782679,-1.662818733845846
1.5588011741638184,-0.09164524452293536,0.43584581018522023,-0.06732697887888409,2.183775466889594,2.2156099417308517,-0.006294983877290394,4.8237413305789305,14.963749609526538,-3.7709905599953037,2.0083130938697193,-0.8096688113964647,0.4960764414238729,3.6077772813984375,-1.5893352667437952,-1.662720028554098
1.5608201026916504,-0.09166007760098188,0.4358756812528398,-0.06731160637389345,2.183763043788924,2.215601290065677,-0.006087970228743493,4.846426476901278,15.107188987063438,-4.033096949223637,2.002686712450129,-0.8150911377330577,0.5016179307516091,3.6077305513569335,-1.5894301573382776,-1.6626222769366663
1.5628390312194824,-0.09171073640905573,0.43583065460894516,-0.0673512916939837,2.1837404247278425,2.2155384797782998,-0.006200529745197924,4.685449061256634,15.052647908869679,-3.8349629191683947,2.011384650511231,-0.8182911675511287,0.49780974577514525,3.6077181535908203,-1.5894277731524866,-1.6624954382525843
1.5648581981658936,-0.09172536790540647,0.4358566172124741,-0.06733430112830908,2.1836994336829565,2.2155330552880295,-0.005988128106439472,4.72807011265221,15.129416218647375,-3.926910034006461,2.014696709647374,-0.8148553861006256,0.4899702716437217,3.607687159175537,-1.5895383993731897,-1.662403408681051
1.5668771266937256,-0.09175111848565641,0.4358605101816676,-0.06733877638892652,2.1836980191511928,2.2154833366190023,-0.005941688136994245,4.636721228582487,15.14578465485438,-4.010147148222648,2.0213029845510184,-0.8203892993369082,0.49494881645733807,3.60769431173291,-1.5895832220660608,-1.6622923056231897
1.5689334869384766,-0.0917805799102354,0.4358475367430104,-0.06735656601674625,2.1836864886864333,2.2153970487311914,-0.005949055463445212,4.836034290254337,15.042280958338308,-4.150585926907094,2.0286693182000803,-0.8223628937846184,0.49911676381625436,3.607717199916504,-1.5896309057818812,-1.662161652241842
1.5709545612335205,-0.09181257873757573,0.4358416949828863,-0.067363338834797,2.1836564378660905,2.2153959908763023,-0.005924154042976118,4.557897314013803,15.093635629395452,-4.2142967927555715,2.0289702303242465,-0.824485161653768,0.4965538284363857,3.607705278987549,-1.589656178151266,-1.6620853582965296
1.5729753971099854,-0.09184975989144159,0.4358770005753388,-0.06734155241797805,2.183641991090361,2.2154491847216207,-0.0057504248849933074,5.004037710900663,15.400896377103045,-4.2691923782403185,2.0359066149710023,-0.8135969298861937,0.49360508155110255,3.607670469875,-1.5897043387042444,-1.6619928518878382
1.5749964714050293,-0.09189191942464581,0.43582887551737337,-0.0673775954998427,2.183596164504848,2.215363874694332,-0.0058301052334500895,4.772141306190569,15.144701547657556,-4.173480332888156,2.0440586844317026,-0.821998183180687,0.49973620272403735,3.6076742845722656,-1.5897401014911097,-1.6618626753436487
1.5770173072814941,-0.0919113487605346,0.4358282142694515,-0.06738437594070451,2.183498803082687,2.2153523862842044,-0.005755267583850179,4.7884812764837905,15.03559268712107,-4.168873189851654,2.0457854786708634,-0.8259345612432583,0.5006581949605116,3.60768906652417,-1.589827839528219,-1.6618011633502405
1.579038143157959,-0.09194347516064645,0.4358740722924976,-0.06736395079175864,2.1835432193537665,2.215368689121202,-0.00559163521948009,4.806634027596857,15.452159138477501,-4.189679245060585,2.0409359279810984,-0.8270591324944561,0.4953515428357456,3.607653780574463,-1.5898602644549769,-1.661684815083639
1.5810723304748535,-0.09197405848712606,0.43584774508562646,-0.06738230498459384,2.183516465683042,2.215294625656577,-0.005555799631879846,4.991677667418208,15.023112063842047,-4.185576239093737,2.0557021427045465,-0.8218895292797443,0.496122762080067,3.607626124019287,-1.5899274984942835,-1.6615546385394495
1.58310866355896,-0.09200424103647532,0.43582763553001164,-0.06739540704050981,2.183485722797454,2.2152391887785043,-0.005564363340526882,4.870948291960372,15.034605822498829,-4.079047832979395,2.0512280110451746,-0.8218207274845496,0.49950727845528825,3.607645197505615,-1.589968506489889,-1.6614506880389612
1.585130214691162,-0.0920357835269084,0.43584561932378924,-0.06738431445096008,2.1834645982694854,2.215242608810056,-0.005418787615294116,4.741290541264119,15.09825136267003,-4.063437255898343,2.0497415824347756,-0.8186639024065593,0.4970018222462833,3.607618971461914,-1.5900357405291956,-1.6613429228412073
1.5871503353118896,-0.0920627170506991,0.4358365899809753,-0.06739547134248829,2.183432956315237,2.2151957562856897,-0.0053619782193083726,4.515641856585994,15.169632078336281,-4.173826341943126,2.0512672759829873,-0.8194793287625658,0.50054322804029,3.6076018053242187,-1.5900996367083948,-1.6612346808062952
1.589169979095459,-0.09208974897399451,0.43585772808830486,-0.06739476306369957,2.183381398004195,2.215205906068911,-0.005265392069219006,4.708538187370721,15.428557417997629,-4.107314375821441,2.0385309408419356,-0.8220950733096299,0.4980980683875468,3.6076018053242187,-1.5901597181903284,-1.6611579100238245
1.591188907623291,-0.0921322143595096,0.43582566067956274,-0.06741632382231831,2.183305524113394,2.215188458010657,-0.005282590955682055,4.718034901364674,15.003354776155467,-3.983177796885903,2.0359474932763786,-0.8239286541803656,0.5006395915354949,3.6075936990925292,-1.5902007261859339,-1.661065403615133
1.5932080745697021,-0.09215552811649809,0.43584832022791864,-0.06742224710495258,2.1833667460751185,2.215126292987409,-0.005222146650677086,4.764929094958648,15.14511425358685,-3.954233836526847,2.0371274844470184,-0.8154976924266069,0.4963245986272864,3.6075708109089355,-1.590224568043844,-1.6609357039081019
1.5952272415161133,-0.09219354973266633,0.43586395101727576,-0.06740979478697477,2.1832951923872588,2.2151643998852495,-0.0050754518900265845,4.72998788121036,15.141492826255009,-3.9408079882333436,2.0405647795345754,-0.8131432843619942,0.4952824944535836,3.6075588899799804,-1.5903003851519983,-1.6608465353595179
1.5972490310668945,-0.09221100444265587,0.4358612170468317,-0.0674145668185081,2.183313018614646,2.2150673597857153,-0.004982971074145833,4.6649187144584845,15.12101291868966,-4.044909914954044,2.0277572468713196,-0.823921572704923,0.49740264076411755,3.607541723842285,-1.59037954012026,-1.6607044378863733
1.5992684364318848,-0.09223664566305598,0.4358562513471593,-0.0674226284687489,2.1832468277926735,2.215052997795704,-0.004939270262729056,4.974816272969371,15.193903010381696,-4.079221167343978,2.025597159643082,-0.8211586960486937,0.4950949973470387,3.6075503069111328,-1.5904391447650355,-1.6606314818011683
1.6012885570526123,-0.09227874576683699,0.43583658756118077,-0.0674336880549024,2.1832081151679494,2.2150239086613204,-0.004942236822210393,4.751607596425214,14.847506703920327,-4.0770321216143355,2.036046562349708,-0.8234807187683062,0.497787229102232,3.6075612741657714,-1.5904720465289515,-1.660520378743307
1.6033251285552979,-0.09231035204358544,0.43585968084117294,-0.06742773880977113,2.18319144686622,2.21504402288105,-0.004844899508474963,4.854599948477674,15.151110871461327,-4.071290481505197,2.0369494292244936,-0.8232863769793279,0.4935058132497735,3.6075455385395507,-1.590508286152975,-1.6604364554034632
1.605346918106079,-0.09233544676649821,0.43584066195643134,-0.06744907885018785,2.1831365330041215,2.2149789798309625,-0.0047765501777124655,4.777073952859113,15.265715481428634,-4.092805033375379,2.0373797235373816,-0.8221915862567496,0.49713312479185434,3.6075069147297363,-1.5905993620501917,-1.6603196302997034
1.6073658466339111,-0.09236808744748375,0.43584396602917796,-0.0674566392211506,2.183160416765141,2.2149176718368886,-0.00475905172054925,4.53582338050381,15.093606043181838,-4.105732007034983,2.038810849383746,-0.8287420183889032,0.4994003452028102,3.607517881984375,-1.5906246344195765,-1.6601880232440394
1.6093850135803223,-0.09241692178007263,0.4358404846089675,-0.06745929978420079,2.1830674580215623,2.2149815671183917,-0.004703999703279473,4.804140497424144,15.33284123970354,-4.120170552841556,2.0397830740835414,-0.8178755386864007,0.49268710644423985,3.6075021463581542,-1.5906603972064417,-1.660123650227682
1.6114468574523926,-0.09243442860422645,0.4358635609504399,-0.06745875671847323,2.183137474305418,2.214908225959723,-0.004614676093763938,4.7749602579268435,15.044052396448963,-3.9171373803747556,2.042890206618629,-0.8191945423838014,0.49874166928364333,3.607478304500244,-1.5906975905047815,-1.659990135823385
1.6134660243988037,-0.09247335441659084,0.43586110728343797,-0.06745469587162713,2.1830456052858707,2.214926671521198,-0.004501770385930631,4.844563202106862,14.877274643333267,-3.850232138057966,2.0426242451457237,-0.8322317566718461,0.4943968611097704,3.6074740129658203,-1.590781037007467,-1.6598976294146937
1.6154849529266357,-0.09249914680104908,0.43583759680424766,-0.06747860203560302,2.1830064685847828,2.2148561892075964,-0.004496474693906105,4.7957428526312675,14.920820661132053,-3.808227916898769,2.0452419016768353,-0.843094516530071,0.4948658139821088,3.607461615199707,-1.5908406416522425,-1.6597898642169397
1.6175215244293213,-0.09256627419136962,0.43584225600212984,-0.06748497530870542,2.182949782116024,2.214805783789704,-0.004362978025762222,4.975359626460646,15.078952206195465,-3.6500408683547922,2.0401545142236666,-0.83333983953439,0.4891288213344123,3.6074578005024414,-1.5909488836871546,-1.6595671812640589
1.6195409297943115,-0.09257488852440052,0.4358308579905173,-0.06749616343800079,2.182960414637551,2.2147153232860823,-0.004282374305697879,5.220225030722912,15.19928456572531,-3.719251518914172,2.037328717359828,-0.8300497593798104,0.49087050510563646,3.607414885158203,-1.5910242239581507,-1.6594560782061976
1.6215600967407227,-0.09261856166533469,0.4358743993757779,-0.06748265305590816,2.18297255779953,2.2147580701464995,-0.004170856413724966,4.953395257603293,14.997577580725633,-3.6563416189220277,2.0381987245881383,-0.8321602594634588,0.4888046357740958,3.607402964229248,-1.5910380522357386,-1.659351650868551
1.6235787868499756,-0.0926357440094164,0.4358673757181475,-0.06749329677082805,2.182850872401257,2.214751948040882,-0.004104881167685412,4.6017878864965,15.418909978453005,-3.7269038979603404,2.0342008379309733,-0.8253511816782475,0.488603149723824,3.6074182230183105,-1.5911324659930628,-1.6593058745013636
1.6255979537963867,-0.09267955480039183,0.4358484875798202,-0.06750887440356321,2.1828731555839473,2.214654149522493,-0.004088398070119907,4.675390176521562,15.254790172677087,-3.7197352580369216,2.0417430457131314,-0.8176384266336387,0.4831913657852291,3.607410116786621,-1.5911772886859339,-1.6591241995440882
1.6276171207427979,-0.09271890599398266,0.43585801742495744,-0.06750211342575398,2.1828388871672426,2.2146963275728533,-0.0040022960842401485,4.5485729515381985,15.064562919620595,-3.696986886712717,2.0400198409414454,-0.8315204593600155,0.4872304514257545,3.6073857980915527,-1.5912063757525843,-1.6590474287616175
1.6296360492706299,-0.0927561246777596,0.4358552783187828,-0.0675173114741317,2.1828065603806124,2.2146829125840766,-0.003987700064919182,4.81051125337145,15.19737111346532,-3.692348621637471,2.0357204618937823,-0.8257848346777805,0.48540478215801214,3.6073738771625976,-1.5912349859820765,-1.6589515844928187
1.631654977798462,-0.09277126030007884,0.43585281531536774,-0.06752532341479467,2.182734013881075,2.2146470026419105,-0.003897836105858315,4.782144321010155,15.192258503745322,-3.669507498759657,2.0431898647695994,-0.8221140637038272,0.4847619350685098,3.607370062465332,-1.5913289229022425,-1.6588743368731897
1.633673906326294,-0.0927932082098253,0.43586458510220083,-0.06752213651461587,2.1827338733518187,2.214589240560369,-0.0037745131792423048,4.744582823633072,15.103302714922863,-3.6131934938963504,2.0437135694275494,-0.8162084018685473,0.4896562918415479,3.607358141536377,-1.5914090315448206,-1.6587446371661585
1.635707139968872,-0.09283285000628229,0.4358406863171493,-0.06754148222790778,2.1826769852335017,2.214559275376959,-0.0037750225905299186,4.950733392369549,15.05089956801212,-3.5035580546431735,2.046893171770881,-0.8135926287532668,0.4814784171534376,3.6073500353046875,-1.5914533774005335,-1.6586406866656702
1.6377270221710205,-0.09288341841149181,0.43582481547698215,-0.0675580520523627,2.1826535104162894,2.214509978382649,-0.0038039196098221067,4.758356948380806,15.283780175825209,-3.652345356600206,2.0473426919780704,-0.8142273809264013,0.4836316035921187,3.607376738185547,-1.5914776960956019,-1.6584981123553675
1.6397461891174316,-0.09290124169810095,0.4358551300936317,-0.06754892760120763,2.182641973144236,2.2145340906766604,-0.0036192903678678914,4.572100355514463,15.057024379892429,-3.3976473418771334,2.055512864155512,-0.8137664636904294,0.47923192213227794,3.607301874751709,-1.591545883809225,-1.6584251562701624
1.6417648792266846,-0.09291737930913657,0.43584404856985,-0.06756024091703426,2.1825762803639264,2.2144697240618743,-0.003564153677181845,4.41370673231726,15.264214783280174,-3.4499652220907064,2.0525940575716906,-0.8141436546953102,0.4898892239847742,3.607320948238037,-1.5916369597064417,-1.658332649861471
1.6437840461730957,-0.09297155378155134,0.43584326950700386,-0.06755667657251559,2.182536036872246,2.214510215778382,-0.003506080759672825,4.471670754437794,15.425640624441195,-3.189608529729477,2.051599405077133,-0.8110921713614935,0.48131640635359396,3.6073056894489746,-1.5916579405414026,-1.6582301298724573
1.6458029747009277,-0.09300994572324497,0.4358359818883135,-0.06758179916176878,2.182498761196647,2.2144891250310965,-0.003500050381900931,4.619120919042825,15.42881125946009,-3.2732655844084455,2.0522689563231653,-0.8120347721315055,0.478663688484553,3.607273741359375,-1.5916898886310022,-1.6581290403949183
1.6478219032287598,-0.09303246159545553,0.4358367057289696,-0.06758495091430494,2.1824991876477435,2.21442369440033,-0.003424476512293047,4.866695479686389,15.299875891227957,-3.192201235146129,2.060479410238865,-0.8137294346851774,0.47966306453966395,3.607269449824951,-1.5917542616473597,-1.6580060164081019
1.649841070175171,-0.0930471308282801,0.4358371558286216,-0.06759394309552959,2.182501338951465,2.214340444581116,-0.0033603832845022553,4.5736834728666915,15.417311657394341,-3.1368041842464933,2.057784096498063,-0.8145250760705426,0.48171695606501064,3.6072656351276855,-1.591822926198141,-1.6578896681415003
1.6518609523773193,-0.0930970704473052,0.43582617511526434,-0.06760532494298244,2.18244327671269,2.2143629614324287,-0.0033048035815636885,4.401627684628036,15.359210486631916,-3.224898716401808,2.060079726041174,-0.8101217988256388,0.4805998237139143,3.6072189050861816,-1.5918625036822718,-1.6577871481524866
1.6538810729980469,-0.09313037329451676,0.435849247264948,-0.06759206684037287,2.1824271861433724,2.2143730891111373,-0.0031914496774968102,4.622037963270265,15.147381506947708,-3.2767514050454714,2.0711397562615317,-0.8003715158984582,0.4837008668048704,3.607222719783447,-1.591910187398092,-1.6576874891864222
1.655900239944458,-0.09316516392664238,0.43584327975863485,-0.06760121934047894,2.18242028805807,2.214340784744751,-0.0032041279340191647,4.767281304879067,15.563985708943065,-3.333328454978656,2.059671130087152,-0.8055201857318907,0.47747094809942847,3.607240839595459,-1.59192401567568,-1.6575868765460413
1.657918930053711,-0.0931768737159419,0.43583119355335853,-0.06760953388458947,2.1823217572044884,2.2142869805727665,-0.0030731137789138086,4.778152096844811,15.22220673858855,-3.275268563586625,2.0677157144776337,-0.8110006624684643,0.4741009287418282,3.6072260576435546,-1.5920584837542933,-1.6574977079974573
1.659938097000122,-0.09321904799541839,0.43585264181976513,-0.06760846409324921,2.1823436482912038,2.214292826879063,-0.00301183755761721,4.859019449779026,15.60239114556298,-3.268284161256967,2.068233944178411,-0.8094314438702143,0.4766033357212962,3.607205553645752,-1.5920665899859827,-1.6573832670794886
1.661957025527954,-0.09324816431947724,0.4358315861129381,-0.0676238363511768,2.182326158934949,2.2141978542283223,-0.002970787730751151,4.6639198909539035,15.494731402274473,-3.22009613996368,2.070577878260644,-0.811117749049943,0.48128013757731036,3.60720078527417,-1.5921419302569788,-1.657236401234762
1.6639759540557861,-0.09328973661856561,0.43582321123325535,-0.06763777950616408,2.1822688719126315,2.21422834280342,-0.0029501566932702834,4.628400362118687,15.620931643583061,-3.3634322770100162,2.072146084152181,-0.8091968153377833,0.4756317396799076,3.607165976161621,-1.5921629110919397,-1.6571677366839808
1.6659951210021973,-0.09330036331725089,0.43583928083566553,-0.06763039421991002,2.1822641830660308,2.214157848509303,-0.0028040117315507617,4.650239166615461,15.3729412351814,-3.528455007356838,2.0852300927455145,-0.8145480510611933,0.48007077821325933,3.607165976161621,-1.592262093220846,-1.6570480505572718
1.668018102645874,-0.09334529165100373,0.43583745447007904,-0.06764285127121103,2.1822050603087244,2.2141679720570777,-0.002774055692714947,4.8923978145361975,15.624434050381321,-3.5057602216968697,2.081604252544345,-0.8149359630789367,0.4739781619397123,3.6071573930927734,-1.5922983328448694,-1.656952206288473
1.6700379848480225,-0.09339081680288902,0.435848967470419,-0.0676422735153054,2.182226486913104,2.2141805802011008,-0.0027127925037693746,4.741552538161699,15.20621579494902,-3.2949116274566808,2.087741505720911,-0.8165196458767832,0.4748030465057818,3.6071178156086425,-1.5923031012164515,-1.656837288533346
1.6720912456512451,-0.09340728529832237,0.4358493088476755,-0.06765472501637404,2.182201877343,2.2141086345113803,-0.002651202120655322,4.450289558350494,15.766338169802205,-3.2516581807462623,2.085685709107963,-0.8169592360106123,0.4746020355834871,3.6071178156086425,-1.5923789183246058,-1.656729523335592
1.6741113662719727,-0.09345616210971464,0.4358604570497222,-0.0676514588743689,2.1821269648392976,2.2141527097065854,-0.002567686364134596,4.743631000067321,15.829777766967485,-3.40317255888721,2.089588399968078,-0.8128536872098923,0.4685687122362247,3.607121630305908,-1.5924270788775843,-1.6566374937640589
1.676131010055542,-0.0934741649902488,0.4358513287497857,-0.06765245780305605,2.182119045601177,2.2141121177418386,-0.0025111460477424625,4.758498521185533,15.679114469932662,-3.217879899617685,2.098211011301029,-0.8159450205348249,0.4814503632923077,3.607109709376953,-1.5924752394305628,-1.6565521399127405
1.6781511306762695,-0.0935159500847574,0.43583409878035,-0.06767687572939471,2.182063353244661,2.214051543152391,-0.0024818932641841487,4.6750355163355914,15.59411578506906,-3.076246390189376,2.100206651316785,-0.8156913509617664,0.47722172405055874,3.607097788447998,-1.5925472418414515,-1.656410042439596
1.680171012878418,-0.09355552027102026,0.43582988694012603,-0.06768758367063761,2.1820462592185215,2.214042526730623,-0.0024336338381844877,4.411515412765731,15.728832800515205,-3.2886412396864966,2.110979117570199,-0.8097127692828229,0.4813368739508308,3.607057734126709,-1.592579189931051,-1.656302277241842
1.6821928024291992,-0.09357374353422732,0.43583441616747187,-0.06768883096576833,2.182040253199992,2.214002792353496,-0.0023719636770764365,4.4251122162540675,15.868277224001432,-3.2002799819732153,2.110858939909564,-0.810582556330151,0.476790303012084,3.607057734126709,-1.5926278273211878,-1.656213108693258
1.6842119693756104,-0.09359756623288344,0.43582551914724693,-0.06769572754861938,2.1819938907443817,2.21396644245813,-0.0022643221269278146,4.511562911591115,15.644474017518554,-3.123389156030993,2.1144803706077835,-0.8212867645886389,0.4831833053128956,3.607018156642578,-1.592715088521139,-1.6561091581927698
1.6862311363220215,-0.09364128199955901,0.43584099755185995,-0.06769282099660548,2.181976736296244,2.213959151728182,-0.0022016875773048354,4.747341167525589,15.875902014946844,-3.046077694775139,2.1144175540328853,-0.8205042747097818,0.4815002380173201,3.607037230128906,-1.5927513281451624,-1.6559861342059534
1.6882619857788086,-0.09368020986216975,0.43584130930756737,-0.06770082406480826,2.181960471575286,2.213934411982683,-0.0021249875294026255,4.5254885183681655,15.910313460499097,-3.1212879427048996,2.1256822059031375,-0.8175831391096637,0.4804852492123101,3.6070024210163574,-1.5928028265582483,-1.6558592955218714
1.6902811527252197,-0.09371386265019704,0.4358246948797095,-0.0677181215158418,2.1819216944005184,2.2138631939352265,-0.00213655599737457,4.679317970012245,15.539810966961683,-3.128477146492997,2.134382707651448,-0.8118741461055731,0.4823387644939564,3.607037230128906,-1.5928548018084925,-1.6557357946978968
1.6923000812530518,-0.09374183519807584,0.43583539618704376,-0.06771751440639329,2.1819025542933903,2.213860230811602,-0.0020618103950069172,4.469133115919208,15.954804128653139,-3.2442088756751635,2.1232788855225926,-0.8139478344207288,0.4862493124556751,3.607025309199951,-1.592895809804098,-1.6556504408465784
1.694321870803833,-0.09375607848298045,0.4358530696479309,-0.06772381433096965,2.1819117829319694,2.2138075809859528,-0.0019699154798340293,4.554781883644873,15.828528456533284,-3.1104705744776835,2.127410678134611,-0.810617586142548,0.4737073533427784,3.607001467342041,-1.5929558912860315,-1.655548397694723
1.6963410377502441,-0.09380107260606178,0.4358441579538736,-0.0677293214014283,2.181875180406309,2.213812533804698,-0.0019279773963535817,4.7664146679416906,16.012686396077456,-2.9737394352193878,2.1298834778010245,-0.8108956697459966,0.48069576263486496,3.606982393855713,-1.5929878393756312,-1.6554439703570765
1.6983611583709717,-0.09384061217941894,0.43581977420448614,-0.06774558222880628,2.181784040179261,2.213799954349562,-0.0019025410932107989,4.930862207405808,16.036916774778316,-2.9336599542491104,2.1270939852679214,-0.811390051429782,0.47839889870905555,3.6069771486469726,-1.5930517355548304,-1.655351463948385
1.7003798484802246,-0.09387850739712408,0.4358285476078231,-0.06774867846503879,2.181788427254321,2.2137621066492774,-0.0018238068360512047,4.674517818393612,15.89001630906628,-2.947217797097194,2.1251956683562288,-0.8150241497072909,0.47663454078537487,3.60696188985791,-1.5930998961078089,-1.6552122274981897
1.7023990154266357,-0.09390575278062185,0.435821321015256,-0.06776042245415359,2.181760573018793,2.2137168798949376,-0.0017978664095894712,4.563333810616214,16.032403324719652,-2.9991725007186716,2.137438867670668,-0.8001574254971137,0.47966327461301184,3.6069657045551757,-1.5931480566607874,-1.6551116148578089
1.7044191360473633,-0.09393098741687109,0.4358134571189999,-0.06775989518932164,2.1817418326985085,2.213685400570595,-0.001721809957868955,4.364732314354962,16.241838924380495,-2.957630105236753,2.140713101407917,-0.8024861186550922,0.4764185714925059,3.606949492091797,-1.5932048002826136,-1.6550129095660608
1.706444263458252,-0.09395433663058045,0.4358338975719559,-0.06776544633444319,2.1817505749792994,2.2136075544272957,-0.0015991311804903078,4.550416424196947,15.854619881491413,-2.8506758393379137,2.140253903254777,-0.8044837716137161,0.4788609644929783,3.606933279628418,-1.5932906309710901,-1.6548617521869105
1.7084810733795166,-0.09400334448114223,0.43581782240624906,-0.06778268429599965,2.1817184567409384,2.213578908205782,-0.0016093351112655195,4.627072481311862,15.95986613776233,-2.732167097519213,2.141474340642339,-0.8089226603961002,0.4844404086111463,3.606933279628418,-1.593316380177633,-1.6547353903399866
1.7105000019073486,-0.09402841410133801,0.4358136752898648,-0.06779651656599996,2.181617882131526,2.213615948660175,-0.0015800689731625746,4.605664102529796,16.194819699180876,-2.909920078665046,2.1499972709704984,-0.8100837144580043,0.47877462172521634,3.606921358699463,-1.5933612028705042,-1.6547120253192347
1.7125189304351807,-0.09406679705944378,0.43582253296315426,-0.06779650303173426,2.1816450254317665,2.2135567926425037,-0.0014623951649970616,4.592221898467823,16.057752905133817,-2.8092545844122556,2.1538860444414647,-0.8106590876415227,0.48157926278158886,3.606886072749756,-1.5934246222125452,-1.6545422712909144
1.7145380973815918,-0.09410266984022578,0.4357971756060514,-0.06781094754480016,2.1815374815349142,2.213557155508631,-0.0014509604153485549,4.5321589762507175,16.28558769408997,-2.8379403331928086,2.1508514298419112,-0.8102480367255537,0.4824425264415333,3.6068970400043945,-1.5934847036944788,-1.6544740835772913
1.7165570259094238,-0.09413619300681554,0.43580573948588763,-0.06782173893031586,2.1815418536755398,2.2135276616074457,-0.0014304546258154921,4.578608975964091,16.269155066261686,-2.7839151244000813,2.156936782217086,-0.8041432072693682,0.48314377631520156,3.606893225307129,-1.5935047308551233,-1.6543663183795374
1.7185759544372559,-0.09417493997349642,0.4358298198366645,-0.06780669442042155,2.181557584394056,2.213525219749541,-0.0012530413168704367,4.23477235969448,16.251953490887814,-2.900673118004909,2.1662768934317254,-0.8123642170427781,0.47973738105065244,3.6068426805683593,-1.5935686270343226,-1.6542242209063929
1.720594882965088,-0.09420280567120505,0.4358350750080348,-0.06781266168017931,2.1814988076805957,2.213519029679713,-0.0012253740697688066,4.4403254183811125,16.29165252909826,-2.9017353667882206,2.1629353349357743,-0.8102610313052312,0.4886754923825153,3.6068731981464843,-1.5936129728900355,-1.654154125844137
1.7226147651672363,-0.0942378618181848,0.43580323973190055,-0.06783304148185669,2.1815141089158323,2.2134013169411073,-0.001215795995381805,4.554910979104663,15.853989983217316,-2.7063333113647396,2.1643880068018166,-0.8075826769174651,0.4807771031491829,3.6068574625202636,-1.5936697165118616,-1.6539815107928675
1.7246348857879639,-0.09426185807808841,0.435831281329924,-0.06782972004562984,2.181450222639269,2.21343854511464,-0.001075840250840292,4.209785072325635,16.61093189860174,-2.914654441802024,2.1613873926146203,-0.8108607029801498,0.4799556363688364,3.6068293291279296,-1.5937402884112757,-1.6539228598224085
1.726654052734375,-0.09429049298644589,0.4358160164937166,-0.06784802074153005,2.1814436729801367,2.2133687264328614,-0.0010703745106327522,4.428146767085034,16.448134297346158,-2.7636515480744044,2.169571445450356,-0.8030147403077745,0.4846815141358221,3.60682122289624,-1.5937817732440394,-1.6538036505328577
1.728672981262207,-0.09432035711081828,0.4358367278140639,-0.06784739014434171,2.1814244126805473,2.2133564028268573,-0.0009451939058142361,4.3744651497643705,16.132363255198303,-2.660909049117661,2.167407982280872,-0.8046756869347291,0.4837883674568353,3.6067935663410644,-1.5938485304461878,-1.6536920706378382
1.7306921482086182,-0.09436962078715311,0.43582048534603635,-0.0678553043018684,2.181355997189919,2.2133728339935463,-0.0009484851271541069,4.3777997907372415,16.42518925626431,-2.495760914410887,2.171700728678888,-0.7952934601507319,0.4800058932023728,3.606809301967285,-1.593872372304098,-1.6536033789264124
1.7327141761779785,-0.09441251147340608,0.4358070803274191,-0.06786609869790854,2.1813438286784637,2.2133190679833503,-0.0009286513074913967,4.163201175911559,16.47610496038951,-2.59904269693046,2.179321470019855,-0.7940083952766899,0.4806419122685725,3.6068131166645507,-1.5939133802997034,-1.6534608046161097
1.734767198562622,-0.09443458486304163,0.4358230808463082,-0.06786765485988948,2.181352696829597,2.21328760790533,-0.0008173431528816468,4.009440013117295,16.30178705416112,-2.568775679357814,2.183459462917592,-0.7953803863924368,0.4873995315584084,3.6067730623432617,-1.5939701239215296,-1.6533530394183558
1.7367899417877197,-0.09446218940920843,0.43579592968243175,-0.06788538753273239,2.1812555933053557,2.21325595438271,-0.0007425487457888689,4.260496901299959,16.619399684060564,-2.592675963759553,2.1825581644663945,-0.7930015869337887,0.4842640130490211,3.606738253230713,-1.5940683523761194,-1.6532614866839808
1.7388100624084473,-0.09449489558224013,0.43582829368891246,-0.0678787105027477,2.1813006148714638,2.2132396888409342,-0.0006590233544195185,4.098213645637657,16.23060006399293,-2.3868547908846036,2.187481664887588,-0.7975584379557998,0.4885714572905261,3.6067301469990234,-1.5940855185138147,-1.6531413237201136
1.7408461570739746,-0.09452953610037919,0.43579276876207007,-0.06790777587639052,2.181180213079853,2.213189800925478,-0.0006998593349086561,4.259146190227062,16.588338754717704,-2.374003109593012,2.18946164795055,-0.7864768375851486,0.4828465348908121,3.6067730623432617,-1.5941575209247034,-1.6530526320086878
1.7428662776947021,-0.09456313813483107,0.43578856386501075,-0.06791958335011274,2.1811377245633716,2.2131737518724823,-0.0006546130036872488,4.15288995730259,16.400480241019316,-2.474530235736962,2.204207012408013,-0.7869260979306889,0.48405407409300716,3.6067563730427246,-1.594205681477682,-1.652956787739889
1.7448859214782715,-0.09459554209001889,0.4358108971332848,-0.06791281993062127,2.1811471444379755,2.2131776802109595,-0.0005177480046150384,4.18566029266191,16.681660011108953,-2.491239077116855,2.1928790352722416,-0.7931392392264939,0.4846145782577502,3.606705828303955,-1.5942533651935022,-1.6528456846820276
1.7469050884246826,-0.09462623538164769,0.4358017757854776,-0.0679188128079219,2.1811299744864234,2.213101473597134,-0.00048787732011529344,4.542309738213216,16.412749020506535,-2.5350701400401983,2.2062354281989736,-0.7859767399998006,0.4860881550053902,3.606741114253662,-1.5943134466754358,-1.6527107397662562
1.7489259243011475,-0.09465599714071812,0.43580977655792436,-0.06792404337009103,2.181160543320949,2.213064266855418,-0.00039364774826215,4.278075584753649,16.81266193301564,-2.516148779591347,2.2088640262217027,-0.7901488767337663,0.4876449833642301,3.606681986446045,-1.5943544546710413,-1.6525839010821741
1.750946044921875,-0.09468647924505633,0.4358169716459844,-0.06792101194782621,2.1810981247800183,2.2130379068233217,-0.00030338882610956555,4.0212282950929925,16.770899637981888,-2.6303583938751807,2.211668909157397,-0.7907465255884444,0.4904328420969376,3.6067167955585937,-1.5944369474994105,-1.6524761358844202
1.7529659271240234,-0.0947365014951401,0.4358268911750995,-0.0679161304501751,2.1810771275041865,2.213077310979254,-0.00021934667898087774,4.3260237650769175,16.96639596925526,-2.629410550900436,2.211681157020474,-0.7846279546299418,0.4865736512009603,3.6066853243061523,-1.594459358845846,-1.6523717085467737
1.7549850940704346,-0.09474999727352205,0.43579159530760486,-0.0679445906759041,2.1809425473162403,2.2130075764382124,-0.00020489314954375137,4.153010566650105,16.516719888996253,-2.582624019647612,2.221350793154429,-0.7936650311680932,0.4897042409103401,3.606708212489746,-1.5945733229266565,-1.6523035208331507
1.757004976272583,-0.09479761769795872,0.4357830666754565,-0.06795691641545641,2.180942901483438,2.212989681557566,-0.00018164813539231066,4.168316873373058,16.505836041095975,-2.529382987702324,2.2253552780744763,-0.7938295347574039,0.4874739330050197,3.606673403377197,-1.5945900122271937,-1.652175251637594
1.7590241432189941,-0.09482787837988624,0.4358132090801446,-0.0679561605578282,2.180959785015993,2.212982411630836,-4.077152636997917e-05,4.426034340504763,16.823809844702854,-2.510441783360073,2.221939297929575,-0.7911731177851673,0.48916238893582725,3.60661427556958,-1.5946415106402796,-1.6520569960223597
1.7610459327697754,-0.09486088671143308,0.43580518952136915,-0.06795707364176534,2.1808728562714053,2.2130065575872386,-1.7923806248261646e-05,4.330386959817,16.694657639298427,-2.4813557950600216,2.2226879473296215,-0.7920883493305337,0.4937813606542307,3.6066457468220214,-1.594682518635885,-1.652005974446432
1.763066053390503,-0.09489054222609608,0.43579719242223275,-0.06797231422767923,2.180858674061552,2.212927310023511,3.767788769391363e-05,4.335655024579695,16.932887266841952,-2.6302865650708305,2.2264597827302777,-0.7875284411456138,0.4921099070809272,3.6066338258930664,-1.5947535673724573,-1.6518638769732874
1.7650911808013916,-0.09492248276013546,0.43580912289719465,-0.06796881577348213,2.1808666576305518,2.2128845403728015,0.00013490972294865835,4.1463832131697,16.81294519625693,-2.7112305841729865,2.239796830462328,-0.7873951820968913,0.4958337873695939,3.6066290575214843,-1.5948103109942835,-1.651728932057516
1.767110824584961,-0.09496028674713713,0.4357929309870842,-0.06797758334417366,2.1808257240723696,2.212835916451879,0.00017006298385648303,4.2867544770962285,16.584347240625736,-2.574723771691528,2.236807722554034,-0.7893270553056561,0.49694425145895393,3.6066409784504394,-1.594870392476217,-1.6516020933734339
1.769129991531372,-0.09498058096991337,0.4357874568537756,-0.06798210275438445,2.180776973009791,2.212837324122156,0.00021770653957867654,4.427286960805354,17.000130209038446,-2.594747197512385,2.2394464934394382,-0.7834251530039372,0.4974566549920718,3.6066290575214843,-1.5949142614947718,-1.6515510717975062
1.7711491584777832,-0.09500901160017436,0.4357805046859466,-0.06800484273870473,2.1807691171966797,2.212748929170971,0.00025210017121073586,4.195341892662505,16.99621933085957,-2.8316835878081936,2.250267226898223,-0.787659613406327,0.4923965730506369,3.6066133218952636,-1.594978157673971,-1.6514089743243616
1.7731680870056152,-0.09506480641305574,0.4357957474707612,-0.06799803796449853,2.1807473833406728,2.2127875524724745,0.0003328621759803025,4.146573530861768,16.78404573796206,-2.7985344009150332,2.25399723995686,-0.7937474535260588,0.4963156904447648,3.6066014009663085,-1.5949996153460901,-1.6512907187091272
1.775190830230713,-0.09509769188056737,0.4357914598840501,-0.06800532097182052,2.1806758888748554,2.2127928056672728,0.00042334829077742843,4.077208446261787,16.848661587517565,-2.746682581299162,2.2511095524370126,-0.8004526097476286,0.5007044579022573,3.606569929713867,-1.5950706640826624,-1.6512053648578089
1.7772128582000732,-0.09512428498049771,0.4357780451659092,-0.06801906790265118,2.1805943567123007,2.2127400810692097,0.0004289984149260131,4.407215075333166,17.117642845958947,-2.8221083106765374,2.2620395303976144,-0.7893732193282242,0.4996417872414888,3.6066242891499023,-1.595142666493551,-1.6511128584491175
1.7792341709136963,-0.09514871255849479,0.43581003262936574,-0.06800844954175506,2.1806485078333275,2.212699566217602,0.0005668377914125819,4.312563493288887,17.45425347069379,-2.9062987813149683,2.266610817587436,-0.7915626868113155,0.5008527585169552,3.6065966325947265,-1.5951908270465296,-1.650977913533346
1.781254529953003,-0.09518402575362275,0.4357800239444262,-0.06803115438831078,2.180586583322255,2.212634072705158,0.0005905152772673163,4.375119184914448,17.107075883850282,-2.6926670317042563,2.2707338690384993,-0.7871835860138477,0.49866360112804853,3.6065847116657714,-1.5952666441546839,-1.650851074849264
1.7832744121551514,-0.09521941387612015,0.43577519800959863,-0.06804197801416315,2.180547805758587,2.2126298230596335,0.0006269774136951551,4.153968465335955,16.971131493927242,-2.838343101287818,2.277331657328832,-0.7961629249896851,0.5049046412749335,3.606565161342285,-1.5953028837787073,-1.6507623831378382
1.7853143215179443,-0.09525212683264132,0.4357782319862834,-0.06804322143839567,2.1804979942987988,2.2126229372241277,0.0006946627252391356,4.3563239241873175,17.132341346343736,-2.8881869768652058,2.287688745767195,-0.7981394996102503,0.5030244033717839,3.6065727907368164,-1.5953591505633753,-1.6506698767291468
1.7873337268829346,-0.09528863945474059,0.4357928732778583,-0.06804108787264258,2.1804615227482675,2.2126288762178032,0.0007860685681174999,4.466269088692455,17.27456304973353,-2.8398606555717283,2.2842068372318036,-0.799551003376329,0.5022097063111537,3.6065689760395507,-1.5954111258136194,-1.650569264088766
1.789353847503662,-0.09531055606905917,0.4358107418201098,-0.06804407420967214,2.1804930012465116,2.21256983340161,0.000889816752996162,4.445489549393666,17.136742279009,-2.694601270775425,2.2885417216796613,-0.796929141978177,0.50284245441481,3.6065379816242675,-1.5954673925982874,-1.6504390875445765
1.7913758754730225,-0.09535869124268125,0.43575759416407855,-0.06807111552170461,2.180422951685217,2.212510988336897,0.0008368710263568462,4.182256564767201,17.554588158048432,-3.136508273689658,2.289323388340069,-0.7953144699125269,0.5043138123110086,3.6065451341816406,-1.5955117384540003,-1.6503122488604944
1.7934520244598389,-0.09538608195161213,0.435806755630668,-0.06805348839723493,2.180404711281926,2.2125486220961665,0.0009907009864633567,4.2013397558636205,17.33480709332084,-3.1799295239104186,2.3039336696626598,-0.7933115231690039,0.5044511605409664,3.6065451341816406,-1.5955632368670862,-1.6502340475665491
1.7954797744750977,-0.0954309716443195,0.43577193940469167,-0.0680695815769251,2.1803726931573895,2.2125015773417744,0.001002525450421243,4.389488168847078,17.429955979158823,-3.18988234974916,2.2991079081492036,-0.7947526264714262,0.5043688116468632,3.606520815486572,-1.5956080595599573,-1.650100056325094
1.7975077629089355,-0.09544342242779054,0.43577222186994036,-0.06807896146729155,2.180337043735269,2.2124601702473745,0.0010792746808303006,4.5353410080485785,17.304501741328675,-2.9894279223121027,2.3002671172475377,-0.8023161930721006,0.5106448623986195,3.606501742000244,-1.595680061970846,-1.6500232855426233
1.7995359897613525,-0.09551176902214877,0.43576987460261485,-0.06810003463996263,2.1802865433957344,2.2123872225304053,0.001153367706577773,4.7892504388680415,17.51772485826361,-3.261572717120064,2.315183113463361,-0.8045480794027737,0.5018143029036447,3.6065050798603515,-1.5957725683795374,-1.6497958342181605
1.8015637397766113,-0.0955335323011922,0.43576902325862266,-0.06809739614157738,2.180244690250632,2.2123374828720412,0.0012776884293395744,4.3555720628903405,17.33723536213498,-3.3782521220155033,2.319577405073254,-0.8172214199201379,0.5086720499456965,3.606501742000244,-1.5958712736712855,-1.649679962788717
1.8035919666290283,-0.09556808948041624,0.43576294186779224,-0.06810724948806508,2.1802571603870944,2.2123044825648814,0.0012786102800420147,4.715676507851922,17.24367391445149,-3.372935827674479,2.324880063029108,-0.8060639658485118,0.5058486844203757,3.6064931589313964,-1.5958808104144495,-1.6495736281024378
1.8056199550628662,-0.09561124040095595,0.43576828647372545,-0.06811086017411297,2.1801716872753274,2.212310559371641,0.001354303805877753,4.774752432352615,17.389283543887608,-3.449184028465835,2.3267902400509457,-0.8159940909463823,0.5041361013639681,3.6065127092548828,-1.5959518591510218,-1.6494692007647913
1.807647943496704,-0.0956404845815145,0.4357672970793697,-0.06811860875778616,2.180175395290291,2.2122505270572663,0.0014138360635543206,4.725542729036079,17.502540021315465,-3.392076689169677,2.32933900161675,-0.825945437593541,0.5066610392626276,3.6065007883259277,-1.5960047880755823,-1.6493390242206019
1.809675693511963,-0.0956885504185915,0.4357654906934945,-0.06811621454498329,2.180140655764191,2.212293081935996,0.001477742195228981,4.920329169648943,17.572260823742972,-3.4766446522176575,2.3346765264825824,-0.8153118943176135,0.5074409357414532,3.606468840236328,-1.5960248152362269,-1.649250332509176
1.8117039203643799,-0.09570233068442774,0.43577409510074117,-0.06812108444721765,2.180149460102342,2.212200851259517,0.0016022864245852537,4.444106578111814,17.56626700408777,-3.567047913667983,2.344333316174085,-0.8226761853829009,0.5014067277919467,3.6064464288898925,-1.5961197058307093,-1.649111572896139
1.8137319087982178,-0.09574441936915386,0.4357820891465853,-0.06812369807457742,2.180106488119294,2.2122006033489687,0.001659620486943549,4.52318984578648,17.647957702782378,-3.4112239801453987,2.342698471577785,-0.8176958439990241,0.5070409654205854,3.606457396144531,-1.5961640516864222,-1.649003807698385
1.8157579898834229,-0.09577510885919464,0.43576309844068817,-0.06813557134216192,2.180043392138599,2.2121996421062278,0.001660476812817014,4.87662823334502,17.3804723456833,-3.282360922830178,2.350092203954616,-0.8229967590481458,0.5075836790670684,3.606457396144531,-1.5961969534503382,-1.648942772542135
1.8177809715270996,-0.09581326297600508,0.4357642689406965,-0.06814333667091214,2.180033426586085,2.212173745573249,0.001726234292266535,4.633168075005902,17.663148766379127,-3.377995083320341,2.3547494865806464,-0.841298782563485,0.510424687306798,3.6064297395893554,-1.596241299306051,-1.6488187948810022
1.8198020458221436,-0.09582801571800094,0.43577808423843334,-0.06814390526396012,2.180014590784723,2.212129852359167,0.001831379895327092,5.076616261285535,17.675573336898367,-3.368818871744571,2.3606335226502337,-0.839109299950551,0.5060601969648817,3.6064249712177734,-1.5963171164142054,-1.6487234274493616
1.821822166442871,-0.0958626645181075,0.4357741329794234,-0.06815530391349063,2.1799886514666587,2.212061873881208,0.0018874085574033695,4.951730076787868,17.422336305107137,-3.3091437043204652,2.362163474970181,-0.8397285824069025,0.5119430637177879,3.606433077449463,-1.5963881651507776,-1.6485794226275843
1.823843002319336,-0.09590187545231699,0.4357509880949977,-0.06817326572066924,2.1798980511844275,2.212074643569841,0.001869231078331494,4.668984778734125,17.71051555315294,-3.2700419414545916,2.367615116405305,-0.8398054724476163,0.5106318561725169,3.6064368921467285,-1.5964201132403772,-1.6485183874713343
1.8258802890777588,-0.09593531238417283,0.43577541363527317,-0.06816224078150221,2.179931748980272,2.212049293825654,0.0020008984874128424,4.796768607012025,17.695247908639754,-3.39815208358114,2.3811897765935566,-0.8319880539373197,0.5155236661762784,3.60641257345166,-1.5964682737933558,-1.6483801046954554
1.8279001712799072,-0.0959698737914997,0.4357727807877443,-0.0681642808739699,2.1799361222318323,2.2119794818447325,0.0020784989701059424,4.698115493817894,17.95524130121477,-3.399412270884094,2.37226429827849,-0.8455602161571707,0.5085181675681819,3.60641257345166,-1.5965331236468714,-1.6482256094561976
1.8299200534820557,-0.09601230704389853,0.43575088457818256,-0.0681863756822225,2.179822285673527,2.212003877758571,0.002064161291251956,5.040594297341825,17.822110227671615,-3.3938276587601615,2.3693737736149063,-0.8521472849785398,0.5103580564872461,3.60641257345166,-1.5965727011310022,-1.648167912160055
1.8319432735443115,-0.09603950585328724,0.43575297387546824,-0.06818633168047851,2.1798448340265324,2.211933051092957,0.0021318537281572723,5.07926760124028,17.908001599696625,-3.537163735829455,2.381002021951022,-0.8534930233097211,0.512605062454222,3.6064163881489257,-1.5966246763812464,-1.6480291525470179
1.8339672088623047,-0.09607037336325452,0.4357727090815093,-0.0681881060692563,2.179851800033997,2.2119470066834093,0.0022310607031766332,5.183293452636353,18.019391222838667,-3.5820314652538783,2.381900790708725,-0.8531173076368331,0.5086705600061853,3.6063577371784667,-1.5966532866107386,-1.6479399839984339
1.835986852645874,-0.09609616842489828,0.43575379879517484,-0.06820132824085536,2.1798306452479466,2.2118569257251735,0.00230370804940286,5.256335856420823,17.829038059959966,-3.537642905776254,2.384074546198169,-0.8619325820279833,0.5150694767955415,3.6063381868549804,-1.596741024647848,-1.6477964560138147
1.8380060195922852,-0.0961356235856171,0.43577431168901226,-0.06819356111453244,2.1798161888067837,2.21185307841663,0.002394126500460168,5.21780679950994,17.92230971173687,-3.6085537004893657,2.391015014275835,-0.869228559415403,0.5101493708882672,3.6063529688068847,-1.596785847340719,-1.6476782003985804
1.8400261402130127,-0.0961590717042216,0.43576985191736306,-0.06820359326022585,2.1797736750281245,2.2118061080450637,0.0024542452193156653,5.222351230451245,17.86426644976412,-3.55439461264225,2.3974448119985965,-0.8642085006333395,0.5105672463510726,3.6063529688068847,-1.5968568960772913,-1.6475775877581995
1.8420460224151611,-0.09621346586989846,0.43575427872345185,-0.06821693457088657,2.1797238941933545,2.211825268197959,0.002431741559057663,5.105828880047432,17.951121322255123,-3.728271451537474,2.402864067998549,-0.8680823939329533,0.5173686775132715,3.6063529688068847,-1.5968611876117151,-1.6474817434894007
1.8440651893615723,-0.096255115007466,0.43574713738546944,-0.06823195457639891,2.1796631924809406,2.211831854321636,0.0024570161641121113,5.240245382971656,17.876870888376104,-3.5327271300803145,2.403224230282382,-0.8732735927192145,0.5191846285128676,3.606337233180664,-1.596898380910055,-1.647393051777975
1.846101999282837,-0.09625951714606629,0.4357527846826456,-0.06823116989569598,2.1796654772266946,2.2117126505261737,0.0025670965154895096,5.382667084055523,18.057684240689397,-3.6675396110120992,2.4038728737907213,-0.879390273244075,0.516579999810241,3.6063639360615234,-1.5970051924334925,-1.647259537373678
1.8481221199035645,-0.09630184032985838,0.4357647054596853,-0.06822707923686164,2.1796421432324795,2.211745572375047,0.0026260646251613064,5.272629774542068,17.79752407441978,-3.7383477436438772,2.4099944044313726,-0.881898734115968,0.5147727282570246,3.6063567835041503,-1.5970223585711878,-1.6471741835223597
1.850142002105713,-0.09632943912128236,0.43576597348166524,-0.0682386592181266,2.1795453537864002,2.211738791667628,0.0027635380732366974,5.306442925987929,18.242542174689397,-3.638990177442681,2.4073830460953847,-0.8778363840650035,0.5177127770552454,3.6063129144855957,-1.597132984791891,-1.6470816771136683
1.8521621227264404,-0.09636500213049633,0.43576561192939,-0.06824587634224161,2.179566661478544,2.2116741406488227,0.0028368243330670756,5.500574032250552,18.072758577557117,-3.5364738479755444,2.4131728242642643,-0.8791619653878088,0.513901816889173,3.606285734767578,-1.5971844832049769,-1.6469276587115687
1.8541839122772217,-0.0964063775378966,0.4357626844550666,-0.06825029581964953,2.1795403775968185,2.2116735923006146,0.002838938174993095,5.423275722928869,18.188349074180056,-3.6556709032638697,2.412182746599654,-0.8909722930848185,0.5137643851891026,3.606304808253906,-1.5971973578082483,-1.6468351523028772
1.8562030792236328,-0.09643518880476823,0.435752327546296,-0.06826127700123713,2.179545339011991,2.2115799133067506,0.0028836988618205638,5.546850296980771,18.169969628416094,-3.606913852926578,2.4189575297469617,-0.8852995462468798,0.5165361658308455,3.606308622951172,-1.5972612539874476,-1.646684471760885
1.8582220077514648,-0.09648339770709309,0.4357609203239704,-0.06826547142457602,2.179455929652338,2.2116603086392264,0.0029761855308241903,5.415027072172936,18.16347210347376,-3.6629937417691085,2.423673558519379,-0.8863571866861203,0.5133048254338045,3.6062614160725097,-1.597302261983053,-1.6466229597674769
1.860241413116455,-0.09651110710137503,0.43574851016465244,-0.06827584639288896,2.179408188932523,2.2116072973075798,0.003014552568695567,5.299825661129821,18.33712407482057,-3.616166911147297,2.4226193956371085,-0.8914914246909079,0.5136752066975571,3.6062771516987304,-1.5973699728595179,-1.646515194569723
1.8622612953186035,-0.09653790090578263,0.4357622566774676,-0.06827441513592485,2.179480088821305,2.2115583737094946,0.003048769789209232,5.394163065759003,17.835929600716067,-3.6397392071171293,2.433014638509203,-0.8954650621969102,0.5181869088840998,3.6062685686298828,-1.597370449696676,-1.646395508443014
1.8642799854278564,-0.09656640226116045,0.4357775663842844,-0.06827954889334237,2.1794194801275064,2.2115256771588694,0.003192163522932999,5.36599570210794,18.011144498760856,-3.6848587074908004,2.4331380846384403,-0.9060918947432812,0.5163216181684054,3.606252833003662,-1.5974777380572718,-1.6462724844561976
1.8662991523742676,-0.0965966728017698,0.4357485927561683,-0.06829636018980993,2.179342535544551,2.211468306681735,0.0032175851140549606,5.7127578075883845,18.08016687347209,-3.771985870727035,2.4319357257210354,-0.9042000842937079,0.5154466989791697,3.6062638002583007,-1.59755784669985,-1.6461647192584437
1.868319034576416,-0.09663453709362504,0.4357690609159591,-0.06830190872946769,2.1793774882655037,2.2114692506189004,0.0032598188240518015,5.485831167730373,18.12768723495642,-3.6495982673162137,2.4315041759654865,-0.9108688322593088,0.5180840986947066,3.606228991145752,-1.5975545088397425,-1.6460602919207972
1.870337963104248,-0.09666208474085676,0.43577519638229084,-0.06829992639833271,2.1793120507264048,2.211456408698164,0.0033729279495793136,5.594679139694881,18.306932394976904,-3.744169808219956,2.432223343174122,-0.9072386034780322,0.5162427179955187,3.6062328058430175,-1.5976412932025355,-1.6459649244891565
1.8723571300506592,-0.09671287172369711,0.4357449542053036,-0.06832482320647665,2.1792278964044987,2.2114427007704727,0.0033525858807448524,5.568480754344082,18.354183352495717,-3.733416128828817,2.4336816322421457,-0.9047355917997656,0.5170462898075098,3.606228991145752,-1.597682301198141,-1.6458571592914026
1.874387264251709,-0.09673026595940525,0.4357503963976141,-0.06831452310752147,2.1792680105981344,2.2113597493529418,0.0034743515864789775,5.600879088914803,18.27036416444088,-3.7043984561440473,2.4377446464741457,-0.9057687600594835,0.5152439004555542,3.6062208849140625,-1.5977543036090296,-1.645715061818258
1.8764362335205078,-0.09676489558950548,0.4357589224940078,-0.06833525764866673,2.1793026409617817,2.2113073520019917,0.0034491657026412656,5.35400360329966,18.357457115542307,-3.860142743921637,2.44420941562344,-0.9156396631397911,0.5110246061877074,3.606217070216797,-1.5977514425860804,-1.645594898854391
1.8784563541412354,-0.09680113772785869,0.4357693280957583,-0.06832639459931511,2.1792051852061296,2.211340489302393,0.0036391700437503564,5.670966750980216,18.277112264129414,-3.7568057024845634,2.446056338165272,-0.9120716644134622,0.5141027415987319,3.6061808305927734,-1.5978625456439417,-1.6454995314227503
1.8804762363433838,-0.09684578976690679,0.4357435863279053,-0.06834758653333999,2.1791225979314994,2.2113343933631016,0.0036082432356164414,5.56253593583973,18.296953697830062,-3.89223130705487,2.449551043980617,-0.9190045602853152,0.5142776256842002,3.6061927515217285,-1.5978944937335413,-1.6454137007342737
1.8824963569641113,-0.09688590136726657,0.4357375685766756,-0.06835245195589934,2.179119362456748,2.2112840949663912,0.00365325766097571,5.710730892564271,18.135855970025183,-3.6863431281422683,2.459082900458073,-0.9231285964982466,0.5143384702414339,3.606196566218994,-1.5979393164264124,-1.6452716032611292
1.8845157623291016,-0.09690210336942087,0.43573977044018736,-0.0683654305670975,2.1790996780092278,2.2112139690165526,0.0037521279304590827,5.752225685204925,18.328725948268275,-3.7301953866756596,2.4603468991067925,-0.9293467316546693,0.5149737312732223,3.606165571803711,-1.5980270544635218,-1.6451557318316858
1.8865361213684082,-0.09694265505549803,0.4357377604047162,-0.06836635600394435,2.179060371967368,2.211217158476596,0.0038258430059320897,5.555585641039468,18.327951761044112,-3.801545315857814,2.4686778825231395,-0.9312168522921006,0.5189817379083139,3.60614983617749,-1.598074738179342,-1.6450513044940394
1.8885560035705566,-0.0969640637120687,0.43575491144079415,-0.06836995597695295,2.1790644618855857,2.21114614086059,0.003898087663289627,5.635889738198173,18.493832823846457,-4.102356272743955,2.4717488948500472,-0.933679630303695,0.5144917445852234,3.606172724361084,-1.5981386343585413,-1.6449244658099573
1.8905751705169678,-0.09700747635442913,0.43574573064439576,-0.06837673197029145,2.1790154484222,2.211162711673495,0.003968174627827699,5.842354630704812,18.243348802102254,-3.955236385338459,2.4726394333854977,-0.9328877398514307,0.517063246609547,3.6061293321796875,-1.5981829802142542,-1.6448271910296839
1.8925938606262207,-0.09702935763485873,0.43573052112067423,-0.06838485450015974,2.1790076590637137,2.2110680579435615,0.003985877957435849,5.6556099275101035,18.43710391459002,-4.065934592619616,2.4737298365988347,-0.9234131430605333,0.5149685716995972,3.6061646181293945,-1.5982430616961878,-1.64470082918276
1.8946130275726318,-0.09706805476675966,0.4357520955662919,-0.06838279856230702,2.178972796371811,2.21110014130113,0.004056221842487112,5.6043418128301665,18.837042881227095,-4.2023099590821404,2.480739447900519,-0.9182401741687553,0.5143159448249803,3.6061646181293945,-1.59827167192568,-1.6446202437030237
1.896632194519043,-0.09710358406083727,0.43573901263510323,-0.06840548079324064,2.178909049694197,2.2110463947447636,0.004123013800303381,5.813772774991593,18.567669923046402,-4.06642399341211,2.4912630537627014,-0.9259201677515596,0.5164206580152138,3.6061364847370605,-1.5983598867999476,-1.6444886366473597
1.8986682891845703,-0.09713101606039333,0.43574284761836346,-0.06840224979750573,2.1789164392303957,2.211004088208904,0.004176719547148754,5.89476476796832,18.191728860922872,-4.010578358924308,2.4866842399585654,-0.9289811371825487,0.5140905969563819,3.606152220363281,-1.5983989874469202,-1.6443770567523401
1.9006879329681396,-0.0971618713765351,0.43575717861217045,-0.06839859562548126,2.178853794981988,2.2110194985559617,0.0043416888526499175,5.483363042279292,18.346502877812295,-3.991832504962904,2.4867957762840924,-0.9342189395031445,0.5198361051212831,3.6061088281818847,-1.5984910170184534,-1.6442816893206995
1.902707815170288,-0.09718631832846632,0.43576453605537935,-0.06840346483292098,2.1788717915763818,2.210962938621637,0.004402690011302279,5.507071376692688,18.560637417519274,-4.163414954941124,2.493310259760391,-0.9294758407239198,0.5123862679038742,3.6061007219501953,-1.5985353628741663,-1.6441620031939905
1.9047281742095947,-0.09724326273444535,0.43572775654910423,-0.06842615942967965,2.1787526932267127,2.2109741171100947,0.0043773798663842385,5.687980519481009,18.13702625757873,-3.8794655029832277,2.49073120039784,-0.9249729896920964,0.5153006077781007,3.6061088281818847,-1.598579231892721,-1.6440661589251917
1.9067482948303223,-0.09726471628823351,0.4357433771311538,-0.06842745523181859,2.178757606939328,2.2109346214795838,0.004472872113556232,5.627705320098442,18.375138587210728,-3.9396589576468184,2.4856349371021746,-0.9234309284372508,0.5144717887691876,3.6060921388813476,-1.5986359755145472,-1.6439583937274378
1.9087679386138916,-0.09729244974088501,0.4357270990347994,-0.06843449834635465,2.1787018335612993,2.2108656057547247,0.004529300697344817,5.420643914109112,18.505924856942222,-3.9779207285952585,2.4891280889694416,-0.9199331407516883,0.5138724975080661,3.6061197954365234,-1.5987237135516565,-1.6438348929034632
1.910789966583252,-0.09731852217140438,0.4357299765121809,-0.06844654127886053,2.1786903639059263,2.210832177376516,0.004600123254309643,5.748911775266415,18.493877669763545,-3.8256189909939318,2.4900373038978385,-0.917367460616638,0.5133925125692437,3.6060806947895507,-1.5987756888019007,-1.643731419240133
1.912808895111084,-0.09734956635288532,0.4357234297427089,-0.06845601558435752,2.178625601269597,2.2108223462347487,0.004662639180571757,5.873897106704841,18.348671075379162,-3.88962972062592,2.4894111527929836,-0.9298376761114686,0.5168435115347284,3.6060682970234375,-1.5988395849811,-1.6436451117144983
1.9148280620574951,-0.09736448003656409,0.4357467967759435,-0.06845695824720972,2.1786778205597215,2.2107410712238793,0.0047805784231828045,5.603486164582949,18.45890241633551,-3.9767618886770273,2.4889746028760187,-0.9257445237630386,0.5152460983990269,3.6060406404682617,-1.598903004323141,-1.6435068289386194
1.9168479442596436,-0.09740277083348853,0.43574205828998264,-0.068453081866862,2.1786782316116544,2.210715633738139,0.004842002520872111,5.473926166914985,18.613585096213765,-4.0912931385304185,2.4945340235929216,-0.915021706590783,0.5142993317034135,3.606036825770996,-1.5989397207843226,-1.643383804951803
1.918867826461792,-0.09742576050462066,0.43574924109562463,-0.06845807160470975,2.178614794396171,2.2107048675397523,0.004943252804556831,5.5050683934018885,18.768063128520556,-4.10543277035761,2.4921320068495856,-0.9184366817274094,0.5112235877978697,3.6060244280048828,-1.5990198294269007,-1.6433032194720667
1.9208881855010986,-0.09746457095675674,0.4357382911803857,-0.06847351841928857,2.178615571124121,2.2106402713837956,0.004956456426479075,5.611502659945922,18.561294856940783,-4.249852768452829,2.494931332906996,-0.9260999212008753,0.511691510105234,3.6060210901447753,-1.5990570227252405,-1.6431611219989222
1.9229071140289307,-0.0974884892429212,0.4357308465745678,-0.06848389215965432,2.178510706973913,2.210629873876209,0.005003600565503129,5.766394508304419,18.419605196915708,-4.261798476119094,2.5002083904975576,-0.922848757415976,0.5146758835417456,3.60604636251416,-1.5991361776935022,-1.643099610005514
1.9249260425567627,-0.09752676723109226,0.43574386431153295,-0.06848136756740902,2.1785433201069004,2.210589203042028,0.005113985936730261,5.452802781993908,18.675777755676208,-4.439880093697218,2.5050393071800405,-0.9254298792765511,0.5088043959534718,3.6060125070759277,-1.5991843382464808,-1.6429455916034144
1.926948070526123,-0.09755118550902495,0.43572892192890506,-0.06849464269169196,2.178464374869636,2.2105360444757056,0.005169614507807677,5.674435204943993,18.57556814520538,-4.372557225876291,2.5133344342595643,-0.9246500199363342,0.5083394642076171,3.606027289027832,-1.5992758909808558,-1.6428449789630335
1.928966999053955,-0.09757676855690275,0.43578154509401706,-0.06847556640223722,2.178479727295421,2.2106147332362385,0.005388836293337237,5.736248194694228,18.63827599358247,-4.529215354947253,2.5092413389079136,-0.933573717360739,0.5166385494044538,3.6059252458759765,-1.599316422139303,-1.642782990132467
1.930985927581787,-0.09762841350523158,0.43574175141368077,-0.06850206463417033,2.17842072955975,2.2105360800609537,0.0053454767166055475,5.738946109167139,18.769016840905344,-4.508801173222151,2.5105355563107796,-0.9303947595162944,0.5123525177477155,3.6059562402912597,-1.5993683973895472,-1.6426261107074183
1.9330050945281982,-0.09764096604765214,0.435749147802059,-0.06849752250296201,2.178461816146056,2.2104665956143044,0.005418182378822056,5.501017555748546,19.03271554679218,-4.539470512881738,2.515192556091069,-0.9337814723739695,0.5083087893218142,3.6059562402912597,-1.59941274324526,-1.6425178686725062
1.9350242614746094,-0.09767022128341808,0.4357529082222787,-0.06851162938699584,2.1783872966998854,2.2104628118735024,0.0055235409109483605,5.7401008996011935,18.72520179288115,-4.443669249579998,2.5223641350710273,-0.9400950134010464,0.5098844829997226,3.6059133249470214,-1.5994966665851038,-1.6424291769610804
1.9370431900024414,-0.09768847866659341,0.43573238647067036,-0.06851687602982819,2.178340921115615,2.210366926295365,0.005565150145692666,6.231725782419818,18.668865552378406,-4.196142967507933,2.518056402287328,-0.9522001877391291,0.5101955918844382,3.6059633928486328,-1.5995877424823206,-1.6423094908343714
1.9390621185302734,-0.09771915560171852,0.4357578560568677,-0.06852089332776931,2.178352856420685,2.2103629869528025,0.005660208099264148,6.198099255118318,18.8869748635545,-4.409986917398091,2.516992846906928,-0.9742474448948688,0.510466889463263,3.6059204775043945,-1.599621597920553,-1.6422064940081995
1.9410810470581055,-0.09777543456475625,0.43575089726715266,-0.06852318947420075,2.178341846845697,2.2103524690987078,0.0056721369706974455,6.151575544089014,18.455294082938202,-4.495830763501738,2.531293986942186,-0.9886468838638004,0.5138558093393306,3.605936213130615,-1.5996349493609827,-1.6420682112323206
1.9430999755859375,-0.09777559697106378,0.43575728796631763,-0.06852887050569441,2.178275930300527,2.2102970548857934,0.0058594777119816525,6.436833348866582,18.515613994811694,-4.273768532112163,2.5252267195721356,-0.9989222455156516,0.5109755145570412,3.6058856683918457,-1.5997770468341272,-1.6419833342181605
1.945119857788086,-0.09783675939654955,0.43572058914606693,-0.06855371676329901,2.178198256475342,2.210289801661232,0.005780753223433914,6.549104367220689,18.610518825747505,-4.313326435932584,2.5269511511494356,-1.007259307321502,0.509865034844414,3.605911894435547,-1.599786106740133,-1.641871754323141
1.947139024734497,-0.09784611958866321,0.4357290912113905,-0.06855302061721442,2.178189380569099,2.2102040415334856,0.005920265632641225,6.738491678621568,18.66739428296262,-4.405365351391956,2.526413472392858,-1.012680173595314,0.5110446784355417,3.6059037882038574,-1.5998933951007288,-1.6417468229876917
1.949157953262329,-0.09786538705584422,0.43574448631850443,-0.06855037418781162,2.178184750642615,2.210208557359192,0.006036630671172247,6.815794571027474,18.834903601097842,-4.461205187793641,2.5292646060833652,-1.0215514043644836,0.5110023602425183,3.605853243465088,-1.5999410788165491,-1.641674820576803
1.951195478439331,-0.09789551479649759,0.4357550858432052,-0.06855834178234319,2.1781021962811686,2.210214392802364,0.006117302990736761,6.70423947176887,18.507239380024004,-4.361091615353125,2.5329449861297695,-1.039482911911097,0.5114335078432569,3.6058565813251953,-1.600013558064596,-1.6415980497943323
1.9532148838043213,-0.0979313718327194,0.4357297918096343,-0.06857517634047164,2.1780610141006216,2.210149538630513,0.006122551350141446,7.009997394555065,18.44565894264588,-4.3151417399782215,2.531300981792407,-1.0388511339415842,0.5087413641403778,3.6058685022541503,-1.600069824849264,-1.6414716879474085
1.9552340507507324,-0.09796416473823367,0.4357311356930315,-0.06857630193850138,2.17802554703765,2.2101420148097795,0.006195809796039723,7.250181300635115,18.738479911582605,-4.377843733515209,2.5318795261165956,-1.0386591087583397,0.5089366071835055,3.605860396022461,-1.60012132326235,-1.6413758436786097
1.9572532176971436,-0.09798407708880702,0.4357394020986627,-0.06858092581465404,2.1780200414225495,2.210102852189699,0.006268927544259448,7.176571945115661,18.670300712991505,-4.475757941164736,2.538210450092214,-1.050173505227672,0.5074936446893414,3.6058479982563476,-1.6001742521869105,-1.6412799994098108
1.9592721462249756,-0.09802191576143501,0.4357550252527017,-0.06858531078392598,2.177957431795336,2.2101174070771754,0.0064035423974198105,7.220520948161822,18.684736703565967,-4.481259308283219,2.5364222711199433,-1.0597838843996337,0.5140811496243465,3.6058084207722167,-1.6002538839923304,-1.6411755720721644
1.9612910747528076,-0.09803901291040049,0.4357443905846829,-0.06858562543490568,2.177944305212718,2.210016435800171,0.006472791268181652,7.278216000610124,18.4747474224609,-4.381961381886052,2.5475577550824875,-1.0672778943494696,0.5151196835611388,3.605843706721924,-1.6003416220294397,-1.6410420576678675
1.9633100032806396,-0.09808729979795751,0.43575017554232737,-0.0685892833050586,2.1779353060765487,2.2100375336189644,0.006532416059517185,7.378981474049603,18.959365961396205,-4.618821139641645,2.5541339420144458,-1.0590105114217987,0.5099739677908188,3.6058050829121093,-1.6003578344928187,-1.640932861958639
1.96533203125,-0.09810128750146818,0.4357389142029468,-0.06860955468695061,2.177883479673139,2.2099798681024425,0.006587487458538088,6.969074964109422,18.91492145382657,-4.747177062380283,2.555228830707751,-1.066314906569313,0.520830060574786,3.605781241054199,-1.6004379431353968,-1.6408489386187952
1.967350959777832,-0.0981391387041502,0.4357451319900272,-0.06861987128108937,2.177854937811873,2.2099607469891436,0.006666608019810511,7.2366578066164635,18.502025683013496,-4.642517590453392,2.571476296585756,-1.062771772332052,0.5120142736424589,3.605753107661865,-1.6004942099200647,-1.6407292524920862
1.969369888305664,-0.0981523411199102,0.43574247795960197,-0.0686153534729301,2.177825118563932,2.209877371078722,0.006782234005188736,7.399553848100908,18.93518203068131,-4.932775726737628,2.5749822901946744,-1.0689480240879528,0.5095424609855594,3.605776472682617,-1.6006010214435022,-1.6406076590167444
1.9713928699493408,-0.0982040943183737,0.4357475417317579,-0.06861607293170754,2.1777630092253366,2.209950924281553,0.006843551483031174,7.22594270177223,18.618541192499322,-4.777593357340622,2.5816201002160724,-1.0761619768575645,0.5155781145437294,3.6057450014301757,-1.6006181875811976,-1.6405380407916468
1.9734117984771729,-0.09823472575526586,0.435730724846873,-0.06863438458177148,2.1777723441741763,2.2098567633120703,0.006845446054777541,7.348517393784045,18.556800825158806,-4.8118083499044095,2.5820926922827314,-1.0756646802819465,0.5117086901560365,3.605748339290283,-1.6006620565997522,-1.6403940359698694
1.975430965423584,-0.0982395862080263,0.43575332130078787,-0.06863352335014518,2.177796950836041,2.209783735882689,0.0069683961662904415,7.3178117650903225,18.851308731764615,-4.93710344427937,2.584722500691287,-1.0791807313919826,0.5177588695088172,3.6057330805012207,-1.6007383505450647,-1.6402877012835901
1.9774644374847412,-0.09830177377306051,0.43572940121171067,-0.06864336624226255,2.1776827322663714,2.209813620745285,0.007003932881619089,7.151217879022802,18.806033253905,-4.963848935369785,2.583102030290684,-1.0756296392715223,0.5134888380066389,3.605736418361328,-1.6007946173297327,-1.6401765982257288
1.9795269966125488,-0.09831989043900022,0.4357396364947223,-0.06865043217047785,2.1776490957352124,2.209808018088055,0.00706172032912962,6.823956155993234,18.815070247791798,-4.918166147628668,2.5811040500558664,-1.0673620252773084,0.5145545980979015,3.605724497432373,-1.6008384863482874,-1.640118424092428
1.9815669059753418,-0.0983700657424059,0.4357368249105125,-0.06866162477573161,2.1775732375439016,2.209744287018726,0.007218574861475631,6.940649865106924,18.796221402403155,-4.781787808819032,2.586200978710613,-1.0608402108744721,0.5167391278855831,3.6057039934345703,-1.6009748617755335,-1.6399224440204065
1.9835882186889648,-0.09841377751970093,0.4357293537166895,-0.06868172961611399,2.177549651863261,2.2097057095266526,0.007230904795966536,7.005842882582163,18.755686151384364,-4.799234295636189,2.5777703200225246,-1.067857194996357,0.5168742763173154,3.605692072505615,-1.6010106245623987,-1.639792267476217
1.9856078624725342,-0.09843742029365052,0.4357145582433147,-0.0686929863105064,2.1774810871895136,2.2096594486880408,0.007291183417118427,6.8336130868273575,18.755107637877373,-4.733149035129292,2.585263851748001,-1.0557803989682852,0.5168869885525811,3.605695887202881,-1.6010950247394007,-1.6396964232074183
1.9876272678375244,-0.09846200275735345,0.43574340375188614,-0.06869097219605227,2.177471801917502,2.2096573974017106,0.007414864791209369,6.607537133549059,19.33835809810931,-5.037445591982929,2.5843552404189536,-1.04596027036821,0.5165831908878892,3.605668230647705,-1.6011512915240687,-1.6396039167987269
1.9896481037139893,-0.09849130579198134,0.43573149944969936,-0.06869591511768341,2.177444702440761,2.2095995735202316,0.0074738228097009215,6.582949744587807,18.91712810266393,-4.894507304712598,2.5969987909228207,-1.0460483284119226,0.5090580513586617,3.605675383205078,-1.6012190024005335,-1.6394808928119105
1.9916691780090332,-0.0985260969887825,0.43574073921984446,-0.06871308245174514,2.177409258792854,2.209572008298984,0.007524193861691519,6.649444632578142,18.908566224787066,-4.700639237108563,2.599602911990278,-1.045085838609941,0.5149142813012371,3.605663462276123,-1.6012714544879358,-1.639369312916891
1.9936914443969727,-0.09855374572935668,0.43573028717837803,-0.06871703776403824,2.1773909805803977,2.2095297268187686,0.007613155424289028,6.811522759935522,18.910114684462147,-4.5698458345405415,2.6052624782356313,-1.0343275214130971,0.5183427986131708,3.6056319910236816,-1.6013391653644007,-1.6392534414874476
1.9957153797149658,-0.09859657282466722,0.43573663306954874,-0.0687235445048735,2.1773669621137075,2.2095312927726662,0.007677790945073801,6.597469698973319,19.447313364715964,-4.720904899292465,2.603254482572728,-1.0349440241171326,0.5234220642394218,3.6056081491657714,-1.6013758818255823,-1.639141861592428
1.9977359771728516,-0.09862936873444368,0.4357315473551457,-0.06873159428237677,2.1773064535907656,2.2095398520529086,0.00774147874588696,6.461689985664079,18.935819692788805,-4.640765101348247,2.610462520246589,-1.0350870187283188,0.5240215652009949,3.605583830470703,-1.6014283339129847,-1.6390650908099573
1.999756097793579,-0.09864686364914467,0.43575250254965797,-0.06873045500088715,2.17731836806425,2.209489447748852,0.007874685419414565,6.2883251872534185,18.838142526718197,-4.47472997406204,2.612835328061643,-1.0305924216226119,0.5188686976380268,3.6055561739155273,-1.6015031973468226,-1.638946835194723
2.001775026321411,-0.09868485811790331,0.43572491896324067,-0.06875296696143908,2.1772138788308713,2.2094696534529104,0.007857204469567136,6.267884335625556,19.091885753891525,-4.637641476447582,2.617489912694535,-1.0234716860066537,0.5191648747188582,3.605579062099121,-1.6015594641314905,-1.638864819203512
2.0038185119628906,-0.09871488964653984,0.43571464413500277,-0.06877147617142489,2.1772355235707708,2.209384235954701,0.007887634123381082,6.234784240290405,18.945286011142908,-4.723840742833077,2.6225152918549934,-1.0249298270724412,0.5206969855021322,3.6055518823811035,-1.6016042868243616,-1.63871938387026
2.0058388710021973,-0.0987510033804361,0.43572413803521914,-0.06876919104161723,2.177148194822529,2.20941370943803,0.008038074934611434,6.264051226135721,19.103761924540045,-4.331467529465635,2.6059589217184302,-1.0254725785276266,0.5200724717359025,3.605519934291504,-1.6016958395587366,-1.6386306921588343
2.0078580379486084,-0.098776738599607,0.4357325106417779,-0.06876925344899723,2.1771632894824338,2.2093953089005423,0.008087398974161527,6.165578839749081,18.837931028858936,-4.358832969178822,2.606914729784974,-1.020640395270319,0.5234033219390781,3.605508490199707,-1.6017168203936976,-1.6385415236102503
2.0098800659179688,-0.0987932399602791,0.4357175189813229,-0.06878705104077829,2.177103555096699,2.2092787280374444,0.008171446168945813,6.108847491326312,18.93017347986092,-4.24382396904912,2.6068119589096637,-1.0062904678715612,0.5244831919637537,3.6055232721516113,-1.6018436590777796,-1.6383994261371058
2.01189923286438,-0.09883826710803811,0.4357409802516969,-0.06878574934747227,2.1770882289677824,2.2093242437663174,0.00826255321081457,6.008841028326374,18.838395325384802,-4.264139719516248,2.607783497416029,-0.9937619449921186,0.515973729598565,3.6054841715046386,-1.6018636862384241,-1.6383073965655726
2.013917922973633,-0.09885257668935682,0.4357157069212867,-0.06880028347623024,2.177014118603096,2.2092450574333657,0.0083281092038151,5.917379213439964,19.17839985410495,-4.358906639114426,2.5982915120454146,-0.9894096728000925,0.5200116585226274,3.6054879862019042,-1.6019709745990198,-1.638207737599508
2.015937089920044,-0.09889720243354322,0.4357436808265563,-0.06880113107421179,2.1769946763827686,2.209293887593201,0.00840457201065135,5.647753704379011,18.874722453681738,-4.173464009263716,2.600738415066092,-1.0022620279392707,0.5188891175391442,3.6054598528095703,-1.601985279713766,-1.638122860585348
2.017956018447876,-0.09891569201875353,0.43571573307132483,-0.06881864529813149,2.1769956510492396,2.2091619169667185,0.00844971599151234,6.123055576951652,18.79481722503345,-4.041740115292175,2.6007953954338583,-0.9993720540839991,0.5236301847207141,3.605451746577881,-1.6020720640765589,-1.6379683653460901
2.019974946975708,-0.0989579190027166,0.435721615956834,-0.06883268435509476,2.176895481605394,2.209207414091323,0.008494044576614559,6.334990752855286,18.802221790908888,-3.750591483103881,2.605566240752002,-0.9997309385420692,0.5178582331121282,3.6054436403461914,-1.6021173636065882,-1.6379073301898401
2.021994113922119,-0.09896910384194381,0.43575609214794697,-0.06882021820914404,2.1769329842053686,2.209136050780445,0.00868068783105315,6.095730668196815,18.90583060175124,-3.818059926378444,2.6026238948777967,-0.9967206357474394,0.5251573632344809,3.605424090022705,-1.6022122542010706,-1.637768570576803
2.0240259170532227,-0.09899743107313035,0.4357292869235173,-0.06883707331022795,2.1768919226560333,2.20906732765032,0.008689722754155265,5.949433501590914,18.678402272264645,-3.898187386585889,2.6128894036393593,-0.9868927084748725,0.5194491047103316,3.6054317194172363,-1.6022723356830042,-1.6376555601703089
2.0260672569274902,-0.0990260863601296,0.4357257933092957,-0.06885044534699912,2.1768196088931786,2.209056489453968,0.008750342323365731,5.725950317454505,18.68038134119273,-3.7959290562560506,2.6153271747886864,-0.9817463411546158,0.5266266070695854,3.605419798488281,-1.602340046559469,-1.6375749746905726
2.028085947036743,-0.09905711492562247,0.43571812871288795,-0.06885931307797451,2.1767985733542687,2.2090107114058863,0.00882388607193883,5.909186917438718,18.86587220674633,-3.889691578823769,2.612443254525492,-0.9771082746921497,0.5215094570059802,3.605395479793213,-1.6024044195758265,-1.6374524275409144
2.0301051139831543,-0.09907826522821399,0.43570622364821204,-0.0688717260796378,2.1767742597501343,2.2089465637729453,0.008877123990802654,5.981769732914486,18.73128007513404,-3.78967228524282,2.614069463450463,-0.9771576148272159,0.5231990682483121,3.6053835588642578,-1.6024721304522913,-1.6373441855060022
2.0321240425109863,-0.09911060482779586,0.4357247820594997,-0.06887579385138864,2.176822653503446,2.2088935854874396,0.00894628885409886,5.815139934305054,18.8510462990642,-3.961456190466362,2.6182607839995073,-0.9793525578713136,0.5243008723678187,3.6053640085407714,-1.6025016943561,-1.6372020880328577
2.0341429710388184,-0.09914779803223295,0.43569580115089757,-0.06889958057286436,2.1767308266322423,2.208846896065151,0.008995035705397324,5.731189165604029,19.205950861138824,-3.8274702924812956,2.6113952121242927,-0.9751374765605293,0.5246830434758728,3.6053435045429687,-1.602593247090475,-1.6370824019061487
2.036166191101074,-0.09917581836096802,0.43572149016769124,-0.06888743018794938,2.1766687787853214,2.208885916085968,0.009167930708169816,5.707545607903875,19.001640504480537,-3.9531316908084086,2.6203305504236867,-0.9719545136774962,0.5271012571388036,3.605315847987793,-1.6026762167560022,-1.6370089689837855
2.0381853580474854,-0.09919734825603345,0.43571799217671736,-0.06889779262606101,2.176685469947213,2.208796673026414,0.009187151366871817,5.733335571452392,18.964105720667533,-3.8696882516926094,2.6239737675825388,-0.9685826138832312,0.5264893104551085,3.6053358751484375,-1.6027210394488733,-1.6368826071368616
2.040227174758911,-0.099242734852415,0.43572307454945164,-0.0689011747447956,2.176632605186409,2.208838035591894,0.009256400492017756,5.667585054184228,19.1779777801486,-3.99443499896324,2.622918858212222,-0.9666800098678217,0.529656114121515,3.6053077417561035,-1.6027539412127894,-1.636799160634176
2.042248010635376,-0.09927071515147655,0.4357505579201612,-0.06889665406289294,2.176629453187017,2.2087935355169614,0.00940010628822876,5.525735317823191,19.112115775414697,-3.992567274088695,2.62545445527746,-0.9660350392382699,0.5276220467819721,3.605303927058838,-1.602837387715475,-1.6366599241839808
2.04426908493042,-0.09929488433902774,0.43572430284739977,-0.06891489406208638,2.176585321010568,2.2087270213751675,0.00941887503937717,5.616587675287716,19.125096042115196,-3.982447699766958,2.6286028120519918,-0.9650140693394136,0.5289676426446516,3.605299635524414,-1.6029022375689905,-1.6365559736834925
2.046288251876831,-0.0993241963891903,0.43571046759078774,-0.06893209323304623,2.1765092827177135,2.208694285426886,0.009474716002457254,5.995427970586229,18.62995856632959,-3.907205200459763,2.638874339156696,-0.9706379356524715,0.5269854139236402,3.6052872377583007,-1.6029813925372522,-1.6364596525775355
2.048306941986084,-0.09934763018831885,0.4357368707816608,-0.06892877404591959,2.1765153518008113,2.2086741789528346,0.009566459109577957,5.797925528761688,19.06593272864944,-3.898448855084928,2.6286182760970465,-0.976371138894387,0.5268579471621908,3.6052872377583007,-1.6030257383929651,-1.636362377797262
2.050326108932495,-0.0993812298446679,0.43572465169558794,-0.06894000118150755,2.176486225467708,2.208617621970891,0.009643949482527867,5.56699068559376,19.04659639423877,-3.951273153399377,2.6393779931674786,-0.9699006269625736,0.5298747567699896,3.6052633959003906,-1.6031015555011194,-1.636226002370016
2.052345037460327,-0.099407155795308,0.4357012522344881,-0.06894993481418245,2.1764291568448377,2.2085661332619164,0.00967391483508796,5.4506638519062065,19.156854691730654,-3.9309576911534108,2.6384528148149435,-0.9657151006008198,0.5286248854690834,3.6052791315266113,-1.6031697432147425,-1.6361282507525843
2.054368019104004,-0.09943115844966402,0.4357090090294449,-0.06895985790317694,2.1763559852669503,2.2085634520665884,0.009779563829130256,5.512524670252458,18.818809639025,-3.8227679665233745,2.6362681949635256,-0.9746692790909351,0.5275808593851762,3.6052514749714355,-1.6032527128802698,-1.6360519568072718
2.056403398513794,-0.09947008093745999,0.4357122341126105,-0.0689602921706994,2.1763161520674097,2.208556636936005,0.00989869786646946,5.695955911844321,18.969144361715347,-3.833520596280985,2.6376560504228617,-0.969959185297326,0.5241555002088877,3.605220003718994,-1.6033251921283167,-1.6359313170062464
2.0584230422973633,-0.09951045984570395,0.43570883790745474,-0.06896981709156769,2.1763097719293576,2.208511881501968,0.009908186573553447,5.917483202210356,19.031632854493797,-3.8237111205569008,2.643064373873158,-0.9585354193336936,0.5288899678537398,3.6052395540424804,-1.6033538023578089,-1.6358020941363733
2.0604419708251953,-0.09950774622916281,0.4357317227328076,-0.06896906149837546,2.1763220051784784,2.208442151326578,0.010075081674860759,5.906250441708675,19.31170672557855,-3.9561733907724035,2.6358503293257436,-0.9674035420452305,0.5285593833049474,3.6051956850239257,-1.6034539381610315,-1.6357062498675745
2.0624611377716064,-0.09956249362453852,0.4356955619484288,-0.06899602459011547,2.1762034711946723,2.2084583520555725,0.010028970114977121,5.776262495774296,19.235101312259086,-3.980316448611949,2.634362591350244,-0.97396562350055,0.5305194798786221,3.605203314418457,-1.6034858862506312,-1.6356242338763636
2.0644800662994385,-0.09959311558726283,0.43571424452449303,-0.06898726855536745,2.1762283079807867,2.2084262695766728,0.010158291666610466,5.513621893822349,19.154003542298497,-4.228730008348298,2.6476431352621046,-0.9685123161779166,0.5301685804005596,3.605179472560547,-1.6035421530352991,-1.6354902426349085
2.0664989948272705,-0.09961926835637337,0.43570856845364947,-0.06899582391984974,2.1761666602453285,2.208426408640873,0.01025671541455107,5.411274322347824,19.29992566572189,-4.351507908840748,2.6557530353169634,-0.9573013650761086,0.527048325253903,3.6051322656818847,-1.603614632283346,-1.6354134718524378
2.0685179233551025,-0.09964165548387272,0.43572491484231596,-0.06899995986221949,2.176146759639554,2.2083897433670185,0.010350547483736514,5.364281796119282,19.16900862032275,-4.1698563868266705,2.6552602351585413,-0.9692065524267462,0.5318694271760963,3.605128450984619,-1.6036823431598108,-1.6353095213519495
2.0705370903015137,-0.09967081221984792,0.4357118435181785,-0.06900977756477523,2.176135356655262,2.2083297840142095,0.010398937338340845,6.117418404705654,19.046304643649464,-3.9707514675222364,2.6600929028052915,-0.9600390756010517,0.5305971834133678,3.605116530055664,-1.6037386099444788,-1.635186020527975
2.0725598335266113,-0.09971710489918696,0.43571808929021655,-0.06901946313662317,2.1760619277684112,2.2083526684690225,0.010445882099155791,5.788227204292589,19.46540463946226,-4.1524203671684035,2.6616049896440783,-0.9655348856722431,0.5337373344547917,3.6051203447529296,-1.6037824789630335,-1.6350939909564417
2.0745790004730225,-0.09974279159010228,0.4357109121159711,-0.06902512966186115,2.1760114657110976,2.208318662113538,0.01048696992190285,5.56845614208575,19.3723359558273,-4.351714228696096,2.6742844196254048,-0.9553525510954174,0.5289890215642327,3.6051432329365234,-1.603842560444967,-1.6350048224078577
2.0765979290008545,-0.09979958533588577,0.4356905735712136,-0.06904627192064805,2.1759517385593914,2.2083285294633836,0.010480680251204225,5.543638342676722,19.263901035461352,-4.330106233913361,2.686975353921131,-0.9538471793931984,0.5278335365060842,3.6051193910786132,-1.603863541279928,-1.6348937193499964
2.0786170959472656,-0.09980533426429637,0.4357072532483971,-0.06904003858844106,2.175926882148743,2.2082475649100353,0.010679489025742662,5.585088421156792,19.630233528209274,-4.301880120039568,2.681010045242236,-0.9519016172535667,0.529685156422918,3.6051036554523925,-1.604001824055807,-1.6347668806659144
2.0806362628936768,-0.09984387181636153,0.4356943811285388,-0.06905661715434,2.175912218377374,2.2082072652768394,0.0107036927242726,5.4750630164557945,19.485154238053052,-4.35190455402605,2.684373179854628,-0.9496291712823316,0.5324265144309287,3.605079336757324,-1.6040390173541468,-1.634643856679098
2.082655906677246,-0.09986065827078161,0.43571849201400825,-0.06904964686922413,2.1759416260305544,2.20816246127175,0.010763754319919484,5.383039227433624,19.55607752414415,-4.360442180880007,2.689456581845429,-0.9457731310133174,0.5336649015485907,3.6051108080097656,-1.6040709654437464,-1.6345480124102991
2.0846760272979736,-0.09990067010168223,0.43569396451215664,-0.06907065128909855,2.1758683253562783,2.208123342992487,0.010799206231507746,5.448819271711605,19.476339363641845,-4.501734381788336,2.6966239120000064,-0.9429652246334069,0.5303665349052012,3.605095549220703,-1.604142967854635,-1.6344283262835901
2.086695909500122,-0.09992664977380561,0.43570089793535255,-0.06907962459422745,2.17582368168783,2.20809980847759,0.01091803457402924,5.3755891785217775,19.547317047097234,-4.262370209679941,2.6917049847941525,-0.943046919096961,0.5304702382153285,3.605055494899414,-1.604227368031637,-1.6343243757831019
2.0887181758880615,-0.0999662363376449,0.4357195740046564,-0.06906274009938956,2.1758514078036577,2.2080838284165005,0.010987516026999173,5.501705952490644,19.440887776055575,-4.402425613462776,2.6933439901793315,-0.9412824072253927,0.537603814173084,3.605090304011963,-1.6042478720294397,-1.6341975370990198
2.0907371044158936,-0.09999950919502981,0.4356987507757791,-0.06908914776437718,2.175784904337611,2.208061563675073,0.011023864809779649,5.471415804166391,19.39342423666061,-4.3608157777723395,2.697774450327953,-0.9424739787856425,0.5304968742716064,3.6050397592731933,-1.6043084303485315,-1.6341050306903284
2.0927560329437256,-0.10001348097385135,0.43570510300521975,-0.06909135458004731,2.1757352929473264,2.2080053794784527,0.011167578784865113,5.320364566764874,19.588604271562687,-4.321688951508365,2.6953689585374465,-0.9467094253533923,0.5322506315530442,3.6050278383442382,-1.6044233481036585,-1.6339972654925745
2.0947749614715576,-0.10004253332900517,0.4357124209567942,-0.06909335204922218,2.1757585768033625,2.207994765114663,0.01123432089879938,5.4375430184042735,19.485091527034033,-4.312493470551307,2.692139729424512,-0.9405141883447066,0.5351128292607528,3.6049844461628417,-1.604443375264303,-1.6339014212237757
2.0967938899993896,-0.10008421553843246,0.4356986027307829,-0.06911355594399111,2.1757562133419555,2.2078886870628227,0.011247496132977026,5.3488650645907105,19.520701934204403,-4.345180607286417,2.6979790852202163,-0.9341698316774927,0.5331837374748205,3.60500351964917,-1.6045034567462366,-1.6337206999408167
2.09881329536438,-0.10011102958212659,0.43569277900813985,-0.06911622974456474,2.175599637359513,2.2079399638751673,0.011338364712740022,5.0652607857449325,19.58412477196839,-4.169559710302941,2.706655113280888,-0.9225138423172602,0.5322147940693019,3.6050144869038085,-1.6045954863177698,-1.6336963812457483
2.100831985473633,-0.10013709212971408,0.4356923257673668,-0.06912448787409566,2.1756541404831964,2.2078449319468927,0.011387758517969394,4.966242522137526,19.586652600944316,-4.170032136505461,2.7108662292556636,-0.9243332027349191,0.5392276920270033,3.604999228114746,-1.604636017476217,-1.6335423628436487
2.102854013442993,-0.10015251296706548,0.4357344749518266,-0.06911507601643412,2.175644341456937,2.2078681988796585,0.011606033807405927,5.361941975593443,19.495238078741135,-4.133302031113264,2.710814432575242,-0.9244394855706036,0.5336825980996933,3.604917212123535,-1.6047199408160608,-1.633465592061178
2.104872941970825,-0.10019675542513498,0.43570114949901717,-0.06913650312541594,2.175590851304617,2.207793156677669,0.011574949373829583,5.506669585764199,19.370115940978046,-4.030770641397082,2.716367631732791,-0.9267151750845046,0.5374842338016307,3.6049553590961914,-1.604771916066305,-1.6333234945880335
2.1068921089172363,-0.10021895091560801,0.43569791511382755,-0.06914119725558643,2.1755723873242085,2.2077335151605566,0.01162379724063479,5.0491322669806635,19.83716611903547,-4.125284151074452,2.714589368538298,-0.935713158523675,0.5371090755907397,3.604975386256836,-1.6048319975482386,-1.6332157293902796
2.1089231967926025,-0.10024168849878215,0.4356884395838832,-0.06915855689336915,2.175515866389025,2.207686836689013,0.011669132856906465,5.227689509828203,19.901541636630288,-4.300428009015909,2.7239922389510545,-0.929709648804299,0.5373314290236744,3.6049701410480957,-1.6049039999591272,-1.6331232229815882
2.1109418869018555,-0.10027296215311994,0.43570436632159715,-0.06916055743207379,2.175459564800741,2.2076989191317478,0.011807134135260895,5.342868293186922,19.774567985593794,-4.2107430094280325,2.723585743912688,-0.9226570349615946,0.5357394945916709,3.604931517238281,-1.6049836317645472,-1.6330307165728968
2.1129610538482666,-0.10031052817423539,0.43569703628110623,-0.06916717412098317,2.1754200957335406,2.207668265608228,0.011866219164447923,5.174663532105492,19.827877602718885,-4.391124093761149,2.7247722132185643,-0.920461314497936,0.5379057835871609,3.604931517238281,-1.6050432364093226,-1.6329110304461878
2.1149802207946777,-0.1003383038857544,0.435689303413949,-0.06917318102955182,2.1754408244535557,2.207607307152979,0.01191703161097709,5.013143093752394,19.548537500149646,-4.407107118978667,2.7319022016479346,-0.9204471488167388,0.5406283223654156,3.6049114900776367,-1.605084244404928,-1.632784668599264
2.1169989109039307,-0.10036241448641539,0.43571274581011554,-0.06916845373863496,2.1754415224844466,2.2075613257971898,0.012054834527193584,5.252946332522152,19.794110935977997,-4.230835248929953,2.7275873824016745,-0.9212130020359176,0.5419446996376277,3.6049043375202636,-1.6051643530475062,-1.6326549688922327
2.11902117729187,-0.100403763776048,0.4357035811896793,-0.06918192541290907,2.175396189099339,2.2075653388195495,0.012057924590818671,5.199465129858734,19.501186517668952,-4.135680625959868,2.7281508164896064,-0.9321206869949337,0.5412174705630709,3.6048995691486816,-1.605185333882467,-1.6325691382037562
2.121039867401123,-0.10041730729156544,0.43569214649081855,-0.06919752334693985,2.175311205570546,2.2075238436580755,0.012156865213770497,5.401530494012987,19.400820478857455,-4.229546861886776,2.7361572965601018,-0.9270579244114241,0.5454463569703817,3.6048714357563476,-1.6052926222430628,-1.6324918905841272
2.123059034347534,-0.10044678436369427,0.43568600062509333,-0.06920711982511633,2.1752818490130856,2.207485626603136,0.012199969438909459,5.313440140011857,19.858618466092906,-4.439175667345345,2.7406884039119737,-0.9248339005832424,0.5517854523459835,3.604870482082031,-1.605344597493307,-1.6323874632464808
2.125077962875366,-0.10048953942459908,0.43567633106280523,-0.06922094062558425,2.1752112940872075,2.2074846914353206,0.01225854196858503,5.131621629638537,19.8104916702629,-4.391885053957735,2.7330023269835744,-0.9313302932976311,0.5439138520459855,3.6048475938984375,-1.6054046789752405,-1.6322835127459925
2.1270971298217773,-0.10050515723160851,0.43568521013264466,-0.06922035439259717,2.1752354803668044,2.2073928726630094,0.012375362886612127,5.16284239272109,19.543747236962172,-4.291792855481809,2.737658274307649,-0.9291912156891164,0.5499434859379846,3.604839487666748,-1.605488125477926,-1.632141415272848
2.129117250442505,-0.10054353772647376,0.43569385266357097,-0.06921579205558341,2.175219591340935,2.207392723724502,0.012429697052392106,5.222351956585126,20.048753103239182,-4.383095480067855,2.7454665231726416,-0.9187162890292961,0.5446143726054309,3.6048552232929687,-1.6055172125445765,-1.6320403257953089
2.131135940551758,-0.1005728406615159,0.43567984774108065,-0.06923631491673168,2.175214500013224,2.2073074265880703,0.012481434751279155,5.104997619505577,20.184770501966785,-4.574317272598239,2.7420026602364747,-0.9295370982787027,0.5445461986978353,3.604823275203369,-1.6055849234210413,-1.631894890462057
2.133155107498169,-0.10059876065794397,0.43570369400854886,-0.06922515658397344,2.17514655902912,2.2073488755837167,0.012624247557859477,5.292228934550224,19.87569987284755,-4.38816404935059,2.7341796182525315,-0.925622530157402,0.5480641197335727,3.6048151689716796,-1.6056574026690882,-1.6318371931659144
2.135173797607422,-0.1006434945679978,0.43569253327331187,-0.06924349465598156,2.1750938238253776,2.2073315408099337,0.012647508473352165,5.083471717766173,20.109387700233714,-4.311124088251657,2.7422378458642234,-0.9177534565488924,0.5500308054010311,3.6048032480427246,-1.605701748524801,-1.6317227522479456
2.137192964553833,-0.10065457938154544,0.43568261612272496,-0.06925177858400078,2.175072408161848,2.2072259857167436,0.012754258498881949,5.018183430415199,20.22485410274338,-4.565172413406935,2.7568238817427546,-0.9123449817430067,0.5472959600419747,3.6047960954853515,-1.6058123747455042,-1.6315906683551233
2.139212131500244,-0.10068295925611347,0.4357102034620671,-0.06925472279929507,2.175078257420226,2.2072230952521594,0.012849802807098102,5.188043458680844,19.8856195821107,-4.407496531858919,2.756157868175433,-0.9165934737828307,0.5459807799238825,3.6047636705585937,-1.605849568043844,-1.6314948240863245
2.141244888305664,-0.10071831302790013,0.43568558345134795,-0.06926131588665095,2.1750402962138495,2.2071889075311746,0.012878699885979417,5.2658830118686035,19.983891810444604,-4.244913352545537,2.751128297925167,-0.9182403033513167,0.5508718482608302,3.6047636705585937,-1.6058977285968226,-1.6313870588885706
2.143264055252075,-0.10073086154078509,0.4356978532238164,-0.06927368216036275,2.175022962090337,2.2071138494863827,0.01300343192270301,5.104311355267596,20.028268826840286,-4.274093537548471,2.7637455404537477,-0.9115489477730155,0.55101925297195,3.6047321993061523,-1.6059978644000452,-1.6312678495990198
2.145282745361328,-0.10076729219886583,0.43568596784225944,-0.06927909032916864,2.174927085013624,2.207128268558915,0.0130751660435437,5.015229667545777,20.001456925104794,-4.326430330527443,2.7732322168629966,-0.9104723596412129,0.5505503428766036,3.6047274309345703,-1.6060689131366175,-1.631190601979391
2.1473052501678467,-0.10079682854326588,0.4356852540434761,-0.06928728423873036,2.174942688087759,2.207075847494465,0.013111279152986705,5.079929900223679,20.083568094801073,-4.35987199492029,2.7764090782724575,-0.9107034845785258,0.5489172495208692,3.604719324702881,-1.6061018149005335,-1.6310704390155237
2.1493237018585205,-0.10083668064531072,0.4356748116723543,-0.06929693211625196,2.174908143878244,2.2070512553792963,0.013120895255844464,5.2876084075744565,20.067175738913644,-4.326130504325428,2.778555967270892,-0.9051926250797029,0.5501102816751073,3.6047350603291015,-1.6061347166644495,-1.6309626738177698
2.1513419151306152,-0.10085471985085004,0.43568832554118675,-0.06930638182962295,2.174909062552158,2.2069865027661266,0.013231922703847423,5.052975677938798,20.13485827529077,-4.532262923315209,2.788678599382343,-0.9040499533684819,0.5537869189676118,3.60470358907666,-1.6062138716327112,-1.6308401266681116
2.1533608436584473,-0.10088897848915021,0.43568979910613526,-0.06931525476939338,2.1748577083609915,2.2069497881391773,0.013269963766861974,4.927212494181447,19.986409647501826,-4.558780010004878,2.7923751541913795,-0.9065147481332559,0.5544056404994391,3.604738398189209,-1.6062739531146448,-1.6307290236102503
2.1553800106048584,-0.1009104954018909,0.43567997753420035,-0.06931423157383206,2.1748108987587367,2.206912703219643,0.013378004654024113,4.955846451021986,20.017400428240787,-4.539586109274951,2.7880973362232124,-0.9172821693221888,0.558443668101795,3.604726477260254,-1.6063621679889124,-1.630629841481344
2.1574134826660156,-0.10095902070565567,0.43569187640662943,-0.0693227590979625,2.174807867578083,2.206927027623416,0.013464014356607122,5.106793177859773,20.283040256021046,-4.397619716974119,2.785376029669647,-0.9168204581079509,0.5523951265696886,3.6046640115925292,-1.6063903013812464,-1.6305068174945276
2.1594667434692383,-0.10100554010748275,0.43568942599525784,-0.0693377920993749,2.174775542784394,2.2068090951946013,0.01360628041172412,5.0970980547832925,20.3508020646059,-4.411992280116848,2.786489025770485,-0.9060782740963101,0.5562960439894741,3.6046554285236816,-1.6065261999713343,-1.630275074635641
2.1614999771118164,-0.10100554010748275,0.43568942599525784,-0.0693377920993749,2.174775542784394,2.2068090951946013,0.01360628041172412,5.0970980547832925,20.3508020646059,-4.411992280116848,2.786489025770485,-0.9060782740963101,0.5562960439894741,3.6046554285236816,-1.6065261999713343,-1.630275074635641
2.1635189056396484,-0.10104956471180811,0.43566152296231214,-0.0693648657456261,2.1746765368051535,2.2068102716385214,0.013586715295332572,4.975788495337417,20.393523599945063,-4.609984858348081,2.7864395570532507,-0.9035230050388205,0.5564264246899637,3.604647322291992,-1.6065672079669397,-1.630195442830221
2.1655380725860596,-0.10107324109149411,0.43568847249315545,-0.06935010739251934,2.1746881166482934,2.206786655060708,0.013726055266722225,5.085147382486648,20.293117136583735,-4.471182395576878,2.7924099579913473,-0.9069035163923052,0.5524071017868655,3.604647322291992,-1.6066306273089808,-1.6300824324237269
2.1675570011138916,-0.1010990725692569,0.4356769858846947,-0.06936669790410607,2.1746128403468137,2.2067626637217077,0.013823760868737272,5.056359825950191,20.15307531186036,-4.33721704623964,2.7863870534731485,-0.9197104130669752,0.5578886832836514,3.60460011541333,-1.606722656880514,-1.6299899260150355
2.1695759296417236,-0.10113261294893439,0.43567111120096164,-0.06937108782821458,2.1745596452658127,2.2067364236091533,0.013845322275279162,5.37373657193363,20.188797508186994,-4.331266077047411,2.792561810388191,-0.9128190301991737,0.5555565539914259,3.6046435075947265,-1.6067712942706507,-1.6298940817462366
2.1715950965881348,-0.10115879599667803,0.4356847605929539,-0.06937632902609807,2.1745384921294786,2.206717505743125,0.014024459750696865,5.243618949649388,20.174112367072727,-4.296162525347955,2.801580076138469,-0.9158216615804162,0.5531240179923111,3.6045567232319335,-1.6068666617022913,-1.6297743956195276
2.1736297607421875,-0.10121114566188835,0.43565380912140234,-0.06940421460696383,2.1744554993576006,2.2066052210777443,0.014045935170979901,4.9850326972815555,20.397156043003815,-4.274138489481607,2.8040626476208526,-0.8944780085181936,0.552324500966136,3.6045991617390136,-1.6069749037372034,-1.6295741240130823
2.1756486892700195,-0.10126171046555506,0.4356670095236733,-0.06939754082471947,2.174402791970505,2.2066463468541127,0.014113892239834091,4.895988141978402,20.730857052021197,-4.520365001090589,2.806535045727023,-0.9019832203912009,0.5478984845510018,3.6046182352253417,-1.607006851826803,-1.6294782797442835
2.1776678562164307,-0.10128526708900333,0.4356563471954016,-0.06941886792067833,2.174372698581028,2.2065913073146124,0.01417353106491885,5.15578810355453,20.270048028442833,-4.366784033909061,2.8177943169839113,-0.9043789621999243,0.5566630586538941,3.6045748430439453,-1.6070755163775843,-1.6293705145465296
2.179687023162842,-0.10130828736028911,0.4356649470389366,-0.06941661385626806,2.174356478372249,2.206546680233683,0.01428129329399212,5.072872473976219,20.572596749673867,-4.418540621226679,2.8176980470480055,-0.9059835584894104,0.5483179306541375,3.6045748430439453,-1.6071513334857386,-1.6292560736285608
2.181720018386841,-0.10134130341095161,0.43566757934660866,-0.06942184711396829,2.1743004710890985,2.206541045796161,0.014342542845061928,4.797244455132398,20.616894874333425,-4.703701870476441,2.831134294580242,-0.9058141790088959,0.5581279657307625,3.6045819956013183,-1.6072076002704065,-1.6291669050799769
2.183760166168213,-0.10138597540001923,0.43565343372280274,-0.069428860272056,2.1742799406243707,2.2065144702223805,0.014357492531336974,4.852516863239027,20.26448400056718,-4.685542410888178,2.832420846951623,-0.9020930128199999,0.5543927041380718,3.6045896249958496,-1.6072362104998987,-1.6290438810931605
2.1857802867889404,-0.10140212561568195,0.4356750965794716,-0.0694392757483536,2.1742964229335646,2.206449190001307,0.014487827504921192,5.085510749740064,20.242315458699004,-4.72694352413519,2.839079848950747,-0.9011024492264539,0.5539040228743372,3.60453908025708,-1.6073158423053187,-1.6289175192462366
2.187800168991089,-0.1014342821952209,0.43564739910545547,-0.06945200622034588,2.1742018315747798,2.206412969775725,0.014554483998364476,5.0898226403932645,20.723232945663057,-4.543726220696973,2.8354799693858834,-0.9052435262157115,0.5566744588617357,3.604534311885498,-1.607410732899801,-1.6288130919085901
2.1898396015167236,-0.10147301211581516,0.43568075376849885,-0.06944418670724377,2.1741997286060455,2.20645104284096,0.014672732433217855,4.809771468934115,20.3127321381694,-4.566941661519676,2.8460279783364104,-0.9086378178199443,0.5558176101573579,3.6045028406330566,-1.6074398199664515,-1.6287205854998987
2.1918601989746094,-0.10149387669154737,0.4356776771530503,-0.06945245689727564,2.174184464457212,2.206414886548854,0.01474474862496812,4.709127655049854,20.359204497135856,-4.721375407663446,2.8507389268888708,-0.9069385921971844,0.5539262537790928,3.6044718462177734,-1.6074960867511194,-1.6286280790912073
2.193880081176758,-0.10151963095163333,0.4356638538346613,-0.0694701849357245,2.1741281292150942,2.206335804400611,0.014797517759589497,4.936672890218725,20.49883178302647,-4.610951969087953,2.8495885060170747,-0.903949925058746,0.5543282207476852,3.6044837671467285,-1.6075876394854944,-1.6285017172442835
2.1958999633789062,-0.10154381778126119,0.4356603902631527,-0.06947441339645102,2.174142041754744,2.206275709672328,0.014811662425605289,4.869401805445277,20.32902196073975,-4.535273362680817,2.8507360266878443,-0.9015617387268338,0.5529892030318104,3.604506655330322,-1.6076162497149866,-1.6283939520465296
2.1979188919067383,-0.10159923269138557,0.4356601742452999,-0.06947995049719619,2.1739870413922837,2.2063745749572212,0.014873884464854622,5.1413441751782525,20.63725496089259,-4.58093465556268,2.848693443704401,-0.8977936266383741,0.5581169048485569,3.6045099931904296,-1.6076691786395472,-1.628348175679342
2.1999385356903076,-0.10161601283821195,0.4356463693631698,-0.06949383416079842,2.174047437626172,2.2062600037443025,0.01490267473068342,5.297301230287394,20.52297083530766,-4.4602413308100495,2.8483164857808374,-0.9030134012369357,0.5525967967505204,3.604482813472412,-1.607708756123678,-1.6282060782061976
2.201958179473877,-0.10163989393503876,0.4356632405841409,-0.06950344856462065,2.1740042142015317,2.2062294970406837,0.015042519752717204,5.049811471882654,20.57775498099891,-4.540284331193167,2.848268704565861,-0.9064832775646506,0.5532356086399957,3.6044437128254394,-1.607805077229635,-1.6280949751483362
2.20397686958313,-0.10167359985686499,0.43565936756513074,-0.06950451311759294,2.1739621983141797,2.206211181646399,0.01517618353251489,5.05417534785239,20.6709362231163,-4.5663672276241165,2.8514130225930825,-0.9026464110986752,0.5536475740314277,3.604400320644043,-1.6078913847552698,-1.627974812184469
2.205996036529541,-0.10170266583507807,0.4356423714381028,-0.06952257549880705,2.1738683688432077,2.2061733086529536,0.015151791518596237,5.203581582308201,20.338201499784663,-4.367744974995499,2.8580573581817004,-0.9056083684850457,0.5510974480380688,3.604461832637451,-1.607948128377096,-1.6278980414019983
2.208014965057373,-0.10174597802140455,0.4356649013220208,-0.06951969904736269,2.173850946118731,2.2062039348518288,0.015278138088474644,5.043987445008728,20.631621296489428,-4.455923863129854,2.854927427097328,-0.9157323273547089,0.5480990838647335,3.604415102595947,-1.6079924742328089,-1.6277902762042444
2.210033893585205,-0.10177607097329953,0.43563857919440924,-0.06954192462207115,2.1738367153633646,2.2061176486441556,0.015254672148989262,5.14794842487752,20.57948488491937,-4.459692804468718,2.8615174749912216,-0.9189683211157692,0.5532829289755863,3.6044270235249023,-1.6080334822284144,-1.6276639143573206
2.212053060531616,-0.10179270101971988,0.435671703587583,-0.06952307775765974,2.1738194169581324,2.2060840988805155,0.015492849335840681,5.226710517735907,20.621936928291145,-4.602584264907848,2.866411620574554,-0.9220057843686866,0.5546151396309953,3.604403181666992,-1.60815936723818,-1.6275370756732386
2.214088201522827,-0.10184466439127564,0.4356752759747948,-0.06952817387301254,2.1737603963831735,2.2061420940158247,0.015520048296587076,5.592111256896489,20.619492723575757,-4.585706993625267,2.8620342379401453,-0.9227348199012679,0.5524971222559574,3.6043945985981445,-1.608168903981344,-1.6274636427508753
2.2161080837249756,-0.1018477546724572,0.4356575535634155,-0.0695429007523284,2.173750796796406,2.2060015744875554,0.015552607428907067,5.40073738965831,20.513141122900922,-4.5413027623873425,2.8602554244311373,-0.9327456125581849,0.5525895423631372,3.6044298845478515,-1.608260456715719,-1.6273406187640589
2.2181270122528076,-0.10189291449572456,0.43566948934062205,-0.06954910170482256,2.173737636352592,2.20602243691422,0.015634746397038324,5.270348672655469,20.67941668807949,-4.717864934523324,2.856615924247869,-0.932720231157356,0.5540088823990296,3.604379339809082,-1.6082890669452112,-1.627232853566305
2.2201459407806396,-0.10191039428414048,0.435656900036044,-0.06956614410455714,2.173671435763936,2.205958552081524,0.01566729073348705,5.431450078848649,20.760745464704843,-4.64674149957184,2.8607341005620768,-0.9276430892909096,0.5503456696302987,3.6044017511555175,-1.6083696524249476,-1.627143685017721
2.222165107727051,-0.10195419081847754,0.4356716865236318,-0.06956825568178204,2.1736567918509566,2.205983940172083,0.015762167769647995,5.391722921526799,20.55851762199106,-4.632089873744118,2.8573764464869273,-0.9315144082295588,0.5513567886771547,3.6043550211140136,-1.6084020773517054,-1.6270392576800745
2.224184036254883,-0.10196331197876031,0.43564266086939657,-0.06958597939949827,2.173628348591133,2.2058519835008363,0.015807170306977727,5.363963433444193,20.440901628571325,-4.540461774000681,2.851560070272995,-0.9336487934598118,0.5520211965598791,3.6043669420429687,-1.6085041205035608,-1.6269095579730433
2.226203203201294,-0.10200505656707719,0.4356456381597885,-0.06959472871399791,2.1735711792314993,2.2058616397735866,0.01586962937283679,5.238854703829384,20.53200239800664,-4.63695451971428,2.8551625478606297,-0.9326644813834972,0.5525645900329659,3.6043550211140136,-1.6085532347308558,-1.6268122831927698
2.228224039077759,-0.10203082113944457,0.4356677351750999,-0.06958861120426199,2.1736082212198853,2.205836219610467,0.015956375911108378,5.430297720381347,20.378656631958886,-4.518306973889162,2.8531286245087406,-0.931940197279338,0.5554267761895468,3.6043431001850585,-1.6085823217975062,-1.6267040411578577
2.2302441596984863,-0.10206301978483694,0.4356694371311408,-0.069594205699916,2.1735331144954335,2.205823182561194,0.016084980337224126,5.632052009048775,20.409383160133867,-4.399955497329721,2.849965657928002,-0.9338430142711522,0.5539816856393613,3.6043192583271484,-1.6086810270892542,-1.6265962759601038
2.232276678085327,-0.10209973699172463,0.43566322264419705,-0.06961405680563515,2.1735015861044187,2.2057854921271436,0.016091900375131547,5.610566776920288,20.542300767887443,-4.577986602742917,2.853960131474678,-0.9371785452945333,0.5539923740462692,3.6043192583271484,-1.608718220387594,-1.6264851729022425
2.2342960834503174,-0.10212716858837549,0.4356542162163853,-0.06961668870577184,2.1734915419707046,2.2057186599952576,0.016143117117055565,5.53719731059845,20.441955936463398,-4.691576208539155,2.865847001032866,-0.9391181057614537,0.5545542449533175,3.6043388086506347,-1.6087783018695276,-1.6263588110553187
2.2363150119781494,-0.10214733438687337,0.4356548249616048,-0.0696255952992904,2.1734532011185332,2.2056675810397626,0.016231743341740372,5.562601915550911,20.72624824880153,-4.689178474568499,2.8488947861152236,-0.934764087952865,0.5567361722138519,3.604330225581787,-1.608861271535055,-1.6262543837176722
2.2383341789245605,-0.10219356010172778,0.4356730423899103,-0.06962699017850953,2.1734683045320113,2.2056520568005804,0.016315919062595854,5.421735405187068,20.20415344779715,-4.555667844673113,2.8596108664052715,-0.9347655392962856,0.5608688222412592,3.6043106752583007,-1.6088946501361292,-1.626110855733053
2.2403531074523926,-0.10220091602731161,0.43566655601553783,-0.06964381207008298,2.1734202146619377,2.2055836756777984,0.01640652201636272,5.479038517532441,20.56730553358217,-4.723293510387025,2.8600745632735642,-0.9322383954741167,0.557508889351409,3.604283018703125,-1.6089933554278772,-1.6260235945331019
2.2423720359802246,-0.1022399480896352,0.43565864187382697,-0.06965268610287331,2.1733514836994985,2.2056087581914334,0.016472911131130415,5.712704870241289,20.725275123478912,-4.578549948517303,2.855876694789469,-0.9355898496641903,0.5542266563113718,3.604247732753418,-1.6090424696551722,-1.625946346913473
2.2444145679473877,-0.1022664785156968,0.4356520429512322,-0.0696663000058742,2.173352323616081,2.2055221991049825,0.016492767418805836,5.721262341013534,20.492686525453905,-4.577739235280557,2.8546336179274108,-0.9405572204987864,0.5567722846426183,3.6042677599140625,-1.609093968068258,-1.625812832509176
2.246433973312378,-0.10230238993093979,0.43565891593366857,-0.06965838026204753,2.1732969215918794,2.205532711923484,0.016621289501266696,5.609802415082239,20.70807351918677,-4.4857936590377765,2.849348513096347,-0.9415563804996601,0.5586469180014929,3.6042587000080566,-1.6091697851764124,-1.6257122198687952
2.24845290184021,-0.1023263706138466,0.43565974925958384,-0.06967456034911142,2.1732883752357677,2.2054656016332266,0.016673107157413585,5.496179502219374,20.477088501995905,-4.68020575076934,2.859145161335919,-0.9339879622445487,0.557707114390136,3.6042467790791015,-1.609229866658346,-1.625592056904928
2.250472068786621,-0.10235924893552348,0.4356652508907175,-0.0696860648417928,2.1732557809128608,2.2054599931166723,0.01673453675400606,5.380454934578691,20.8982204457778,-4.699596542122067,2.85200191211771,-0.9300068619656401,0.5538712076891993,3.604219599361084,-1.6092742125140589,-1.6255000273333948
2.252490997314453,-0.10238067470930617,0.4356656818752866,-0.06968479837458819,2.173235468472091,2.20540362805583,0.01679461089986383,5.4710046186687125,20.729044721596807,-4.430136639325104,2.846730648737075,-0.9278661883314839,0.5540573791613403,3.6042544084736328,-1.609338108693258,-1.6253936926471155
2.2545101642608643,-0.10242250886471271,0.43564415037272564,-0.06969845408642374,2.1731225004132324,2.2054059777067287,0.016871423425960055,5.556236106471632,20.508842053531435,-4.461923646980848,2.853348316285879,-0.9238707133849925,0.5550031051422849,3.6042348581501464,-1.6094263235675257,-1.625296417866842
2.2565290927886963,-0.1024421404629786,0.43565189502935675,-0.06970119185832024,2.173115333689857,2.2053509199514965,0.01694763947975301,5.450242542658563,20.58171001191708,-4.528138271728545,2.8524291193689515,-0.9341229631321349,0.5596001588639435,3.6042424875446777,-1.6094897429095667,-1.6251886526690882
2.2585480213165283,-0.10247310450604673,0.4356603847359567,-0.06971320619555282,2.173143412322533,2.205297244348034,0.016996488938790025,5.525417156609942,20.722740809652233,-4.454450935306762,2.8453861519297727,-0.938616544318634,0.5635246479123693,3.6042181688496093,-1.6095221678363245,-1.6250584761248987
2.2605669498443604,-0.10250581986370386,0.43566649875262403,-0.06971180379436441,2.173092584176359,2.2053111411933437,0.017136029200241244,5.69454882728797,20.628130475802614,-4.411355156358316,2.8475539522522233,-0.9355488832509896,0.5563502853451873,3.6041714388081054,-1.6095989386187952,-1.6249645392047327
2.262589931488037,-0.10255490038331139,0.43565631153412016,-0.06972881421802997,2.172995969178488,2.205318414612792,0.017144616805548206,5.509717845334833,20.67219369566906,-4.384367475922192,2.859417307340745,-0.9330392380388614,0.5510395829732784,3.604194326991699,-1.6096466223346155,-1.6248686949359339
2.2646090984344482,-0.10257505056452135,0.43564480894036534,-0.06974709854223465,2.173013365905399,2.205226264748508,0.017177780704913503,5.600988684772462,20.809009491764016,-4.5277151867573835,2.8595244418358643,-0.9282213416416839,0.5502911530635507,3.6041714388081054,-1.6096985975848597,-1.6247404257403772
2.2666401863098145,-0.10260609790296504,0.4356605272229934,-0.06973679671244448,2.172969507329471,2.2052529666205323,0.017276860355377285,5.535476564416498,20.651865218277795,-4.429938133188756,2.8596682643699047,-0.9355526655683648,0.5576106465806201,3.6041785913654785,-1.6097477118121546,-1.6246689001666468
2.268660068511963,-0.10262935352680504,0.4356675335552936,-0.06974627853078387,2.1729938704923573,2.2051669242684353,0.017362928645979436,5.471220881961762,20.68830800266536,-4.562354046262163,2.862197482229309,-0.9435835276455092,0.5635156458993459,3.6041595178791503,-1.6098149458514612,-1.6245220343219202
2.270678997039795,-0.10265341112858936,0.43564241474330295,-0.06976122936154823,2.172931245511312,2.205093940298658,0.01744446312807522,5.582031223239896,20.568885216195355,-4.567715226859143,2.873851500888831,-0.9382974686073648,0.557636381777386,3.6041428285786132,-1.6099188963519495,-1.6243990103351038
2.272697925567627,-0.10269369147995983,0.4356535995252752,-0.0697584067813484,2.172870724122797,2.2051253711449026,0.01753751745773355,5.684327560733742,20.821179158508397,-4.710913531800072,2.870388974780312,-0.9401478650150793,0.5575211453431593,3.6041390138813476,-1.6099713484393519,-1.6243141333209437
2.2747199535369873,-0.10272622933665287,0.4356632491831974,-0.06976534582885294,2.1728425130514535,2.2051156687325117,0.017600728975309676,5.660393946601959,20.627731635923258,-4.679959246826388,2.871366946800763,-0.9467109765095137,0.5661680143740416,3.6041304308125,-1.610016171132223,-1.6242182890521448
2.2767391204833984,-0.1027462613610213,0.4356622237818253,-0.06977750488144932,2.1728312733823025,2.205030270729393,0.01770853613660994,5.718280498901581,20.76236503343347,-4.685396171817086,2.868127949609996,-0.9510902442151306,0.5603098339390924,3.604102774257324,-1.6101110617267054,-1.6240790526019495
2.2787580490112305,-0.1027821673674105,0.4356406635004156,-0.06979690083760487,2.172780891666136,2.204983954851848,0.017698718313679404,5.593194817262356,20.58942354110285,-4.750941161147197,2.8787821791178887,-0.9495656760752069,0.5595572274009197,3.604118509883545,-1.6101554075824183,-1.6239712874041956
2.2807769775390625,-0.1028182805824199,0.4356531867447662,-0.06979363428244394,2.1727583891963786,2.2049769689229506,0.01782788923771426,5.529050970459097,21.408261220232447,-4.697988362932079,2.866350529134668,-0.9519739127840245,0.5583710045385589,3.604090853328369,-1.6102235952960413,-1.6238516012774866
2.2827961444854736,-0.1028366799046106,0.43563629893515876,-0.06981083713227569,2.172707138563265,2.2049183569778776,0.017846077094299053,5.7191986616874,20.623374517337002,-4.59530248807096,2.8757243923083875,-0.9580380121071322,0.5570986649701961,3.6041018205830078,-1.6102874914752405,-1.6237667242633265
2.2848153114318848,-0.10286832588147887,0.4356599329220931,-0.06981410562567018,2.172717670201889,2.2048839351687533,0.017971496930992197,5.597588984510936,20.89729149560567,-4.576682218870083,2.867354765705553,-0.9556590228533383,0.5577583329569109,3.6040665346333007,-1.6103513876544397,-1.6236313025103968
2.2868692874908447,-0.10289795371431017,0.43567049341641295,-0.06981017448702449,2.1726682790585397,2.2049093637248514,0.01809734327062452,5.373508646790009,20.630867848926165,-4.588664585716684,2.8801357708904347,-0.9590326381604499,0.5585195484347931,3.604031725520752,-1.6104157606707972,-1.6235564390765589
2.288889169692993,-0.10293081252271631,0.4356724921690702,-0.06981583213387654,2.1726349213639042,2.2048588712419863,0.018194512123736413,5.7057971963931156,20.84415216841351,-4.714908245763349,2.8745920843659176,-0.9614299512249432,0.558456747220414,3.6040307718464355,-1.6104987303363245,-1.623420540486471
2.290908098220825,-0.10295708652030444,0.43567219578516175,-0.06982069057134936,2.1725385087585054,2.2048675936145683,0.01827021096107461,5.757187128091317,20.68456328955115,-4.507699673655631,2.8723437154501874,-0.9698852442948653,0.5573853190705103,3.6040426927753906,-1.610575024281637,-1.6233599821673792
2.2929282188415527,-0.10298925322138526,0.43568074270085455,-0.06982953472926491,2.172525870928036,2.2048461104898456,0.01835684052548854,5.837602914769623,21.135582302367293,-4.687478656960394,2.8712246998575677,-0.9732265559861428,0.5564421843792656,3.604006453151367,-1.6106279532061976,-1.6232479254352015
2.294948101043701,-0.10302387777522722,0.4356484424097759,-0.06985209835191823,2.17251103140329,2.2047422959655028,0.018319215484649137,5.920301181167522,20.910794640333332,-4.610636624414686,2.883404178384081,-0.9681721859476343,0.5552927760705566,3.6040384012409667,-1.6106718222247522,-1.623101536427633
2.2969672679901123,-0.10307406533227667,0.43565003663918095,-0.06986371504774556,2.1724299775772047,2.2047904201818413,0.018371976317060317,5.715764448471994,21.174672600249902,-4.58824291279084,2.8832260251766306,-0.9676701944206306,0.561591883823569,3.6040140825458984,-1.610709015523092,-1.6230209509478968
2.2989861965179443,-0.10308877036095603,0.4356516098360444,-0.0698658065775364,2.1724205071338605,2.204741258305887,0.018452831782186253,5.9298009900775845,20.835350714307104,-4.822309409618098,2.8944589425128338,-0.9718149985545858,0.5626522432452957,3.604006453151367,-1.6107729117022913,-1.6229289213763636
2.3010051250457764,-0.1031041266028038,0.4356745937658822,-0.06986561616220165,2.1723984523162736,2.2046662883142427,0.01861772083297033,6.039492556389853,21.048584265624978,-4.746125780790723,2.890763619903175,-0.9781455807258368,0.5618566768254021,3.6040054994770507,-1.610892120991842,-1.6227930227862757
2.3030240535736084,-0.10314366061423874,0.43566091321529754,-0.06988176579766597,2.1723746584935806,2.204622526927577,0.01865293082012866,6.11091174485328,20.46644811718096,-4.781103388369096,2.908019183664819,-0.9803735591430771,0.5650792264755232,3.6039864259907226,-1.6109402815448206,-1.6226633230792444
2.3050429821014404,-0.10318268032270915,0.43566277886022214,-0.0698878201688539,2.1723443303187926,2.2046231166076464,0.0186997920798146,6.1559101534431315,20.989775833942268,-4.965642818961611,2.9024592613627713,-0.9861146743142221,0.5659629835428157,3.603978319759033,-1.6109736601458948,-1.622566048298971
2.3070621490478516,-0.10320686774345102,0.43563984945556455,-0.06990474297168907,2.1723108494811507,2.2045600387708904,0.01872247964976464,6.065686937041772,21.069374417284585,-4.8996488566673975,2.9014261981995655,-0.9919961971007695,0.5638560931833456,3.603970690364502,-1.6110323111163538,-1.6224616209613245
2.309084415435791,-0.10323943978042478,0.4356514521812254,-0.0699169804268084,2.1722852235345265,2.204533520462744,0.018795147522770818,6.180306650250498,21.078549269447244,-4.946443307849383,2.9042088610769303,-0.9882256615231545,0.5624931003145968,3.603954001063965,-1.6110885779010218,-1.6223495642291468
2.3111040592193604,-0.10325983853995346,0.43565779675039523,-0.06991630147587986,2.172246392837891,2.2044887061252645,0.018912609576671263,6.094733280948693,20.90632804424117,-4.807030315671172,2.913794571917647,-0.9894024540192452,0.5662212332736709,3.603957338924072,-1.611180607472555,-1.6222417990313929
2.3131229877471924,-0.10330141262200229,0.4356632089976362,-0.06991307294107144,2.1722275046467296,2.2045027179887824,0.018999178247029916,5.876239481963654,21.452391840892226,-4.786881493298302,2.899885204467041,-0.995957712916402,0.566678501608922,3.603933497066162,-1.6112178007708948,-1.6221373716937464
2.3151421546936035,-0.10333400556041182,0.43565116180708247,-0.06993374783523887,2.17219665644658,2.204439175425955,0.019029002443142224,6.132764432998559,20.960456191664658,-4.8150738731139695,2.9056835383546975,-0.9865602712593573,0.5653758310485827,3.603926344508789,-1.6112778822528284,-1.6220100561725062
2.3171610832214355,-0.10336483442086786,0.43562953892610046,-0.06994777506933242,2.172107425884444,2.2044286019627894,0.019087548262619776,5.930808468747818,21.34280635323224,-4.801793134780901,2.909125068669394,-0.9845433909219059,0.5658987647507197,3.6039063173481445,-1.6113532225238245,-1.6219294706927698
2.319192409515381,-0.10340053350840801,0.43564703060162774,-0.06994693896182541,2.1721097639871223,2.2044067774811427,0.01919072865418941,5.905804428324618,21.385100911511103,-4.907199215471867,2.9188320737345315,-0.9887303056301173,0.5641378734447495,3.6038901048847656,-1.6114051977740687,-1.6218021551715296
2.3212122917175293,-0.10342697096219132,0.4356557173469206,-0.06996014573183956,2.17206447027439,2.204370791831466,0.01925531933730564,6.105835722320684,21.19070167755405,-4.911417611074791,2.9155866339877297,-0.9979371743693326,0.5648602856578671,3.603893919582031,-1.6114733854876917,-1.6217015425311487
2.323232650756836,-0.10346293792409439,0.4356495538029524,-0.06995730213495246,2.1720780745964103,2.2043495058105136,0.019346567621707795,6.194387503565577,21.151278610242628,-4.8503695030667755,2.9204430401088106,-1.0007222675270293,0.5662137648212213,3.6038505274006347,-1.6115143934832972,-1.6215780417071741
2.325252056121826,-0.10348785811794678,0.4356834267447134,-0.06995414897357302,2.1720281936662587,2.204350949670357,0.01948635794441066,6.096429747971356,21.349875085448232,-4.898130024149319,2.9219014010156963,-0.9952520605628629,0.5647541356693138,3.6038543420979003,-1.6115973631488245,-1.6214893499957483
2.327270984649658,-0.10352025059961754,0.4356438812356784,-0.06998803209086685,2.1719670627459426,2.204284662313932,0.01947502371371992,5.956745199936817,21.12377893991832,-4.994166798558591,2.933284741934961,-1.002734003248806,0.5688974384217866,3.6038262087055664,-1.611657444630758,-1.6213772932635706
2.3292899131774902,-0.10354572894837408,0.43564082713444946,-0.0699893972811478,2.171922039688322,2.2042597225830667,0.019553375565219033,5.9709051538241855,21.22238750277675,-5.0191467003563695,2.930146274311375,-0.9979374850966767,0.5662205486167498,3.603830023402832,-1.6117256323443812,-1.6212852636920374
2.3313095569610596,-0.10357891858929257,0.43564124285895267,-0.07000217070840772,2.1719171216771422,2.204201134226999,0.019611188253889262,5.962291957862157,21.395977723879582,-5.098184194853439,2.935009612771548,-0.9880526333771886,0.5658166188846792,3.603818579311035,-1.611781422291891,-1.6211488882647913
2.333329439163208,-0.10360578214089684,0.4356403799039437,-0.07000767263065336,2.1718498093635192,2.204162037100122,0.01971820663527962,5.962025022166224,21.75892302917638,-5.172093149778581,2.929414299974094,-0.9911868092468348,0.5658492206927763,3.6038223940083007,-1.6118806044207972,-1.62103778520693
2.33535099029541,-0.10363131975585763,0.4356561081648985,-0.07001961533973214,2.1718858454873007,2.2041311043900027,0.019778764868248633,6.067954177721972,21.319461144860796,-4.807457400129511,2.93819169182701,-0.9989279094154421,0.5689383588245192,3.603771372432373,-1.6119025389300745,-1.6209333578692835
2.337374687194824,-0.10367240050846023,0.43564154693960483,-0.07003155345254164,2.171873628576355,2.204066979926711,0.01978618799564088,6.143112668846301,21.52914938752122,-4.948538322118047,2.9308048858508378,-1.0012250638693492,0.5662530616408005,3.6037942606159667,-1.6119430700885218,-1.6207898298846644
2.3394293785095215,-0.10369169204158231,0.4356443045589858,-0.07003744448266237,2.1717967687483073,2.2040346984385226,0.019942455503922804,5.813707666114867,21.423491740732793,-4.893900837384061,2.9389934573156395,-1.0086162906808118,0.5656999588741589,3.6037632662006835,-1.6120651404010218,-1.6206896940814417
2.341452121734619,-0.10373166229493844,0.43562167936102236,-0.07005433927447753,2.1716794778371913,2.2040661582267282,0.019939512517889686,5.987685001281543,21.45041093182757,-5.014862210781725,2.946443486449985,-0.9949622522347303,0.5602532958885559,3.6037704187580566,-1.6121066252337855,-1.6206405798541468
2.3434998989105225,-0.10376617368228402,0.4356326174541246,-0.0700549592094597,2.171712327734314,2.20400321822415,0.02003750577778333,5.90798788713894,21.47114532004195,-4.81165112393446,2.940404336663625,-0.9957856048651936,0.5661597883655538,3.603754683131836,-1.612161938344137,-1.6204817930804651
2.345553159713745,-0.10378349583887334,0.4356523050504947,-0.07005941867908859,2.1717011917754636,2.203965465001184,0.020159588403863105,5.941903428316815,21.282688756416206,-4.782887639623204,2.946847618256607,-0.9836151111276461,0.5658163059711658,3.60372702657666,-1.6122382322894495,-1.620380703602926
2.347616672515869,-0.10384522022800984,0.4356418510864939,-0.07007985725121361,2.171596653701874,2.203901457324698,0.020291196364715477,5.996029128233764,21.337222190315547,-4.6413733012166825,2.9474874561085938,-0.9955908307526723,0.5676738000505563,3.603722258205078,-1.6123784224139612,-1.620169464741842
2.349640130996704,-0.10388365211274471,0.4356282438969603,-0.07009258721747051,2.171582830302871,2.2038364619411976,0.0203498932350368,5.9929790178554105,21.13184309679547,-4.698725805318345,2.946576771612138,-1.0013294629102345,0.5671814157144678,3.6037065225788574,-1.6124423185931605,-1.6200183073626917
2.3516604900360107,-0.10389942520710126,0.4356354201967339,-0.07010541453117604,2.1715127498407445,2.203802279077963,0.020422281359200323,6.158609772289983,21.61990574358531,-4.665265613974777,2.948265879388503,-0.9909256247267276,0.5646871404181353,3.603717489833496,-1.6125262419330042,-1.6199448744403284
2.353682518005371,-0.10393349307991225,0.43565820400220473,-0.07009028195754029,2.171544717459396,2.2037987414205706,0.020565622282745215,5.890661199654515,21.54631384334106,-4.897521223227367,2.9541113678908535,-0.9985985989719687,0.5680716007834345,3.603682203883789,-1.612570587788717,-1.6198213736163538
2.3557064533233643,-0.10396596917066714,0.43563954199992627,-0.07011424494120369,2.1714944835626926,2.2037586320857594,0.020591045549040798,6.137708944577693,21.653839205713656,-4.739902386475749,2.946961351207971,-0.9980131551431703,0.5670682684378401,3.6036550241657714,-1.612626854573385,-1.6197169462787073
2.357733964920044,-0.10400144787104362,0.4356462872730689,-0.07011459056872839,2.171432401355024,2.2037753389301296,0.020681301191715323,6.114173489784011,21.436172769856736,-4.6659306711329664,2.9473846772928676,-0.9960594344882947,0.5652183106349069,3.603649778957031,-1.6126869360553187,-1.6196330229388636
2.359761953353882,-0.10402824503326835,0.43563290314541053,-0.07012948710182253,2.171369165579597,2.2037044495734044,0.02070103851216527,5.988830860235611,21.430596700995768,-4.811440580417274,2.9622218714853994,-0.9904828691620923,0.5670031739132275,3.6036969858356933,-1.6127632300006312,-1.6195200125323694
2.3617899417877197,-0.1040649591998442,0.4356419502506459,-0.07013268938849307,2.171388269274957,2.2036730386738097,0.020822419019741627,6.013798909514858,21.70976392595467,-4.680826453948275,2.955296339825567,-0.9927444425341636,0.5670566307189121,3.6036383348652343,-1.6128194967852991,-1.6193769613849085
2.3638179302215576,-0.1040836741073369,0.43564524130818694,-0.07013160157546072,2.1713131376893853,2.2036761669367526,0.020924288112931663,5.96753996495711,21.398358202641237,-4.672245923376803,2.9555574502656468,-0.9999686867614147,0.5678960762148402,3.6036383348652343,-1.612899128590719,-1.6193197409259241
2.3658456802368164,-0.10412413043212077,0.4356363269523454,-0.07014819907043877,2.1713066923252327,2.203627347453939,0.020992406704276843,6.130307850174028,21.681558214585365,-4.751131327194513,2.9547936861646886,-0.9956472901859598,0.567836707159848,3.603591127986572,-1.6129549185382288,-1.6191728750811976
2.3678739070892334,-0.1041611119729341,0.43564304891421496,-0.07015557262287854,2.171262849818854,2.2036249546350537,0.021081538078425728,5.987210894540333,21.911957618466495,-5.071507582761724,2.962957502836768,-0.9964072551309412,0.5643020938866576,3.603567286128662,-1.6130150000201624,-1.619068447743551
2.369901418685913,-0.10418254416698479,0.43562609892902865,-0.07017432724462377,2.1712585120273356,2.20349957062426,0.021069283358859558,6.062074744784922,21.645548153099604,-5.047470882507108,2.968679068510195,-0.9913362388544122,0.5744376766758509,3.6036178308674316,-1.6130755583392542,-1.6189258734332483
2.3719568252563477,-0.10420603907407598,0.4356412865295914,-0.07016386793684125,2.171181952597405,2.2035391671881386,0.02124101253703327,5.985210299839587,21.41996364036351,-4.839578649307748,2.9783410145207765,-0.9934093738906361,0.5747735396241651,3.6035830217548828,-1.613166634236471,-1.6188676992999476
2.3739840984344482,-0.10425166374200436,0.4356443280259474,-0.070177958130169,2.1711594598764457,2.203519163695835,0.02126198206638765,5.9921498696073074,21.732700543986468,-4.917378401646579,2.975333835228058,-0.9936574355012125,0.5738616831805061,3.60358635961499,-1.6131952444659632,-1.6187446753131312
2.376012086868286,-0.10428409247779714,0.43564356885362754,-0.07018221649297268,2.1710690836647513,2.2035289297180243,0.02141039918210477,6.210073403057631,21.599027749491718,-4.776259879204114,2.9811819376941537,-0.9919648048031754,0.5710053014596788,3.6035429674335937,-1.6132987181292933,-1.6186516920672815
2.378039836883545,-0.10431283195988954,0.4356551067999746,-0.07018622597068444,2.171127575197365,2.2034776755118877,0.021445307114296232,6.234518615399225,21.878976300561007,-5.010556075164922,2.984628124798773,-1.000069954601398,0.5653483124917424,3.6035310465046386,-1.6133082548724573,-1.618528191243307
2.3800668716430664,-0.10434536744984084,0.4356271571953497,-0.07020683655277814,2.1709698486699107,2.2034859463104417,0.021463023690097283,5.965094882561794,21.76923142913709,-4.888971833785112,2.9866838638607978,-1.012365500322893,0.5740360917738828,3.6035539346882324,-1.6133917013751429,-1.6184781233416956
2.382094144821167,-0.10438503856438984,0.43562658651773944,-0.0702129184288997,2.1710052869913867,2.2033955754088104,0.021508032202119925,6.140650493480406,21.842461332985863,-4.908769994426109,2.988966478263478,-1.0091642008908153,0.5695122940415702,3.603569670314453,-1.6134370009051722,-1.6183002630816858
2.384122133255005,-0.10440483293306746,0.4356310085421164,-0.07021585870151141,2.170962991036588,2.203379108001482,0.02161469078259529,5.897435309935052,21.910480197574195,-4.953954382273914,3.0023350163619473,-1.0120246530190828,0.5666356459721293,3.603545828456543,-1.61351186433901,-1.6182196776019495
2.3861520290374756,-0.1044390132931044,0.4356141557002795,-0.07023850768405228,2.170872938820586,2.203308251975901,0.021657407300528488,6.502723127282848,21.959888237321277,-5.018575033711755,3.0049983270945324,-1.0145569085767476,0.5687636875373494,3.6035730081745605,-1.6136115233050745,-1.6180875937091272
2.388181686401367,-0.10447011720201946,0.4356360337665509,-0.0702317216678014,2.1709273186936175,2.2032693625553526,0.021784353340814782,6.64542222846002,21.305071805914537,-4.868843561295137,3.0106734705398366,-1.0380779707865413,0.5658300170448594,3.603533907527588,-1.6136558691607874,-1.6179445425616663
2.390209197998047,-0.10449397426225057,0.4356457421718232,-0.07023914519315914,2.1708546255453625,2.203265815604506,0.021892633384253346,6.716984096864885,22.03854999552995,-4.975423884155635,3.0028818830578694,-1.0444336486352113,0.5629573702003909,3.603518171901367,-1.6137402693377894,-1.6178677717791956
2.3922319412231445,-0.10453241780502362,0.435620222346549,-0.07025613567550677,2.1707928130657157,2.203239273588913,0.021884783868688595,6.884674494501503,21.83600957575883,-5.091677796336687,3.0245502600828917,-1.035940584805325,0.5700492808340465,3.603529139156006,-1.6137808004962366,-1.6177709738360804
2.394257068634033,-0.10456574418596583,0.43561794702262846,-0.07027309967232319,2.1707648484881816,2.2032065194159878,0.021964424422269934,6.759988182895501,22.069827611327742,-5.150465616569257,3.0180102282637455,-1.046133060083109,0.5705208478162807,3.6034819322773437,-1.6138446966754358,-1.6176522413836878
2.396284580230713,-0.10460287250688857,0.435631051066253,-0.0702689386898791,2.1707362046684566,2.2032203429074575,0.022046249969340403,6.687644229737159,21.97844279264594,-5.215989999116909,3.022424361774746,-1.0581366782737536,0.5628555675862795,3.6034819322773437,-1.613885227833883,-1.6175597349749964
2.398322105407715,-0.10462690354480333,0.43562266846188374,-0.07027661223995765,2.1706682955151386,2.203178506540322,0.02217531119558371,6.954941678025177,22.12965077661282,-5.364156696116264,3.0339960590551276,-1.0545542326620576,0.5636838920180165,3.603454275722168,-1.6139958540545862,-1.6174481550799769
2.4003608226776123,-0.10465863862725608,0.43563123902864154,-0.07027435872491607,2.1706598809731834,2.203151680160297,0.022252045736608796,6.937142309760824,22.146589277352245,-5.3143284979822925,3.0427683459876076,-1.060968052406853,0.5639196451334899,3.603461905116699,-1.6140449682818812,-1.6173351446734827
2.402388095855713,-0.10467700097964057,0.43564006601930216,-0.07028397786489311,2.170653299795694,2.2030779865397516,0.022343984315372083,6.913769853220662,22.115275460923,-5.455512308751784,3.0425357613501265,-1.0724492327001516,0.5674011474004732,3.603454275722168,-1.614124600087301,-1.617211643849508
2.4044179916381836,-0.10470735921484002,0.43563517465033114,-0.07029783928922574,2.1706916295179166,2.2029966723836982,0.022382658124401857,6.930099561987394,22.090617240578027,-5.3949116899372545,3.045005435527114,-1.0744715490095866,0.5693893455488658,3.6034299570270996,-1.614161793385641,-1.6170638243304651
2.4064462184906006,-0.10475044842365766,0.4356167978227965,-0.07031529908712467,2.1706018448923747,2.2030043614973085,0.022399541147346564,7.046500059622842,22.27250921747593,-5.377423862670412,3.052897414340599,-1.0679258627203576,0.564774771456312,3.603426619166992,-1.6142094771014612,-1.6169799009906214
2.408475160598755,-0.1047631918554861,0.43562993850462334,-0.07031438099540828,2.1706144223261608,2.202895166558929,0.022565382283741088,6.9065614237913975,22.191713972566745,-5.674069210997835,3.0561521569977783,-1.080306957865999,0.5702364232091672,3.603414698238037,-1.6143291632281702,-1.6168196837054651
2.410503387451172,-0.10479147761882461,0.43563227990779835,-0.07032036560931214,2.1705322215945086,2.2029263579298455,0.02265516722927212,7.31146522505495,22.2953517947239,-5.543099256461463,3.051400698802533,-1.079057971951242,0.5629296289192665,3.6033870416828613,-1.6143925825702112,-1.6167667547809046
2.412532091140747,-0.104833560665637,0.4356189964512956,-0.0703406590777713,2.170512225845284,2.2028551954622286,0.022664920197554547,7.131759936774319,21.948228808061316,-5.39796465656595,3.062927361211611,-1.0877265992974097,0.5660157026446672,3.6033980089375,-1.6144416967975062,-1.6166155974017542
2.4145586490631104,-0.10486000176770524,0.43564337026471933,-0.07034203757908007,2.1704698371228406,2.2028813353296246,0.022760199600748238,7.09287889322944,22.18739683831789,-5.498089113347919,3.0711966256062273,-1.0782801928348247,0.5605434920931699,3.603381796474121,-1.6144893805133265,-1.6165545622455042
2.4165868759155273,-0.1048845545451196,0.43561279162497807,-0.07036152509782123,2.170395565168235,2.202803201917856,0.022785277568264338,6.939601929071627,22.426440064147354,-5.527073882434171,3.067460735032259,-1.0798301326943256,0.5657587586725616,3.6034018236347656,-1.614577595387594,-1.6164425055133265
2.4186148643493652,-0.10492206419095126,0.435614992695285,-0.07037207650799282,2.170401422946491,2.202777267784988,0.022832261777515687,6.832424473829903,22.363304306798195,-5.395265672839321,3.0654269011061452,-1.0813931399912136,0.5665263735552338,3.6033736902424316,-1.6146062056170862,-1.6163232962237757
2.420642852783203,-0.10494630639782225,0.4356065022516301,-0.07038548609557084,2.170341863196728,2.202725640621319,0.022913905094029383,6.77391742017767,22.427539924808706,-5.4497866717623875,3.0730702588523995,-1.0782347491672775,0.570723130329273,3.603365584010742,-1.614697281514303,-1.6162145773517054
2.4226698875427246,-0.10497934351658408,0.4356273162325112,-0.07038308578601347,2.1703300319987853,2.2027201259458433,0.023083299279473207,7.011357363875779,22.393156160616726,-5.483902842259633,3.0831719063806244,-1.0728281792946222,0.5653851985911442,3.603306456203125,-1.614776913319723,-1.6160910765277308
2.42474102973938,-0.1050278739315148,0.43563077937693434,-0.07038491836997604,2.1702817659877827,2.202748087977537,0.023151503949002266,7.035671663054212,22.286442660743727,-5.424476479121116,3.08540228363285,-1.0757591952612704,0.5628449506674418,3.60329453527417,-1.6148141066180628,-1.61599046388735
2.4267690181732178,-0.10504435477163948,0.4356391620886308,-0.07039289487809638,2.1703026492044715,2.202653117776968,0.02319645265927442,6.764784750294641,22.25799589000058,-5.475356255344647,3.0866821546109002,-1.0854591406478,0.5620838618995937,3.6033217149921875,-1.6148703734027308,-1.6158631483661097
2.42879581451416,-0.10506289547647595,0.43562391843359605,-0.07041558594358649,2.1702395840130033,2.202600608952611,0.023253750093201582,6.864532166945935,22.485464453586125,-5.6098365020377505,3.088789981969449,-1.0806159456849476,0.5617667853630234,3.60329453527417,-1.6149538199054163,-1.6157739798175257
2.430823564529419,-0.10511620994861695,0.4356064587684188,-0.07043499215235403,2.1701570771124814,2.2025949585754137,0.023275882403246375,6.874238845483466,22.11283966818842,-5.386897460462655,3.0927276762767386,-1.0779639854045509,0.5682839521066059,3.6032935815998535,-1.6150062719928187,-1.6156538168536585
2.4328505992889404,-0.10514569199894619,0.4356316939072625,-0.0704284876122205,2.170192379026335,2.2025802483952153,0.023437144801063323,6.888844980412334,22.402468383969918,-5.431818351234274,3.0870866869007205,-1.068515652720286,0.561584747361862,3.603226824397705,-1.6150630156146448,-1.6155269781695765
2.434877634048462,-0.10517268835095893,0.4356101154276928,-0.070442181404658,2.1700972076102993,2.2025284441940483,0.023513843150678223,6.536496314968331,22.604596711717697,-5.3256212500158995,3.0972902988355004,-1.0657411252930498,0.564149266018072,3.6032344537922363,-1.6151703039752405,-1.6154187361346644
2.4369049072265625,-0.10519344287409176,0.43561554283553183,-0.0704445870213493,2.170099112096158,2.202465881948969,0.023584242007737826,6.287614540799308,22.706833376459763,-5.18913612930037,3.094516629213809,-1.0673951957288066,0.5639342231995974,3.603245421046875,-1.6152303854571741,-1.6153033415423792
2.4389331340789795,-0.10523123818180934,0.43560982384187374,-0.07045839084795656,2.1699959752747935,2.20249842388353,0.023596916402688253,6.597825062430625,22.402112658004814,-4.801988048514748,3.102357756334606,-1.062278112890854,0.5651185045863906,3.6032611566730957,-1.6152704397784632,-1.6152527968036097
2.4409608840942383,-0.10524583259481361,0.4356113555999712,-0.07047435522540858,2.1700441320392163,2.202360873517185,0.02371397190295887,6.4418205069390755,22.435607714055436,-4.8850207739539595,3.1003690234172585,-1.0719703232264322,0.5694284966631727,3.6032139497944335,-1.6153658072101038,-1.6150749365436
2.442988872528076,-0.10528609850048942,0.4356035258717207,-0.07048230302356771,2.1699434779348836,2.2024070870828,0.02380399912167333,6.805524876332716,22.701986634169575,-4.89717834486822,3.1006889437841596,-1.0623243793354984,0.5624727733906312,3.6031743723103027,-1.6154306570636194,-1.615009609852926
2.4450182914733887,-0.10531163498019162,0.43563556637920775,-0.0704805291615448,2.1699573016465035,2.2023593496549645,0.023924271069906303,6.715055964672771,22.65982778336058,-4.829586481886803,3.096298727029471,-1.0651555543133862,0.5596455514162799,3.60317771017041,-1.615497891102926,-1.6148784796344202
2.447047710418701,-0.1053497912601971,0.43561248421446824,-0.0705017103590056,2.1699067175423163,2.2023211367392204,0.023935994906406712,6.653960290993424,22.48023451045687,-4.724406730370525,3.0944868109685744,-1.0702486056695613,0.5615304755029256,3.603165789241455,-1.615547005330221,-1.6147664229022425
2.4490747451782227,-0.10537119156402168,0.43562079399342085,-0.07050704112836471,2.1698794374354895,2.2022611689599434,0.024038982894632403,6.702110455622191,22.64863849087143,-4.769152873913556,3.096774105242267,-1.0641133492321349,0.5670470424027796,3.6031696039387207,-1.6156347433673304,-1.6146467367755335
2.4511020183563232,-0.10541474754651534,0.43560688192131825,-0.0705151690950996,2.169775198111801,2.202287610477052,0.02414699186673104,6.654450271521795,22.551632854279287,-4.806125085053686,3.1029059944209707,-1.063446545624206,0.5576195499364699,3.6031295496174316,-1.6157191435443323,-1.6145547072040003
2.4531290531158447,-0.10543951769133106,0.4355878161124377,-0.07053522416400941,2.169763291178424,2.202191650828692,0.02416037641391406,6.684473780805162,22.600966565325187,-4.771390534180466,3.0997869466570704,-1.070008675297019,0.555701197826865,3.603137179011963,-1.615779225026266,-1.6144221464740198
2.455155849456787,-0.10546531565517132,0.4355928839725058,-0.07054549006749408,2.1697189119842526,2.2021748826125864,0.024213509939171433,6.705822868843173,22.4358776761485,-4.7655869694849535,3.1059683544850185,-1.0703626446609316,0.5618628830509277,3.603137179011963,-1.6158321539508265,-1.6143415609942835
2.457183837890625,-0.10549910456016869,0.43561058195649954,-0.07054916445655024,2.1697202217502287,2.202165979498376,0.024347464962969776,6.6082036873227175,22.561414297212522,-4.930033301006232,3.1141904061780417,-1.0606342102047674,0.5639261232847561,3.60307423650708,-1.6158917585956019,-1.6142213980304163
2.459211826324463,-0.1055435567066607,0.43560051534247873,-0.07055794077507418,2.169648740451657,2.2021500629521236,0.024389131375398363,6.413719483296061,22.830573039696503,-4.946146977056916,3.1181168318294588,-1.0555526856992923,0.5679031002194808,3.603097601527832,-1.6159523169146937,-1.6141064802752894
2.4612388610839844,-0.1055523401912352,0.43560930162313805,-0.07057051838661688,2.1696624030044505,2.2020297937187974,0.024475272199659906,6.644512409224359,22.901919889843466,-5.009736468739724,3.1176368487595103,-1.060059915830863,0.5633752116189394,3.603104754085205,-1.6160433928119105,-1.613967243825094
2.463265895843506,-0.10558026343549802,0.43559807982012055,-0.07057832266223928,2.1695642161220245,2.202026555981782,0.02457010382643792,6.899886878958011,22.77287181444033,-5.124056699525202,3.127465457192928,-1.0685378066802869,0.5580918363488285,3.6030923563190917,-1.6161349455462855,-1.6138899962054651
2.4652929306030273,-0.10561991210749622,0.4355971636557578,-0.07058688086092191,2.1694974049506763,2.2020360657926106,0.024638188693070828,6.699004532223489,22.886370719331207,-4.891999778024517,3.123132991961092,-1.0785052483907303,0.5638196300689315,3.603080912227295,-1.6161916891681116,-1.613797966633932
2.4673197269439697,-0.10563760553246487,0.4356036779523147,-0.07059306097290227,2.1694494104947064,2.2019887140836643,0.02476633827461978,6.663733531454043,22.68252521519873,-4.765769030541528,3.135603565299114,-1.0641493438510512,0.5600301127203569,3.603065176601074,-1.6162946859942835,-1.6136930624591272
2.469346761703491,-0.10568255746037855,0.43559850024557867,-0.07060476635243239,2.16938589484154,2.2019964203375753,0.02482774299724745,6.499705612722646,23.12501434551331,-4.96030185064385,3.1449198268779455,-1.0624194501330453,0.5681803275342974,3.6030446726032714,-1.616347614918844,-1.613589111958639
2.4713737964630127,-0.10571449892532844,0.4356046424999868,-0.07060873702800619,2.1693781265470826,2.2019610741879534,0.024920152548817496,6.670170993390526,23.009958751861035,-4.8372180533725615,3.1492312969266036,-1.0634441756301118,0.5666444091408962,3.6030255991169433,-1.6164076964007776,-1.6134651342975062
2.4734203815460205,-0.10575136139421208,0.4355753644753957,-0.07063069466251559,2.1692927595374405,2.201930633033705,0.024924969910945796,6.541024692850725,22.754797051009454,-4.733238904602149,3.148442991690023,-1.06586599155058,0.5681308297963004,3.603029413814209,-1.6164677778827112,-1.6133688131915491
2.4754488468170166,-0.10577674618816363,0.43560370966946926,-0.07062140254366768,2.16933479358486,2.201905048838704,0.025070774701586095,6.517944895534218,22.454535179805777,-4.910934039663405,3.1654221420277873,-1.052220502884793,0.5695521455557173,3.60298935949292,-1.6165202299701136,-1.6132457892047327
2.477494716644287,-0.10580028972720934,0.43557763667992483,-0.07065283452738569,2.1693107484972614,2.2017736468458557,0.0250835123837525,6.517983267893636,22.96683442028136,-4.833876341073393,3.160640150095192,-1.0425733396569825,0.5674806982392486,3.6029931741901855,-1.6166046301471155,-1.6130903402911585
2.4795217514038086,-0.10582713528454145,0.43559746571438424,-0.0706488724910143,2.169237699389021,2.2017923399951425,0.02523536812596528,6.343997003870299,22.965291832186427,-4.970051170402483,3.1565083740483364,-1.0494764037950437,0.5666446876636239,3.602977438563965,-1.6166961828814905,-1.6130126158343714
2.48154878616333,-0.10587419397303272,0.43558654932586904,-0.07068124707736816,2.1691800099171052,2.201663582668088,0.025369490589290923,6.2097180471386615,23.166238603205585,-4.874965754173362,3.1575137891264653,-1.0548208901990914,0.5674024113152893,3.6029464441486816,-1.616847340260641,-1.6127775351153772
2.4835779666900635,-0.10592321280091585,0.4355958401407051,-0.07067527680518136,2.169131834602394,2.2017093258253615,0.025468149858096596,6.39136316795898,23.316345667113094,-4.923422122948756,3.1561944302160385,-1.0499621761351985,0.5683493793320898,3.6029292780109863,-1.6168883482562464,-1.6126816908465784
2.4856059551239014,-0.10595524767852599,0.4355862803179454,-0.07068573098334163,2.169087376805639,2.2016814146937222,0.025516209066131113,6.561309821709727,22.975094477307803,-4.792881638279868,3.158632188564139,-1.0499815636861969,0.5661307607736616,3.6029254633137207,-1.6169446150409144,-1.6125806013690394
2.4876389503479004,-0.10598039887694431,0.4356039245935814,-0.07068856823849619,2.1690641846278633,2.201649283503509,0.02564997251239562,6.465934971240264,22.983200846219606,-4.740862666028736,3.167463596125292,-1.0505161212472718,0.5709787425642281,3.6029016214558105,-1.6170290152179163,-1.6124652067767542
2.4896931648254395,-0.10601361394720926,0.4355900753771888,-0.07071123732747495,2.1690346090078165,2.2015806994767613,0.02563062250715987,6.371378198713999,23.157638627018127,-4.820983272531185,3.178503669150971,-1.0481881117344458,0.5728217421652537,3.60292832433667,-1.6170695463763636,-1.612345043812887
2.4917194843292236,-0.10603875697916323,0.43559690413224267,-0.0707089466868298,2.169017849892969,2.2015645619011996,0.025770958476112292,6.345081383105472,22.872280789591663,-4.655941502182688,3.183642390523365,-1.0480531608430947,0.5710336952690046,3.6028811174580078,-1.6171453634845179,-1.6122406164752405
2.493744134902954,-0.10605934752939573,0.4355773415741404,-0.07073279148700845,2.1689887979902673,2.2014613743155174,0.025819099597975664,6.577993780220365,23.08008252356442,-4.744629014688037,3.1841004352096016,-1.050303487688803,0.5683219414611511,3.6028691965290527,-1.6172331015216272,-1.6121051947223108
2.4957687854766846,-0.10608338679735826,0.43557808595325076,-0.0707392118132321,2.1689600190361986,2.2014242795351846,0.025927456561803734,6.592057470944067,22.686278794859806,-4.522027450799155,3.1916884781181056,-1.0503916075885553,0.5781132957911984,3.6028382021137695,-1.617312256489889,-1.6119969526873987
2.4977967739105225,-0.10612050631335726,0.43557634349885727,-0.07075368712563393,2.1689082963931376,2.20139969896596,0.025982534608391318,6.156023298636236,23.182668805174064,-4.703779386392417,3.187834111592759,-1.0515658222821698,0.5712711239767903,3.6028334337421875,-1.617373291646139,-1.6118853727923792
2.499823808670044,-0.10615389023143691,0.43559085483608473,-0.07074852347154886,2.1688203383872287,2.201463158780479,0.026114881345408063,6.44077122294386,23.47090521093234,-4.693145090059564,3.201534338527513,-1.0438141280641902,0.5760732598240321,3.6028053003498535,-1.6174410025226038,-1.6118353048907679
2.5018508434295654,-0.1061927583576611,0.43557497858539496,-0.0707683405039177,2.1688049823056743,2.2013729954614973,0.026153027302889924,6.57368596785856,23.404558374559215,-4.658042721407723,3.2046042410521363,-1.0552696660087615,0.5773765217353966,3.6028053003498535,-1.617509667073385,-1.611668888722555
2.5038788318634033,-0.10622136805609153,0.4355715228503322,-0.07078231871823658,2.1688137060571355,2.2013072454694007,0.026208014120544732,6.62417530792048,22.96948831115089,-4.59162205092751,3.204826095089142,-1.0577705709700091,0.5782520974170718,3.6027814584919433,-1.617561165486471,-1.6115368048297327
2.5059070587158203,-0.10625902638884552,0.4355885814993926,-0.07079111706593268,2.1687665849975937,2.2013283350893085,0.02626793619853238,6.317175951705603,23.34388045150406,-4.817011673395827,3.208043618863211,-1.051830359331795,0.5751533326272937,3.602773352260254,-1.6175983587848108,-1.6114566961871546
2.507934808731079,-0.10628154645116816,0.43557830477927995,-0.07080068553653267,2.1687211808116285,2.2012762759109,0.026310725791988378,6.0910588956104235,23.277633555125888,-4.873267157877272,3.22543487146251,-1.0429801997137667,0.5788889088080202,3.602792425746582,-1.6176655928241175,-1.6113598982440394
2.5099618434906006,-0.10630661347844501,0.4355641514537394,-0.07081573706132088,2.168677031076472,2.2011923992979963,0.02642904952593663,6.055585826305191,23.436775125790057,-4.655644967349425,3.2189130359282103,-1.0433910816788872,0.5805385463724165,3.6027609544941406,-1.6177809874164026,-1.6112130323993128
2.5119898319244385,-0.10635026001824774,0.4355566596723122,-0.07083560179326556,2.1686436872516897,2.201167434982918,0.02645062522698982,6.061141067803922,23.336447088773703,-4.588407960879489,3.2198206648154435,-1.0493046027065398,0.5795632954267288,3.60274521886792,-1.6178181807147425,-1.6110928694354456
2.514017105102539,-0.10635352226095812,0.4355643014663349,-0.070834711060241,2.168667955352033,2.2010493391330086,0.026588401162021918,6.268902442578218,23.23932671790478,-4.483096897073253,3.2294799467461615,-1.0487185426113574,0.578389326254142,3.602740927333496,-1.61792499223818,-1.6109536329852503
2.516045093536377,-0.10640444078672126,0.4355779448366767,-0.07083815698849234,2.1685946184897444,2.201142718769604,0.02664900444886698,6.253280281253985,23.489234779286534,-4.279458247202207,3.22399187168025,-1.041040428446819,0.5858931874540032,3.6027094560810546,-1.6179383436786097,-1.610903565083639
2.5180728435516357,-0.10641519897826288,0.4355772778502606,-0.07085718137364706,2.1686196914368776,2.2010259338665907,0.026680738472450654,6.423625642220356,23.099383573745623,-4.258554693785261,3.2298358015990307,-1.0317566284706956,0.5787823567832845,3.6027132707783203,-1.6179984251605433,-1.6107757727252405
2.5201008319854736,-0.10646270305605543,0.43555405537148245,-0.0708724315641113,2.1685122216480064,2.2010237381672932,0.026731226747260042,6.220458512968627,23.393200683993012,-4.346376474171768,3.2299886381254863,-1.0266616940283155,0.5790344592131158,3.6027118402668457,-1.6180742422686976,-1.6106680075274866
2.522127866744995,-0.10648220172251915,0.43558188096097034,-0.07086737912990264,2.1685173691094333,2.2010108417813603,0.026883430887791732,5.961125112087345,23.51880005087166,-4.296481255541757,3.234538604310808,-1.0297655947137345,0.5834349607510197,3.602669878596924,-1.6181424299823206,-1.6105716864215296
2.524155855178833,-0.10652241440618693,0.43555695058214594,-0.07089338430701732,2.168430065449462,2.2009767396301316,0.02689112918444636,6.124499566457308,23.356107365680757,-4.329247834789789,3.239240741846023,-1.0261660571207547,0.5827075284469401,3.602672262782715,-1.6182063261615198,-1.6104639212237757
2.526184320449829,-0.10655169088772244,0.43554469024667636,-0.07090957842936645,2.1683813619267363,2.2009490787523758,0.026933833673548294,6.005463035050479,23.375666473420956,-4.1627568146745935,3.2344379358305657,-1.0260743110403836,0.5842712728918711,3.6026531892963867,-1.6182625929461878,-1.6103714148150843
2.528211832046509,-0.10657821246677038,0.43556210674573576,-0.07090844197061529,2.168407509455131,2.200905104778871,0.02702835900621302,5.860752353794987,23.480446132504255,-4.087629605533935,3.2423356531877174,-1.017942348911921,0.584568701607372,3.6026412683674316,-1.6183107534991663,-1.6102474371539515
2.530275821685791,-0.10661896894612281,0.43557805351467244,-0.07091650783905948,2.1683361191844686,2.200937003141797,0.027153240824060766,5.722920324189477,23.741264241311452,-4.23288158416087,3.2497368195618868,-1.0234685515265713,0.5841935427996902,3.602597876186035,-1.618382755910055,-1.6101554075824183
2.5323028564453125,-0.10664177512460414,0.43556310383292757,-0.07092659974090797,2.168286791813247,2.2008887766050016,0.027253246982066617,6.015487896384903,23.415326528200772,-4.04004237230297,3.2545187176612407,-1.0185208115830187,0.5884466450163115,3.6025664049335937,-1.6184747854815882,-1.6100471655475062
2.5343308448791504,-0.1066670958935989,0.4355554431338874,-0.07093638083091187,2.168240655076081,2.200846346340194,0.02728160016443326,5.82114464800987,23.862783702587436,-4.05163520087741,3.2414084194863007,-1.0163454825479927,0.5875064461272126,3.602593107814453,-1.6185310522662562,-1.609955135975973
2.5363588333129883,-0.10668791302640371,0.43557071776191414,-0.07094811205627011,2.168311139864723,2.200724425977388,0.027346490848075725,6.0010301589975565,23.388296048271886,-4.073019588690999,3.2596671012797196,-0.9957599168501272,0.5883262721077372,3.6025892931171875,-1.6185839811908167,-1.6097849051104944
2.5383870601654053,-0.10672563274467953,0.4355514748565224,-0.07096452360552977,2.1681956203673063,2.2007460122379623,0.02739441282006547,5.7822058935777045,23.660590518519445,-3.7972104225336376,3.2611439062390213,-1.000097692543588,0.5898527592245186,3.6025726038166503,-1.6186512152301233,-1.6097195784198206
2.540414810180664,-0.10676312964432828,0.4355687182954337,-0.0709690088176845,2.1682071425929057,2.2007156108394113,0.027499677593571182,6.046330223510137,23.713922068376878,-3.7254545861441835,3.2570938884541114,-1.0020652243863957,0.5842009122230847,3.602541132564209,-1.6187041441546839,-1.6095803419696253
2.542442798614502,-0.106777958813294,0.4355558101160057,-0.07097888072807527,2.168122718533683,2.200664570786571,0.027604769761240294,5.733204617386881,23.537002956434666,-3.689195509087943,3.261030452668078,-1.0096370910134946,0.5842322415653871,3.602536841029785,-1.6188181082354944,-1.6094911734210413
2.5444700717926025,-0.10681331816734205,0.4355609407492709,-0.07098216438414558,2.1680770184645555,2.2006729932475437,0.02763462415273184,5.934402724075745,23.500911274272575,-3.6583211306127787,3.2682522052810747,-0.9898430745433274,0.5898512929134263,3.6025606828876953,-1.6188481489764612,-1.6094148794757288
2.5465123653411865,-0.10683669598739282,0.435552739547121,-0.07100600874045944,2.1680573763713773,2.20057794346258,0.027766070479668836,5.610342546353904,23.507631871679003,-3.6188581583387633,3.2732066696329793,-0.9983152603482275,0.592384619257121,3.602489634151123,-1.61896258989443,-1.6092560927020472
2.5485386848449707,-0.10687559239480743,0.4355559304235999,-0.07100304887835097,2.168043138401851,2.200593360285653,0.027821014034399877,5.858468136207932,23.559482896562823,-3.545039640443257,3.2700803961964344,-0.9977593664439997,0.5881740896676861,3.6024810510822753,-1.618983570729391,-1.6091669241534632
2.5505638122558594,-0.1068882698767411,0.43553238866469485,-0.07103465728123184,2.167942640124776,2.2004770527286905,0.02784107596995932,5.968685375848818,23.548493029567172,-3.3680783586895533,3.2710303558331,-0.9906675482300576,0.5873394780119587,3.6025277811237792,-1.6191027800189417,-1.6090558210956019
2.5525918006896973,-0.10693688538374486,0.4355584944392106,-0.07102489619723003,2.167925150571983,2.2005731698446547,0.027991171027927288,5.71733571366592,23.715020286610937,-3.391539300371491,3.2825908226981184,-0.9909100279110913,0.5925672708950233,3.602438135738037,-1.619124714528219,-1.6089823881732386
2.5546200275421143,-0.10694542929456771,0.4355531541602935,-0.07103855061184315,2.1679426852036148,2.200441878621492,0.028049935970852657,5.58853434645706,23.60456962246285,-3.4053306079899617,3.281559097449005,-0.993458646116005,0.5901430184054814,3.602450056666992,-1.6192076841937464,-1.608842674885885
2.556648015975952,-0.10699988105487984,0.4355395737496233,-0.07105404629330539,2.1678900261544474,2.200423209857625,0.028048859593729766,5.60466894439415,23.422920335614602,-3.572097408126693,3.2785782261627587,-1.0018926592501871,0.5891715858577429,3.602472944850586,-1.6192410627948206,-1.6087115446673792
2.55867600440979,-0.10701591833491439,0.4355475688452145,-0.07105650271855882,2.1678378587794116,2.2003806421588523,0.02820519954916524,5.998834865465283,23.575778423238468,-3.4405483504796086,3.2785633008222974,-0.996884861915789,0.5878588602823539,3.6024491029926757,-1.6193559805499476,-1.608607594166891
2.5607028007507324,-0.10704322803450528,0.43555365124924617,-0.07106637317651754,2.167785829731442,2.20034694757325,0.028320179809562605,5.7322420327232795,23.5688004935982,-3.562268540407817,3.2845679193647714,-1.006043740768529,0.5842945246167786,3.602428598994873,-1.6194480101214808,-1.6084955374347132
2.5627307891845703,-0.10707004627077191,0.43553398743814536,-0.07108783882767256,2.1677135363402615,2.200320352077665,0.02837201475182769,5.828233387986586,23.473891317816747,-3.597644679059272,3.289514787147689,-1.007102108126609,0.5857835067135703,3.602393789882324,-1.6195200125323694,-1.608410660420553
2.564758062362671,-0.1070959677749117,0.43555902104559174,-0.07107692635027318,2.1677067269039396,2.2002961313720535,0.02851417527069485,5.433426458914467,23.672105046547227,-3.632720969016028,3.281996957556132,-1.0076684533722444,0.5957881569049563,3.6023971277424316,-1.6195953528033655,-1.6082952658282679
2.566786050796509,-0.10713781673983055,0.4355461730993479,-0.07109599800567148,2.1676920456717137,2.2002726330164912,0.028531705025463466,5.773269765551331,23.7404551032818,-3.544872419623556,3.2874892096543262,-0.9915926001355247,0.5910338611127652,3.6023623186298828,-1.6196206251727503,-1.6081793943988245
2.5688138008117676,-0.10717201167257018,0.4355311606768135,-0.07110475166250273,2.167609289930964,2.20024524877853,0.028564324003565296,5.891527243624933,23.675914077660565,-3.50797530357364,3.29745489992693,-0.9933750727915064,0.5816977260908693,3.602400942439697,-1.6196892897235315,-1.6080830732928675
2.5708417892456055,-0.10718988408230551,0.43556612047549054,-0.07109676581387069,2.16754434280988,2.2002808684291164,0.028763330466193865,5.855541055469819,23.75494188243604,-3.697932703818901,3.2918494449753477,-1.0126917640635806,0.5911229412669005,3.602358027095459,-1.619788948689596,-1.608025375996725
2.572869062423706,-0.10719954190082458,0.4355257430499224,-0.07113544190856533,2.1675041672087083,2.2001342921228804,0.028726587044156954,6.10089673078852,23.947385254701324,-3.606275499495422,3.2913572653269774,-1.0155108779721047,0.5900524995421452,3.602377100581787,-1.619868580495016,-1.6079052130328577
2.5749008655548096,-0.1072526695098459,0.4355390112012385,-0.07112953447873313,2.1675194708033323,2.20014971633738,0.028827260741626604,5.870068546299353,23.758875349883702,-3.7262597407366607,3.3126315212964794,-1.0161163619585458,0.5887310335076716,3.6023408609577636,-1.6198933760272425,-1.607767407094137
2.5769479274749756,-0.10730059253828753,0.43553714489227036,-0.07113887816187227,2.1674183931820687,2.200185592648634,0.028894581630594152,5.774726416949977,24.183129559480186,-3.741634028667241,3.3174340763489205,-1.004850738680853,0.591088799259273,3.602337046260498,-1.619953457509176,-1.6076820532428187
2.5789759159088135,-0.1073084062799032,0.43553685956135274,-0.07114682961829866,2.1674371169062554,2.2000764373586525,0.028964543230182858,5.8119055214191375,24.037389316437288,-3.7523613804600484,3.328746950626204,-1.0032760946702186,0.5895418393524481,3.6023446756550292,-1.6200292746173304,-1.6075580755816858
2.5810041427612305,-0.10734480420609366,0.435546876072255,-0.07114680804445978,2.167360551849395,2.200106301171367,0.029080519949432716,6.074634097600994,23.717427748455357,-3.7049690867897405,3.3352368649265687,-1.0190734428076655,0.5980387926262646,3.6023289400288085,-1.620101277028219,-1.6074779669391077
2.5830490589141846,-0.10736947419088896,0.4355468395680224,-0.07115249221560152,2.167363711891037,2.2000153066197696,0.029199707173570174,6.2896680089807795,23.816252471397096,-3.565642022445481,3.3353320256670167,-1.0213122302338848,0.5995265697546043,3.602313204402588,-1.6201961676227015,-1.607319180165426
2.5850770473480225,-0.10738498056692104,0.4355369277776182,-0.07117373453492905,2.1673564145704654,2.199921014106644,0.029213567364326433,6.061693831394582,24.083844166638936,-3.672258723450357,3.353353073984707,-1.0138115716423812,0.5983575741331191,3.602320833797119,-1.6202533880816858,-1.6072076002704065
2.5871050357818604,-0.10743350413974068,0.4355283732325908,-0.07119194500725952,2.167282270939724,2.1999370045825275,0.029278844018878907,5.768403184329234,24.130816112944295,-3.9457873427253984,3.361373082991916,-1.0141938316449655,0.5972384254372085,3.6022774416157226,-1.6203091780291956,-1.6071026960956019
2.589134693145752,-0.1074527134603079,0.4355271820745485,-0.07120406381442612,2.167254386998035,2.1998619793672867,0.029343947384251112,6.015359716948541,23.787600854729845,-3.8829168472259377,3.357791710952533,-1.0123353349415305,0.5925821220502355,3.6022893625446777,-1.6203888098346155,-1.6069868246661585
2.5911715030670166,-0.10748682859235596,0.4355309386536624,-0.07120888192460166,2.1671943866577608,2.199876702626769,0.029415853751871005,5.867693245165561,24.471605893251258,-3.9977559715471433,3.355659382117521,-1.016750294467405,0.5976137778144754,3.6022812563129882,-1.6204412619220179,-1.6069095770465296
2.593196153640747,-0.10751336656947272,0.4355370662492067,-0.07120709188680416,2.167176600374307,2.1998688009170015,0.029536773423483147,6.108781933919491,24.25068993268595,-3.9352877989867583,3.3697952474382493,-1.0174151036972727,0.5956109981145694,3.602241201991699,-1.620505158101217,-1.6068137327777308
2.5952181816101074,-0.10754087292342948,0.43552603989053684,-0.07122138401091863,2.167159164973116,2.199775676296889,0.029579402682307555,6.294390163403303,24.12371947712277,-3.7731597733299322,3.36579447990721,-1.0212062567396758,0.594954577291678,3.6022612291523437,-1.6205785910235804,-1.6066697279559534
2.597240447998047,-0.10756072120175357,0.4355210036859148,-0.07123455461147045,2.1670394475786967,2.1997794676374935,0.029680369717095298,6.204084099830385,23.837030914142478,-3.6422685688554672,3.373321725409808,-1.0204600831042356,0.6010542328357891,3.602245016688965,-1.6206806341754358,-1.606617275868551
2.599261999130249,-0.10759745156473123,0.43553055286294357,-0.07124111769900533,2.167072856790222,2.1997117380543707,0.029730844936585517,6.062100134391251,24.231485143068436,-3.7995853098638044,3.3733771552758864,-1.0180568640058187,0.5995747976660266,3.602252169246338,-1.6207178274737757,-1.606462303792135
2.6012823581695557,-0.10763317089226586,0.4355366071250652,-0.07124718162217913,2.1670604410508165,2.1997135262362066,0.029817293021542648,5.972301274569863,24.279024971293502,-3.8036538628700445,3.3778828137423282,-1.0209974199255458,0.6030545378592186,3.602205439204834,-1.6207588354693812,-1.606361214314596
2.6033079624176025,-0.10765180133903401,0.43552268741317907,-0.07125328012416343,2.167044594037549,2.199597870778248,0.02991285588540614,6.110553710458579,24.295606237464163,-3.8653374956249076,3.3787284546401914,-1.024523728277314,0.5986922652176262,3.6022211748310546,-1.6208661238299769,-1.60620624223818
2.6053271293640137,-0.10767166024424851,0.43552563845375986,-0.07126961976035488,2.1669759436837346,2.1995823778227104,0.029991895872382015,6.199917337267653,24.203304116823325,-3.7861280592694992,3.3848132383581038,-1.0277442419099865,0.6039397519084229,3.6021973329731445,-1.6209424177752894,-1.6061371008502405
2.607347249984741,-0.10771972203296368,0.4355312552733305,-0.07127193086664753,2.1668956389706104,2.19958787497085,0.030085022397024326,6.183278747323662,24.32638960905713,-3.7778005512654564,3.3870601596339736,-1.027960883740929,0.5956979168108232,3.6022164064594726,-1.6210182348834437,-1.6060178915606897
2.609368085861206,-0.10774323810758418,0.43551402962376307,-0.07128632361802828,2.166895844041347,2.199535533098817,0.03012825083335671,6.14527391395394,24.066027204667957,-3.894632278556409,3.3894025244057397,-1.0296972864510339,0.6029326286678961,3.6021744447895507,-1.6210625807391565,-1.605912987385885
2.6113898754119873,-0.10776653592629927,0.4355292922747865,-0.07129662168781126,2.1668625294026462,2.1994895096749976,0.03021308647014278,6.05366146628956,24.18870829613664,-3.9030531054388566,3.38340038454,-1.033133459456584,0.6024620020728632,3.602181597346924,-1.6211383978473108,-1.6058052221881312
2.6134185791015625,-0.10777787988779797,0.4355378696023625,-0.0712977278620856,2.166863968801181,2.199413933119308,0.030331609518423803,6.175512793473399,24.440130093785704,-3.85745222922913,3.373758735310813,-1.02485986681006,0.5978056519267982,3.6021734911152343,-1.6212266127215784,-1.6056888739215296
2.6154608726501465,-0.10781973282999599,0.43550748637899006,-0.07130994596933378,2.1668149553872444,2.1993587180442935,0.030379655069315833,6.239009769732733,24.312059581798444,-4.017720791910784,3.3840842719167297,-1.0265586254829864,0.5974318480205157,3.6021696764179687,-1.621298615132467,-1.6055458227740687
2.617487907409668,-0.10785138847510772,0.4355031186511876,-0.0713229857390148,2.166753898977044,2.1993337350226265,0.030411871573711766,6.148573332661792,24.11772053995429,-4.026118384734049,3.384777571379248,-1.0498568262085792,0.5987794940712253,3.602189226741455,-1.621354881917135,-1.6054537932025355
2.6195149421691895,-0.10786839345127153,0.4354976529124754,-0.07133569005971825,2.16671033286135,2.199266125011794,0.03048559533149776,6.295945397885245,24.194651706678908,-4.044689550097052,3.376320882628632,-1.0489410546024884,0.598790725393574,3.6021925646015625,-1.6214426199542444,-1.6053488890277308
2.6215429306030273,-0.10789750153096794,0.43552481757398104,-0.07134116115661988,2.1667339055737,2.1992369710621924,0.03058551167678061,6.236019493103647,24.246648885236432,-4.037731896599077,3.380406074484144,-1.033690478585466,0.5979847273411771,3.602161093349121,-1.6214869658099573,-1.6052292029010218
2.6235709190368652,-0.10796607411144982,0.43549889045347395,-0.07137272033324076,2.166590696436284,2.1991933418968643,0.030668883534327854,6.077519508090271,24.197056703182444,-4.035813057491445,3.3756780458079714,-1.0465283795372287,0.5989369029473828,3.6021601396748046,-1.621615235005514,-1.605037037526266
2.625598669052124,-0.10798947563109595,0.4355120877920694,-0.07137179695529923,2.1665685550766645,2.19915462494377,0.03083191762926548,6.322876022718922,24.38183252807616,-3.857058658613404,3.36011403876505,-1.0473910780456832,0.6000107100382344,3.602125330562256,-1.6217153708087366,-1.6049135367022913
2.6276259422302246,-0.10800161334626528,0.43552795861221455,-0.07137167205183882,2.1665985933494984,2.1990745413213446,0.03095813533669378,6.612001986798142,24.155462076778914,-3.989448078223426,3.374380274127401,-1.0467619445633543,0.595726941301095,3.6021062570759277,-1.6217945257769983,-1.6047857443438929
2.6296536922454834,-0.10804441495041092,0.43553571866929547,-0.07138146178085947,2.1665720290356445,2.1990788661529352,0.03099426908137676,6.185404136522135,24.190493341817405,-3.952005438193149,3.3744584619864293,-1.0465042528566195,0.6018469440442938,3.6021014887043457,-1.621819321309225,-1.604685131703512
2.631680727005005,-0.10805236251828973,0.43551445637517927,-0.07139551526848417,2.1665191111397957,2.1989784342698386,0.031054615159654624,6.21292637382158,24.189272967594192,-3.9839415330625387,3.3704343246647683,-1.0342518352478014,0.6022420387489558,3.602120562190674,-1.6219232718097132,-1.6045807043658655
2.6337080001831055,-0.10809319186707637,0.43553460624455087,-0.07139240613408866,2.1665116449505324,2.198995474550865,0.0311648794688466,6.105167700516232,24.091459148253257,-3.8861721955294546,3.3740105234049036,-1.0323330009899332,0.5980868452055627,3.6020895677753906,-1.6219638029681605,-1.6044724623309534
2.635769844055176,-0.10811854966540328,0.43552723479546984,-0.07140977461753331,2.166432694805442,2.198946930534676,0.03126520663623093,6.167030864571673,23.964343858980005,-3.837859082779073,3.379495542251401,-1.0358588400823487,0.5962480690466796,3.6020733553120117,-1.6220710913287562,-1.604361359273092
2.6377968788146973,-0.10814324700855903,0.4355226437455593,-0.07141686469105783,2.166387088882386,2.1989098415192996,0.03131848026827543,6.28380724373521,23.80669337432753,-3.611173032108947,3.378436093840476,-1.040667544312508,0.597443521392237,3.6020895677753906,-1.6221349875079554,-1.6042683760272425
2.639824867248535,-0.10817941858813616,0.43552487182814337,-0.07143263980202763,2.166363267698796,2.1988779167389643,0.03140660573976199,6.25497710528713,24.151959546548934,-3.6967000268704373,3.3686661033746113,-1.0380561604851355,0.5963314189893878,3.602046175593994,-1.622199837361471,-1.6041410605060022
2.6418516635894775,-0.1082015593420474,0.4355156070810302,-0.07143885471516224,2.166348938931001,2.19882530239384,0.03141654387171575,6.032409597513964,23.794744652859713,-3.786324969812451,3.3803620203179725,-1.0333973335064066,0.5999439850588372,3.6020771700092773,-1.6222370306598108,-1.604049030934469
2.643878936767578,-0.10823667920666709,0.4355112162841779,-0.07145415622395532,2.166232225261696,2.198826836249202,0.0315312845506143,5.942656338505974,24.010406735044523,-3.911395660449032,3.3736372766374547,-1.029378592513905,0.5955630955638329,3.602053328151367,-1.6223438421832483,-1.6039560476886194
2.6459059715270996,-0.10824630416569359,0.43550863766319564,-0.07146188507710713,2.1662215098316566,2.198759331403869,0.031635323758157065,6.227346792966442,23.94758766429555,-3.7923372011923493,3.3748457186872374,-1.0291193371020793,0.6011877110882136,3.602022333736084,-1.6224282423602503,-1.6038559118853968
2.6479339599609375,-0.10828352608406086,0.43552297257890904,-0.07147251654200977,2.1662233125249974,2.1987115697218114,0.03167971296634011,5.999166152229248,24.092261367326422,-3.7465378809700094,3.3705168683796476,-1.0354310217998517,0.601818848558842,3.6020375925251464,-1.6224687735186976,-1.6037209669696253
2.649961233139038,-0.10831755861930135,0.4355319191299226,-0.0714667902376233,2.166164527968397,2.1987355336202006,0.031809402280727525,5.893575419421428,23.81096334124838,-3.7393824416127672,3.3776274754650717,-1.0358756680022334,0.5972998313117164,3.602017565364502,-1.6225407759295862,-1.6036360899554651
2.651984453201294,-0.1083291992417997,0.43550712519428536,-0.07148418383647187,2.166090419313737,2.1986417893648835,0.03185197082269051,5.982579975624901,23.767412799245786,-3.7251588497058954,3.3771200802674057,-1.028287150139071,0.5995025116926709,3.602048559779785,-1.6226442495929163,-1.6035359541522425
2.6540074348449707,-0.10836320390452728,0.4355069432130877,-0.0714935680086164,2.1660973771984002,2.19861489280341,0.031898505018539226,6.123194486091819,24.158665126725985,-3.7638597735570056,3.362055995478491,-1.0284649035533628,0.5981281143411794,3.6020213800617675,-1.6226728598224085,-1.603424374257223
2.656031370162964,-0.1083918961876478,0.4355064123910052,-0.07150965046107507,2.1660520656902893,2.198555013072762,0.03196423242062309,5.971446658494926,23.994090726484618,-3.590235299570764,3.3638721873145765,-1.0348870429437562,0.5971690270069537,3.6020285326191406,-1.6227534453021448,-1.6033008734332483
2.65805983543396,-0.10841396199291008,0.43551569524168576,-0.07151067942421849,2.166006820344303,2.198529419997702,0.03208431076149973,6.327982163059142,24.15285136662084,-3.548519201050434,3.3653325347995944,-1.0299943911357254,0.5924608261041814,3.6020213800617675,-1.6228402296649378,-1.6032050291644495
2.6600868701934814,-0.10843594371615158,0.43552794938942924,-0.07150754715383323,2.165943228596861,2.1985572624927276,0.032186043395435376,6.37383230465719,23.858591010529874,-3.6491153357708894,3.3645723522862117,-1.0367654812893832,0.5999213509744206,3.60201279699292,-1.6229012648211878,-1.6031582991229456
2.6621150970458984,-0.10847602017510982,0.4355024774226117,-0.07153468028450363,2.1659061590414885,2.1984722996169634,0.032240221808521145,6.122579101911982,23.72347106090175,-3.5750234372202017,3.3592727705963705,-1.0427811244307348,0.5969340768910913,3.6019813257404785,-1.6229851881610315,-1.602992359791891
2.6641428470611572,-0.10849826151322732,0.4355123728752596,-0.07153593082720158,2.1659122958434787,2.1984094713256273,0.03234307780526193,6.0306710841268325,24.06348650274209,-3.6943983613612397,3.3584065832430414,-1.041469597712768,0.6014160651655547,3.601977511043213,-1.6230571905719202,-1.6028645674334925
2.666170120239258,-0.10850696007512546,0.43553333731834204,-0.07153183674082343,2.1658252014873765,2.1984004328556557,0.03249926555872361,6.506801074378948,24.176115222324707,-3.8188497667318964,3.3647392213589598,-1.0379048660970478,0.5951372068782697,3.6019884782978515,-1.6231730620013636,-1.6028078238116663
2.6681978702545166,-0.10853764367613267,0.4355065421924541,-0.07155721442191221,2.1658203490636576,2.1983566136108066,0.032475368301789945,6.344379316827446,23.703757311143995,-3.704138415069586,3.355934905814209,-1.0510376534949621,0.5945093664408118,3.6019503313251953,-1.6231864134417933,-1.6027115027057093
2.6702258586883545,-0.1085632325415713,0.43550218344785074,-0.07156394734510525,2.1657735967883327,2.1982898498572143,0.0325643678131808,6.315824538299324,23.809499232044548,-3.837694128167015,3.3534935956238607,-1.0490299418690927,0.5975464865500097,3.6019694048115234,-1.6232813040362757,-1.602584187184469
2.6722536087036133,-0.10859459448097461,0.4355031714974221,-0.0715783551113173,2.165742739376818,2.1982398995493133,0.03267762199740206,6.357575202946669,24.00458897794135,-3.765298312083467,3.36291110193882,-1.042314028256934,0.5960847675291574,3.6019293504902343,-1.6233699957477015,-1.6024482885943812
2.6742942333221436,-0.1086220679490282,0.43551892718304186,-0.07157436802912365,2.1657469001551153,2.1982005727524623,0.032759348122219804,6.458445393980824,23.941900433057064,-3.712715513540338,3.3582171543835804,-1.0504664518306626,0.5987225321973108,3.601949377650879,-1.6234214941607874,-1.6023324171649378
2.6763217449188232,-0.10864333202443087,0.43554603233047556,-0.07156614981096711,2.165719722329647,2.198205253998448,0.03292212786324229,6.663390670565941,23.842299854106454,-3.706839604714736,3.354322603510758,-1.059090664439374,0.5929115372077081,3.601921721095703,-1.6235020796405237,-1.6022480169879358
2.678349018096924,-0.10866562890595771,0.43553297369466565,-0.07158310966121137,2.165634826327229,2.198149354469612,0.03300548759540181,6.497030518773627,23.96848271168317,-3.676850667270294,3.3641258017226416,-1.0584483945358258,0.600603844593153,3.601921721095703,-1.6236088911639612,-1.6021435896502894
2.6803767681121826,-0.1087058951270482,0.43554801321753367,-0.0715828178475516,2.165721870055639,2.1981056236971224,0.033057362116064734,6.398008241172692,24.295024958762866,-3.8699238451008378,3.3718720315891715,-1.046490095408609,0.5985768779897966,3.601893587703369,-1.6236069838153284,-1.6019919554339808
2.6824049949645996,-0.10872847297997615,0.4355149772825326,-0.07160585224333126,2.1655876775466814,2.19807188192096,0.03308079051636654,6.07624669131651,23.84019613616485,-3.951722879271221,3.3743037897196824,-1.0473483638561147,0.5962282551544938,3.6019131380268554,-1.6237018744098108,-1.6019271055804651
2.6844327449798584,-0.10876819266440615,0.43550006643767825,-0.07162065769945095,2.165529988783613,2.1980330064128233,0.03312036108286534,6.485164304823553,23.811376764381713,-4.124362317176734,3.3761634794373268,-1.0512325775066484,0.5991738681476446,3.601921721095703,-1.6237662474261683,-1.6018040815936487
2.686460018157959,-0.10878041689787071,0.4355236675802809,-0.07162110785020732,2.1655374349093695,2.197972326889089,0.03322630393585144,6.63600846855404,23.8037120955137,-4.096857879398784,3.3889175434399856,-1.05762317980258,0.6029198059000919,3.601928873653076,-1.623838249837057,-1.601699177418844
2.688525915145874,-0.1088186180290746,0.4355355366629243,-0.07162210361156013,2.1655219177566454,2.198003394079614,0.03337966828127499,6.55170223307272,24.020819126666,-4.035607021573601,3.384941024128778,-1.0609842639719895,0.5968389513077463,3.60183493673291,-1.623894993458883,-1.6015985647784632
2.6905648708343506,-0.10884087707780679,0.43550191782666575,-0.07166299679997008,2.165484316719267,2.197854041275656,0.03333698161241469,6.365973920766369,23.843237489324068,-4.182414969815679,3.3939910661607935,-1.058937759574681,0.597947898217026,3.601869745845459,-1.6239708105670374,-1.601447884236471
2.6926491260528564,-0.10887266329558627,0.4355134918101493,-0.07165632566980998,2.1654134023775162,2.197893562833546,0.033478993519347244,6.243897466433396,24.399895703909984,-4.267819728633562,3.387315780221826,-1.0504348142052258,0.6009466422128803,3.6018425661274414,-1.6240466276751917,-1.6013787428485315
2.6946749687194824,-0.10890550973896426,0.4354880483662622,-0.07168213842291207,2.1653686164896464,2.19780980298489,0.0334262980091823,6.375904466555693,24.16260558456708,-4.252373704819137,3.395565056868758,-1.0460615490448604,0.6014435843397621,3.6018964487263183,-1.6240876356707972,-1.6012585798846644
2.696697950363159,-0.10892454609757253,0.4355070276205427,-0.07167659265870283,2.165403359752041,2.197759901987118,0.03357755011765394,6.287003593966906,23.880232878385492,-4.187573243320796,3.400788852628705,-1.0585953306913403,0.6010748582214198,3.60185353338208,-1.6241596380816858,-1.6011317412005823
2.698720932006836,-0.10893592760310704,0.4355305644872292,-0.07167826450490716,2.1654163832609936,2.1976959369672646,0.03372103653272094,6.524246628361456,23.795534351195634,-4.044362837093553,3.3995573034000395,-1.0591020760915746,0.6049762497807788,3.6018268305012207,-1.624246899281637,-1.601015869771139
2.700749158859253,-0.10896883438191332,0.4354996692800355,-0.07169488336089522,2.1652735797565983,2.1976760079507813,0.03376212447299265,6.498542893456131,24.221771957079866,-4.232879133033115,3.4001731783708986,-1.054255831682919,0.5996966217794857,3.6018568712421875,-1.6243460814105433,-1.6009348074542444
2.7027769088745117,-0.10901028501136366,0.43552733960085055,-0.07169463305016259,2.1653155375876016,2.1976651644473346,0.033844851497623764,6.290056778381683,24.19105584996198,-4.433582989708756,3.401636856269885,-1.0586586948520946,0.5998708329195391,3.601832552547119,-1.6243637243853968,-1.6008036772357386
2.704803943634033,-0.10904501945735069,0.4355087081390353,-0.07170604830112653,2.165214375382514,2.1976575630000914,0.03391552709859029,6.49687687315758,24.21057606066341,-4.368634327472029,3.4021236495684453,-1.058429537130879,0.6024837818756308,3.6018292146870117,-1.6244481245623987,-1.6007145086871546
2.7068309783935547,-0.10908105651661844,0.4355182256617966,-0.07170788207861026,2.165209914787859,2.197626857738975,0.03404265800288498,6.430073640400912,24.334757875398605,-4.407371256311384,3.412469524673962,-1.0622018808698734,0.6008121082486867,3.6017934519001464,-1.624519173298971,-1.6005757490741175
2.708857774734497,-0.10909976244991225,0.43553179881449294,-0.07171981200216669,2.165165980572273,2.1976022328588507,0.034121703918242235,6.381081523967913,24.361829072907728,-4.480535002420208,3.415705624151616,-1.0676768175488156,0.6005860498783571,3.601785822505615,-1.624587361012594,-1.6004985014544886
2.7108848094940186,-0.10912617003076469,0.4355134457473519,-0.07173107596495903,2.1651080222661983,2.1975548637711717,0.034167160774617955,6.5056476820207925,24.359008728268968,-4.431747073752569,3.4094729300490982,-1.0665751245391024,0.6048074364707225,3.601796789760254,-1.6246593634234827,-1.6003978888141077
2.7129130363464355,-0.10914386705065145,0.43549990497252666,-0.07174418701984604,2.1651058793565396,2.1974709197542954,0.034234165278076864,6.2141544287911845,24.489368029678065,-4.44737749990512,3.423286787092915,-1.0601067289480282,0.6032519300121608,3.60177390157666,-1.6247313658343714,-1.6002753416644495
2.714939832687378,-0.1091953103895216,0.43549177056115934,-0.0717598468211343,2.165036855729952,2.197505147127976,0.034265754119695103,6.448111055677299,24.36513425018342,-4.5716714467625215,3.435565643174146,-1.0607574578899153,0.6076316528277919,3.6017467218586425,-1.6247604529010218,-1.6001861731158655
2.716974973678589,-0.10920834396225094,0.4355054146176814,-0.07176313689376422,2.165004530739558,2.197441501921976,0.03437423779281543,6.509284365500994,24.147136077064832,-4.649025426213294,3.43328037234138,-1.0749052956157041,0.6004256734371227,3.6017657953449707,-1.6248553434955042,-1.6000822226153772
2.7190253734588623,-0.10924788723879114,0.43552055286052405,-0.07175224136529386,2.1649805471544132,2.197466529638365,0.034512531329501106,6.3909158333305625,24.622896828968084,-4.591188051405672,3.43687020192177,-1.082783568331791,0.6031123481525378,3.6017376619526367,-1.6249125639544886,-1.5999787489520472
2.7210469245910645,-0.10927073980099611,0.4355067735974225,-0.07177515019795488,2.1649374285270895,2.197393614654221,0.03451745447472848,6.873243831554372,24.628601370343425,-4.675054086436337,3.4456563261420197,-1.0743963947007824,0.6026540181760688,3.601757689113281,-1.6249726454364222,-1.5998743216144007
2.7230677604675293,-0.10930189863565387,0.4355134666013923,-0.0717726173167042,2.1649155377827496,2.1973690436541435,0.034686705723800386,6.609162887716684,24.408256508617875,-4.868976805268131,3.4478079222201607,-1.088167777958135,0.6055848982943992,3.6017066675373535,-1.6250680128680628,-1.5997431913958948
2.725088357925415,-0.10932882450132379,0.43549897999610754,-0.07179393936989048,2.1648477859342385,2.1973145246267647,0.03467611610243669,6.647229622304519,24.429806790823783,-5.020038047391063,3.45070605489033,-1.09184356109289,0.608661231763957,3.6017486292072753,-1.6251242796527308,-1.5996511618243616
2.727108955383301,-0.10935887113679756,0.4355076500143379,-0.07179619583607297,2.1648346089525723,2.1972813441204435,0.034827683889169944,6.777087385330771,24.520563189128207,-5.068537181714632,3.448181646699689,-1.095094421033208,0.6071901930418908,3.601698561305664,-1.6252120176898401,-1.5995190779315394
2.729128360748291,-0.1093683002730714,0.43550923766852595,-0.07180300215805788,2.164809221360795,2.197216591621685,0.034905920192592886,7.047865202577505,24.359025213599413,-4.964431725820586,3.453705932156174,-1.091115125712959,0.6083948725100012,3.601705713863037,-1.6252911726581019,-1.5994299093829554
2.7311484813690186,-0.10940661945071437,0.4355093018155069,-0.07180610539082533,2.164769931260126,2.1972043022997503,0.03498097377080994,6.704561211918725,24.48189153350812,-5.031605159509629,3.4516256049052894,-1.1000875977230018,0.609379244332591,3.601705713863037,-1.625347916279928,-1.599318806325094
2.733170986175537,-0.109442692414234,0.4355040253453332,-0.07181952890700122,2.1647094646741825,2.1971939867787147,0.03502293388158825,7.164649287996648,24.36264119808805,-4.946420412490879,3.4520942837102373,-1.0967486428597464,0.6075548503081808,3.601705713863037,-1.6254003683673304,-1.5992258230792444
2.735199451446533,-0.10945666840675039,0.4355129301891768,-0.07182887477214621,2.164713128106525,2.197099800645459,0.035131079862268315,7.253577185082559,24.62259682924763,-4.933303562953971,3.440739931296435,-1.0985990655902416,0.6035500238874054,3.6016976076313476,-1.6254923979388636,-1.5990913550006312
2.737244129180908,-0.10948010584653843,0.4355056947567774,-0.07183689757764568,2.1646974637854273,2.1970592351569027,0.03521501810380865,7.083868661401889,24.603398950240734,-5.025693655566212,3.4492150827044354,-1.102033007237255,0.604574168702495,3.601662798518799,-1.6255562941180628,-1.5989869276629847
2.739271879196167,-0.10951326766405398,0.43550014090651945,-0.07185561169207805,2.1646188208090904,2.1970454573706717,0.03523126202937293,7.102620267595985,24.617828412458607,-4.981645276924957,3.446411945304444,-1.0962064102549647,0.6113968638193715,3.601681872005127,-1.6256087462054651,-1.5989068190204065
2.741340160369873,-0.10956180040463744,0.4354914585259904,-0.07185724361000681,2.164545074138087,2.197063365830152,0.03530124499921136,6.8133741816487765,24.257836435611466,-5.020728822985949,3.4460238663368874,-1.0872079236606458,0.6100408786032939,3.6016856867023925,-1.625665012990133,-1.59880239168276
2.7433838844299316,-0.10957645723343028,0.4354926024321387,-0.07187429251639299,2.164516268495376,2.196993672465195,0.03538089442928608,6.594291221901201,24.75831219821091,-5.005269906277352,3.4478896120827742,-1.0686211809362032,0.6074031894274889,3.601669951076172,-1.6257489363299769,-1.5986974875079554
2.74544095993042,-0.1095947906896539,0.4355076698623621,-0.07187449699078127,2.1645218746664554,2.1969581820097783,0.035505466411642116,6.47111924348172,24.84645075538086,-5.052011107607801,3.4560428457832044,-1.067915431077136,0.6055371153072766,3.601635141963623,-1.6258171240436,-1.5985944906817835
2.7474911212921143,-0.10962111887945303,0.43548825273024205,-0.07189703019962272,2.164449219000321,2.196889318321922,0.03555453425611616,6.579996507851469,24.26191178778701,-4.956763049548655,3.4539931111573803,-1.06966393159711,0.6081279848174713,3.6016389566608886,-1.625909153615133,-1.598478142415182
2.7495532035827637,-0.1096610253160189,0.4354798057163737,-0.07190118195205468,2.164412441375404,2.196876737418991,0.03560370297384378,6.431352007258304,24.14442203305377,-5.027991101009309,3.45756971066563,-1.0676904151237252,0.6127381027008549,3.601642294520996,-1.625953499470846,-1.5983699003802698
2.7515809535980225,-0.10968306436120685,0.4354890063646376,-0.07190423355382927,2.164430509750757,2.1968371234184034,0.035710810296569945,6.335656961918015,24.64659560330417,-5.1266440481340805,3.4644074845970843,-1.0529433794329042,0.6099331133535856,3.6015989023395996,-1.626009766255514,-1.5982583204852503
2.7536089420318604,-0.10970104539522393,0.4355208906213666,-0.07189513881307054,2.164367220097127,2.1968408469712375,0.03588893462638034,5.967958170771279,24.55687260005175,-5.081210229374292,3.4702783209536188,-1.0406994526182793,0.6116121563213524,3.6015989023395996,-1.6261161009417933,-1.5981815497027796
2.7556369304656982,-0.1097507618292326,0.43550019692621067,-0.07191580074399201,2.164323105577082,2.1968148391906137,0.035861781067110646,5.912852076553578,24.565565480431104,-4.83665671365512,3.4581888624327997,-1.028886648181525,0.6104760745483622,3.6016146379658203,-1.6261375586139124,-1.5980613867389124
2.7576653957366943,-0.10978911493521462,0.43548892092542174,-0.07194114843553673,2.16422854282824,2.196701924079865,0.03603412441761254,5.81996439758768,24.232547545579173,-4.522617501464572,3.461577057272098,-1.0073299613768647,0.6141688216436553,3.6015941339680175,-1.6263158957110804,-1.597853962575094
2.7596933841705322,-0.109842781992349,0.43549613192966297,-0.07194244572053074,2.164158037359352,2.1967474954794026,0.03614073904351253,5.564740826800384,24.67846415994816,-4.5540221271539085,3.4484849654783187,-0.9950471794844995,0.6126565902198802,3.601569815272949,-1.6263721624957483,-1.5977490584002894
2.761721134185791,-0.10985453119999919,0.4354921468020512,-0.07195514180231653,2.164108438504226,2.196660201660793,0.036228258453531184,5.54508043210333,24.252439267236777,-4.462544411665367,3.4451869587649098,-0.9889567515581199,0.6132023633073364,3.601586027736328,-1.6264789740191858,-1.597637955342428
2.76374888420105,-0.10989918850393005,0.4354770276295423,-0.07197182674163231,2.164092447145636,2.196622086747582,0.03620857570184215,5.235545419719162,24.394627259436202,-4.445126085216684,3.4414124304477416,-0.9853116580152258,0.6086389480000862,3.6016008096882324,-1.626495663319723,-1.5975139776812952
2.765777111053467,-0.10990632105452225,0.43548763956649766,-0.07197148234483619,2.1640483200623266,2.1965716825662724,0.03637261236571375,5.230953966795426,24.46252739856064,-4.448876916274386,3.443368707337221,-0.9825550324810725,0.6000551685181019,3.601580782527588,-1.6266143957721155,-1.5974214712726038
2.767805576324463,-0.10996035813316904,0.435487257547951,-0.07198502253583088,2.1639479322054953,2.1966160900715064,0.036453444676338716,5.210340047366553,24.285786062383863,-4.405678919509477,3.447127454581353,-1.0014957037030747,0.601263461106701,3.6015536028095703,-1.6266754309283655,-1.597325627003805
2.7698330879211426,-0.10998324351632272,0.43549262644689124,-0.07198411310116763,2.1639742639927806,2.1965651782965603,0.0365485365923397,5.652056581892727,24.462650050281976,-4.415910588494227,3.4399534661038857,-1.033086963375426,0.6061358460270526,3.60152976095166,-1.6267278830157679,-1.5972054640399378
2.7718613147735596,-0.1100064583973594,0.43546261683059795,-0.07201215691762693,2.163867454187245,2.1964982912666473,0.0365574096672865,6.088939416169325,24.26600438711838,-4.229911340109,3.442903557394199,-1.0451830445685217,0.5972471712307239,3.6015569406696777,-1.6268189589129847,-1.5971129576312464
2.7738890647888184,-0.11004093572779515,0.4354993059187363,-0.07199837293502465,2.1638834178308906,2.1965177291924918,0.03673188252374723,6.152700295625075,24.501716064454,-4.326513334562581,3.446146518722174,-1.0388298138107224,0.5986089050627146,3.601510210628174,-1.6268747488604944,-1.5970013777362269
2.7759220600128174,-0.11004294865398082,0.43548379855458014,-0.07201482555204668,2.16382012663797,2.19640838412758,0.03683987988911718,6.0454647275001925,24.469226989166252,-4.1973673292397065,3.4476526131388106,-1.039674660876907,0.5956493789241981,3.6015092569538574,-1.6270092169391077,-1.5968921820269983
2.7779502868652344,-0.11009292934998632,0.4354795486676445,-0.07202861872446759,2.1638080637953085,2.196379478606082,0.036855006326560656,6.106919276541509,24.250859860812703,-4.1286027982947315,3.4442149910686215,-1.0474349665564027,0.5911245825616892,3.6015140253254394,-1.6270340124713343,-1.5967534224139612
2.7799782752990723,-0.11010618746881687,0.4355188195274387,-0.07202188829558209,2.1638093774320484,2.1963458689353006,0.037047851932851324,6.2607045713143865,24.296220690904605,-4.28875734228052,3.443809147398674,-1.0522427462937964,0.5951838204403819,3.601483030910156,-1.6271331946002405,-1.5966456572162073
2.782006025314331,-0.1101269412008685,0.4354933864910699,-0.07204255189387966,2.163782664371806,2.1962915107652896,0.037041711494827045,6.539736618325476,24.345542922764267,-3.967987800924427,3.4430121799455704,-1.0440223836512852,0.5928002557484275,3.601471109981201,-1.6271708647357386,-1.5965617338763636
2.784034252166748,-0.11018190969517563,0.435479461660552,-0.07205173686130746,2.1636261600345392,2.1963387965816725,0.037113408867084835,6.222469009319233,24.3405766249586,-4.019497353129193,3.444039769734103,-1.053233420700219,0.597559885214082,3.6014901834675292,-1.6272547880755823,-1.5964763800250452
2.786062240600586,-0.11018736866023088,0.4354899724351339,-0.07206372749562148,2.163622066978831,2.1962410989431507,0.03724775172883233,6.737040025856079,24.197554408170404,-4.111419745367679,3.4396253482365964,-1.0459654668948484,0.5948017798692828,3.6014620500751953,-1.627364460621969,-1.5963528792010706
2.788090467453003,-0.11022793744174882,0.435498785952766,-0.07206717000307905,2.163624932927271,2.196237449746183,0.037293503956691565,6.43838211606878,24.39191000121501,-4.147632883793573,3.4411447699912343,-1.048996952797384,0.5936181861905983,3.601453943843506,-1.6273825804339808,-1.5962451140033167
2.790118455886841,-0.11024033892812674,0.43548131411189916,-0.0720859863406905,2.1635355247288786,2.1961865514936187,0.037375280454884856,6.398744301741745,24.393062714285044,-4.34737746876749,3.4493768837205185,-1.052479039357542,0.5951790069214058,3.601438208217285,-1.62748891512026,-1.596168343220846
2.792147159576416,-0.1102776890347071,0.4354727056373999,-0.07209754336966323,2.1635098792865377,2.1961198623255727,0.037385435944450256,6.732168442280867,24.42295647520662,-4.3168891852549915,3.448552689676633,-1.0557305986161123,0.5953769011445085,3.601485415095947,-1.627538029347555,-1.5960319677936
2.794191360473633,-0.11029335845164193,0.43548508289412485,-0.07210399385756151,2.1634691463075666,2.1960801131758965,0.03753033468251187,6.803828112606365,24.60629603955478,-4.3994038527080885,3.452914761195215,-1.065570683582405,0.5892080305845262,3.601453943843506,-1.6276410261737269,-1.5959327856646937
2.796220541000366,-0.11033680852242063,0.43547397885061623,-0.07210645951102194,2.1633797756918773,2.19612823058334,0.03762384455429545,6.732894274031561,24.473108477883265,-4.485319605334606,3.4627648933186737,-1.0695610092985588,0.5976931710251971,3.6014181810566406,-1.6277006308185022,-1.5958598295794886
2.7982678413391113,-0.11036078723001291,0.43548630366801155,-0.07212383072647037,2.163344179305542,2.1960671259946256,0.03772338661084437,6.526302842267462,24.744100851922557,-4.4928636252799174,3.4678495311684987,-1.0688267429112088,0.5989883604777152,3.6014062601276855,-1.627791706715719,-1.5957358519183558
2.8002986907958984,-0.11039406624196184,0.43550340784774316,-0.07211973441129504,2.16336260070284,2.1960359811869896,0.03781516425058787,6.341093304775518,24.378912677490167,-4.431851339410192,3.485105082850563,-1.061326441391243,0.5968884862910773,3.6014062601276855,-1.627836052571432,-1.5956090132342737
2.8023273944854736,-0.11041700088569638,0.4354937481165041,-0.07212906665971876,2.1633298424740257,2.1959780717404938,0.03786145559531174,6.355560161534588,24.73171481097175,-4.550402726572601,3.485946508399351,-1.0500297257178142,0.5949846106383374,3.601421995753906,-1.6279009024249476,-1.595504109059469
2.8043503761291504,-0.1104391783420254,0.43548679072357444,-0.07214874718097639,2.163313622551431,2.195895874223154,0.03796491594518331,6.315643663409117,24.69689151849966,-4.412656778976635,3.48427389910519,-1.0573477345335267,0.5980983267141146,3.601374788875244,-1.6279948393451136,-1.5953648726092737
2.80637264251709,-0.11047677992895072,0.43548385320949895,-0.07215998309633308,2.163257002325831,2.195890385876453,0.037991207105949665,6.253571537664915,24.44767674764687,-4.295399023887408,3.4916468580685702,-1.0614641250635877,0.5987001096841864,3.601390524501465,-1.628035847340719,-1.5952757040606897
2.808394193649292,-0.11050556330216794,0.43548307216016974,-0.0721705924798473,2.163230040654416,2.1958437335494447,0.03805472041439145,6.552795275976005,24.616880866038578,-4.407546880004952,3.4915327252949337,-1.0592189284539635,0.6014700348084767,3.601390524501465,-1.62809926668276,-1.5951607863055628
2.810417413711548,-0.11054018190718798,0.43546990312441464,-0.07218562613489195,2.1631383516346396,2.1958452083829547,0.03811860854828719,6.398562385252531,24.570337146412065,-4.405180311651084,3.4865090875977787,-1.0607637700708523,0.6002654962950394,3.6013738352009277,-1.6281712690936487,-1.59507924715151
2.812446117401123,-0.11055115268684264,0.43548597010501,-0.07219097566799144,2.1631616303617767,2.1957703080627162,0.03822568667311096,6.154283939004367,24.833311645900643,-4.544971703671435,3.4902694444357993,-1.0502261615437287,0.6013429861327111,3.6013542848774414,-1.6282432715045374,-1.594964329396383
2.81447434425354,-0.1106033322795704,0.43545913104091244,-0.07221204807635566,2.1630636722774024,2.1957810736905454,0.03823031569520366,6.321874962486218,25.00786512283004,-4.479974317872257,3.4960532515208613,-1.0421668866735165,0.5948499437632749,3.601350947017334,-1.628287140523092,-1.5948665777789515
2.816502571105957,-0.11061584014703929,0.43546767388027213,-0.07221873179778457,2.1630933598223936,2.1956829885017424,0.038345417678560687,6.316979435338095,24.51717001902277,-4.530435017857003,3.500818561136671,-1.0556625003225968,0.598194840129761,3.601327105159424,-1.6283710638629358,-1.5947273413287562
2.81854510307312,-0.11066107049159711,0.43546612784719263,-0.0722267775829185,2.1630274259330897,2.1956870854454813,0.03842545506907301,6.294927561776931,24.554007655187075,-4.335249889917155,3.4950320721494026,-1.061771170719151,0.6047245831249951,3.601318522090576,-1.628434960042135,-1.5946157614337366
2.820573091506958,-0.11069077082229845,0.4354795269164667,-0.07222049851374387,2.1630332822919933,2.1956417114092193,0.03854808461345643,6.237787814312394,25.037568140478665,-4.550037395657014,3.502292852426889,-1.052649348256053,0.6032526768797368,3.601318522090576,-1.6285064856158655,-1.5944798628436487
2.822601318359375,-0.11072292665957653,0.4354848157291061,-0.07223068367055804,2.1629737753735223,2.195642344914266,0.038654984154822,6.36679197346702,25.00197960326637,-4.77943605641176,3.5022349978806373,-1.0493862976701946,0.5985076365895965,3.601283236140869,-1.6285813490497034,-1.5943873564349573
2.824629306793213,-0.11075495250204109,0.43547721878775963,-0.07223814791604595,2.1629139535487893,2.195612657111932,0.038685265780419094,6.560597043633921,24.71479155949529,-4.672620414621011,3.5098760145617804,-1.0543322815626301,0.6051564163245022,3.6013223367878417,-1.6286380926715296,-1.5942915121661585
2.826657295227051,-0.11080039184529589,0.43546190405329593,-0.0722638277213712,2.162794187448818,2.195638603126548,0.03873693057543784,6.466862489746944,25.19817400692996,-4.664347969178564,3.5101055055520627,-1.0650173986997848,0.6005740830959024,3.6012870508381347,-1.6287062803851526,-1.5942114035235804
2.8286852836608887,-0.11080437300616772,0.4354658654800575,-0.07226963312429018,2.1628206990200134,2.1955155819184395,0.03884264565700874,6.414050064031612,25.389597766226743,-4.832867642816274,3.515996317423289,-1.066878747574828,0.5975099774652296,3.6012865740009765,-1.6288006941424769,-1.5940750280963343
2.8307132720947266,-0.11084920154085189,0.4354819782074034,-0.07227320017150857,2.162780716421182,2.1955575799971894,0.03893549312528907,6.491545771413526,25.067832885755003,-4.862210458289191,3.52657946686911,-1.0653163160665535,0.6043270279146934,3.6012512880512695,-1.6288378874408167,-1.5939868132220667
2.8327414989471436,-0.11087093470191288,0.43545861188489954,-0.07228648244684412,2.1627028209437156,2.195478084254054,0.038964486771927244,6.544691322071837,24.946536106773138,-4.979849470680066,3.527382324155084,-1.0603064165684735,0.6011033923818678,3.6013051706501464,-1.6289289633380335,-1.5938785711871546
2.8347692489624023,-0.11090854104179847,0.4354702080160526,-0.07229864691591925,2.1627125364139004,2.1954449095741873,0.03907824958343855,6.427500572393032,25.307309319905972,-5.103246934234068,3.526944774523941,-1.0611003179570964,0.5974219900123705,3.60124318181958,-1.6289885679828089,-1.5937359968768519
2.8368031978607178,-0.11091912179771354,0.4354519789208775,-0.07231783202583861,2.162684117098236,2.195320406295115,0.03910350981232612,6.770750109730827,25.308560008984163,-5.053830598707699,3.538852566890597,-1.0607637536205907,0.5946938959795163,3.6012813287922363,-1.6290763060199183,-1.593612019215719
2.838860034942627,-0.11095901815356334,0.43547608251549624,-0.07231381567370833,2.1626830554494196,2.1953502755690395,0.039198869572059765,6.507879366628414,25.183190500828044,-5.182940519909519,3.5422376198082812,-1.0785431099615472,0.6033334607372248,3.6012541490742187,-1.6291011015521448,-1.5935195128070276
2.840888261795044,-0.11100563386094062,0.4354575272324132,-0.07232390959387763,2.1625661283396647,2.1953635199341597,0.03924892445647986,6.584209139271296,24.939337678617058,-4.993015270422804,3.544457547971394,-1.0740459154546678,0.6004000876277727,3.601273222560547,-1.6291731039630335,-1.5934270063983362
2.8429160118103027,-0.11101541449097581,0.43548658765107856,-0.07232814569682051,2.162596803824625,2.195305582427561,0.03941884726381445,6.478131544918641,25.33867347831218,-5.089261228681784,3.543787656785397,-1.0652242651214343,0.6021804611672464,3.6012069421955566,-1.6292603651629847,-1.5933106581317347
2.8449442386627197,-0.11104494825397858,0.43545753068286025,-0.07234025442321569,2.1625349425120834,2.1952412845864786,0.03943240373800279,6.422574556828245,25.548825015210387,-5.210410016609447,3.546158606265956,-1.0677964684699601,0.6027280911222991,3.601245566005371,-1.6293285528766077,-1.593198601399557
2.846987009048462,-0.11109517894384954,0.4354898731147844,-0.07234020057664867,2.1625175546177595,2.1952802366578004,0.0395902604538113,6.457699734522903,25.292106440470924,-4.9777868130486995,3.5494298296423272,-1.069115644412451,0.6102044787683951,3.6011831003376464,-1.6293838659869593,-1.5930755774127405
2.8490149974823,-0.11110118734395867,0.4354655413013744,-0.07236321079431905,2.162465670708994,2.195159009068082,0.03961757287761932,6.417848179914855,25.28550304685313,-4.9220013006170555,3.556292132972924,-1.0595509609870395,0.5999355398680803,3.6012136179157714,-1.6294830481158655,-1.5929673353778284
2.851043462753296,-0.11113371393014637,0.43545899019922635,-0.07238043527665142,2.1624127447923116,2.1951415676822474,0.039677056608465364,6.3141174755003915,25.230169045423107,-5.298877056765592,3.5696991896465335,-1.057168560500673,0.6071176040660482,3.601186438197754,-1.6295431295977991,-1.5928714911090296
2.853072166442871,-0.11116137141949169,0.4354883446359744,-0.07237792883641447,2.1624092778589015,2.1951081910545147,0.03982967488021276,6.461284221965373,25.536717448504188,-5.243901087191023,3.5561613686851294,-1.0699331958038707,0.605755006175218,3.6011711794086914,-1.6296265761004847,-1.5927427450763147
2.8551011085510254,-0.11119302453824248,0.4354675893084065,-0.07239062371216246,2.162389772547693,2.1950444606918738,0.03983100664723954,6.444759196796802,25.30254234591446,-5.129993559949361,3.5512373276060814,-1.0735251298003745,0.6022165566899056,3.601194067592285,-1.6296675840960901,-1.592623535786764
2.8571293354034424,-0.11122520754831332,0.43544863965691283,-0.07240442747411321,2.16232823322271,2.1950169673135926,0.039887485985301244,6.260207424272533,25.41070162836598,-5.276260588421873,3.5639072836180423,-1.0606632917506813,0.6033795854252725,3.6011783319660644,-1.6297357718097132,-1.592522923146383
2.859173059463501,-0.11124396435936768,0.43547190104581224,-0.07240326759179094,2.162325566208824,2.194990707714942,0.04001297002362215,6.084239191013839,25.440108509910736,-5.20863488108418,3.57210264044141,-1.055829822752457,0.5992985545987973,3.60115830480542,-1.6298039595233362,-1.5924270788775843
2.861201286315918,-0.11127959886042862,0.43547199335459386,-0.07241631465798411,2.162263769647684,2.1949640186487605,0.04006881292499851,6.3626016554351255,25.43034519734764,-4.881008968467092,3.5605190852517827,-1.0619043524375589,0.600363889414643,3.6011735635944824,-1.6298711935626429,-1.5923188368426722
2.863229274749756,-0.11128707404491721,0.4354707762382254,-0.07242026940167486,2.162160672908691,2.194914882661658,0.04023664234880766,6.399310419990967,25.393638042810238,-5.050894444487196,3.561381849352754,-1.0678849763271314,0.6053325411411226,3.601170225734375,-1.6300209204303187,-1.592233959828512
2.8652572631835938,-0.11134888823802822,0.4354741812504282,-0.07243040255961881,2.162182642728075,2.1949562325981478,0.04028597211193374,6.555567837845169,25.27993206520553,-4.861791318349496,3.5690205508624615,-1.0570168037978538,0.5960574904474363,3.601088209743164,-1.630007568989889,-1.5921099821673792
2.867285966873169,-0.11138153792597562,0.4354643275222139,-0.07244394560307081,2.1620960772547373,2.194916512174592,0.04034250491027145,6.2398655265822285,25.61520475465665,-4.871322365961183,3.5687267504691116,-1.0591204184536633,0.6070919557990089,3.601118250484131,-1.630094353352682,-1.592001740132467
2.869314432144165,-0.11139984538300904,0.4354763893968946,-0.07245446693059684,2.1620685576685155,2.194856741335635,0.040444908943892376,6.331731742343412,25.482930332384978,-4.889892641869572,3.571966231073964,-1.0541601242385068,0.6029454361688198,3.601114435786865,-1.6301820913897913,-1.5918901602374476
2.871342420578003,-0.11141288353353002,0.43546456970775244,-0.07246444725352061,2.162092991431787,2.194740699929743,0.04050571524369191,6.337957676046853,25.369573638836485,-4.991951925390866,3.571469690895878,-1.0510825391919028,0.6057139356905696,3.601113482112549,-1.63025409380068,-1.5917509237872522
2.8733701705932617,-0.11145009618263285,0.4354718705250352,-0.07247710323614259,2.1620377639755115,2.194728733656588,0.04058845021937505,6.332270260457637,25.30237536948938,-4.925541696706344,3.5773221784406455,-1.0454838577531944,0.6087379604907605,3.60110251485791,-1.630322281514303,-1.5916426817523401
2.87540340423584,-0.11147153620757756,0.43546365905513723,-0.07248355224475789,2.1620165341142665,2.194683916579502,0.04067830139053639,6.3510396046665845,25.411640430938405,-5.033247356367619,3.579064610557391,-1.0450055013781068,0.6049725498018792,3.6010753351398925,-1.6303938070880335,-1.5915387312518519
2.877431631088257,-0.1115069501820524,0.43549445068869297,-0.07248096340651239,2.1619714500514364,2.194687939653214,0.04083324733397534,6.253309699109226,25.641286350298383,-4.843320709862355,3.5624711252040084,-1.0427584358548656,0.6039129640393508,3.601066752071045,-1.6304801146136683,-1.5914266745196741
2.8794748783111572,-0.1115436033767696,0.43547100695691426,-0.07250391210677275,2.16193323604304,2.194644419745144,0.04081892481042289,6.132541996294688,25.600736399793767,-4.9969321015813115,3.56833544693286,-1.0350833404538489,0.6052384094622897,3.601066752071045,-1.6305134932147425,-1.591318432484762
2.881503105163574,-0.11157366966736913,0.43546481419418437,-0.07250381721242055,2.1618517223211247,2.1946414753450023,0.04091711565937421,6.140789691029294,25.79060611171604,-4.8994505210266155,3.571541424512474,-1.0263290111498875,0.6062703133918586,3.601074381465576,-1.6305974165545862,-1.5912335554706019
2.883531093597412,-0.11160328378213562,0.4354567174480063,-0.0725226030614017,2.1618440480022376,2.1945620704006896,0.04097375468521258,6.01883851105066,25.51894431261948,-4.834465123360861,3.5744667609326615,-1.0227473220299514,0.6051868043527622,3.6010586458393554,-1.6306646505938929,-1.591090504323141
2.885561943054199,-0.11166539374177092,0.4354755770753592,-0.07252895274516122,2.1617477248761388,2.1945233967038185,0.04122612025991599,5.627047434946901,25.259016963013952,-4.915915736041373,3.5701637319096657,-0.990757329156167,0.6082216086211146,3.6010309892841796,-1.6308396498309534,-1.5908663908587855
2.887590169906616,-0.1117088726992707,0.4354706639938547,-0.07253681241534582,2.1617108586025013,2.19454639749346,0.04124443202015852,5.132309973950638,25.40308668141426,-4.895884376158967,3.5717848599908426,-0.9661945602016614,0.618870002570048,3.601022406215332,-1.630852524434225,-1.5907858053790491
2.889617919921875,-0.1117197953794429,0.4354632889011776,-0.07255307487874695,2.1617431797935476,2.194412697113202,0.04125029716946594,4.926135755239877,25.72031433987044,-4.836292249620881,3.56896774864109,-0.9596371090043462,0.6151734877704511,3.601057215327881,-1.6309054533587855,-1.5906503836261194
2.891646146774292,-0.11174427716038414,0.4354726927409975,-0.07256270031621499,2.1616845618423652,2.194394162149757,0.041414733805775754,4.878604490015221,25.206519042300084,-4.757196594073477,3.563496337845136,-0.947824064398811,0.6135364649408551,3.6009995180317382,-1.6310151259051722,-1.5905454794513147
2.893674373626709,-0.11178578820873239,0.43545233720410226,-0.07257810669031678,2.16161746473935,2.1943824352979697,0.04142097263542795,4.525862217374515,25.0707854860147,-4.599633766547152,3.566159862513347,-0.9350804555383881,0.6156779452244849,3.601010485286377,-1.6310556570636194,-1.590449635182516
2.8957033157348633,-0.11183693255634503,0.4354536945160859,-0.07259209008566579,2.1615540877226147,2.194411397683112,0.0414806056989818,4.328371971393457,25.306426228312027,-4.7150346178079765,3.575350538546457,-0.9223065204314903,0.618021356123197,3.600982828731201,-1.631096665059225,-1.590349022542135
2.8977432250976562,-0.11183763695344319,0.4354534656283381,-0.07260765149756203,2.1615157504876272,2.1942964151264857,0.0415941380147146,4.442939826869643,25.5114174778296,-4.848975447848325,3.56992638623135,-0.9278409218337186,0.6141600761990145,3.6009866434284667,-1.631223503743307,-1.5902331511126917
2.8998241424560547,-0.11186225807582209,0.4354621065012997,-0.07259766428897074,2.1615258002936306,2.1942539511663037,0.04170669361579159,4.546707657916949,25.097629444400088,-4.51564088939142,3.5699288749503855,-0.9558587291794768,0.6139858054783855,3.6009904581257324,-1.6312873999225062,-1.5901134649859827
2.9018518924713135,-0.11192476145833287,0.43543347809671823,-0.07262333182181353,2.161384461867273,2.1943004462957267,0.04173093814147721,4.928807590298616,25.178098585937224,-4.395803746332961,3.564682509178885,-0.9645892823659155,0.6183618447568996,3.6009675699421386,-1.631343189870016,-1.5900209585772913
2.903879165649414,-0.11194754125810723,0.4354397405864639,-0.07263223606736147,2.1614420615591716,2.1941988842802282,0.041819674574378546,5.117946527249208,25.273885455874566,-4.346996941573071,3.5638803729165027,-0.9685070290605392,0.6118952420102388,3.600939913386963,-1.6314027945147913,-1.5898588339435022
2.905906915664673,-0.11196877883340217,0.43545965408247894,-0.07263328524682401,2.161376677889281,2.194176958619557,0.04191415459586684,5.325588248478645,24.99588225030185,-4.108184141107051,3.560040633192192,-0.9663664956488646,0.6153400093253794,3.6009818750568847,-1.631486717854635,-1.5897772947894495
2.9079341888427734,-0.11199891402470008,0.435448571418933,-0.07265510267795877,2.1613367578928813,2.194139662133719,0.041976245919850365,5.262233161996324,24.710638051655884,-3.8427134985439,3.5547769542957264,-0.9644193463272337,0.6108595501290721,3.6009384828754882,-1.6315515677081507,-1.5896690527545374
2.909961700439453,-0.11203922355322378,0.4354439668794856,-0.07265851894739607,2.161271112938964,2.194123430751669,0.04208517199918489,5.124343829918828,25.052630029949878,-3.866439647630168,3.548425800153296,-0.9588821558262473,0.6152660364937077,3.6009346681782226,-1.6316383520709437,-1.5895455519305628
2.911989212036133,-0.11205451223389519,0.435452755353545,-0.07266684628880953,2.161255317294361,2.1940529197889442,0.04216132577803595,5.313316588018285,24.801154018125928,-3.7929122377567253,3.547386135831752,-0.9581765130480182,0.6118228277172371,3.6009508806416015,-1.631714169179098,-1.5894377867328089
2.9140169620513916,-0.11210778338847827,0.4354291092473125,-0.07267891620599823,2.16121616365251,2.1940636336204085,0.042199519473065154,5.393408299661217,24.791627272908357,-3.6689598783026107,3.5296813415572217,-0.9666014030449869,0.6127051940869351,3.600907488460205,-1.6317427794085901,-1.5893209616290491
2.9160451889038086,-0.11212523164034809,0.4354373387795438,-0.07268509384793635,2.161178684491271,2.1939947892549365,0.042287899691546144,5.438724188418754,24.833821818028458,-3.7122445030473257,3.5252861975213357,-0.9714016527649747,0.6096711192380986,3.6009384828754882,-1.631833855305807,-1.5892093817340296
2.9180901050567627,-0.11216037508039202,0.43545533627654825,-0.07268884820707057,2.161157490676099,2.1939960670830403,0.04244121728356193,5.352158283007019,24.824506950305512,-3.6591928212060663,3.5235727117333924,-0.9682424728782749,0.6141212308278345,3.600876494044922,-1.631909195576803,-1.5890935103045862
2.9201180934906006,-0.11218434333046542,0.43542675603436626,-0.07271899352530248,2.161123068752125,2.193891495895994,0.04241218794346484,5.299582094943964,24.93182336141068,-3.9195145826060944,3.5235279450502515,-0.9624417530841487,0.6109640265820309,3.600902720088623,-1.631965462361471,-1.5889695326434534
2.922145366668701,-0.11220843011101045,0.4354415476888111,-0.07272217648242309,2.1611181434692925,2.1938373073113087,0.04247091932206478,5.106573420241909,24.997112377020663,-4.020466658574695,3.525849616119686,-0.9616736728387405,0.60706910511451,3.600937529201172,-1.632019344960348,-1.5888574759112757
2.92417311668396,-0.11223235962733845,0.43543163557989584,-0.07272593865077084,2.1610580735150586,2.1937955632018116,0.04261686111886203,5.512478219111164,25.15855630146921,-4.076143249062083,3.525742473974105,-0.9658501483592992,0.6143781586355951,3.6009065347858886,-1.6321333090411585,-1.5887411276446741
2.9262001514434814,-0.11225440726163294,0.4354551768232823,-0.07271921212677336,2.161032059053695,2.193788014792826,0.04270917570592752,5.378250581971418,25.35506655375931,-4.167190992072986,3.5289998601604142,-0.974260271954544,0.6079113945255042,3.600933714503906,-1.6321890989886683,-1.5886643568622034
2.9282281398773193,-0.11229382799177107,0.43544602295725693,-0.07274127236153198,2.161006009429556,2.193736165706512,0.04280437290813542,5.505516841110579,24.87236764098967,-3.87649091523714,3.5409391418689906,-0.9639320815044655,0.6122182874174529,3.600875063533447,-1.63226825395693,-1.588513199483053
2.93027925491333,-0.1123252354692843,0.43544638862397705,-0.07274124093077874,2.160943094034205,2.1937618977453597,0.0428752956207264,5.172129795328512,24.93828596203229,-4.014094313089093,3.539753172247172,-0.9474857799859628,0.6154757123583552,3.60087172567334,-1.6323164145099085,-1.588452164326803
2.932307243347168,-0.11237098074601495,0.4354144868983634,-0.07277430029762935,2.1609130829188734,2.1936769074598166,0.04283171859591615,4.479139419003319,24.882116302094225,-3.923780473779905,3.542726836556375,-0.9281164579128193,0.6117784774581864,3.6008869844624023,-1.6323531309710901,-1.588297192250387
2.9343349933624268,-0.11240431454680963,0.43543830490239205,-0.07275816218181735,2.1608789729103335,2.193705433869424,0.04300201202603723,4.308325314504804,24.917219188827357,-3.721351568941551,3.533782344871881,-0.9077244317863066,0.6163663899024934,3.6008669573017578,-1.6324284712420862,-1.5882042090045374
2.9363629817962646,-0.11243951255765729,0.4354215008995482,-0.0727872418655959,2.160844547071809,2.193641597877823,0.042995002871536944,4.5412320366270835,24.7156523918585,-3.1873967668957564,3.521950369589769,-0.8871610936018226,0.6177042863266443,3.6008669573017578,-1.6324732939349573,-1.5880807081805628
2.9383912086486816,-0.11246240863784465,0.4353968921274595,-0.0728069055454982,2.1607700136154335,2.1935735695968797,0.04303166713601144,4.149872596558339,24.510018463713717,-3.0693861435950627,3.5125747303811714,-0.8793202775856814,0.613687134995041,3.6008826929279785,-1.6325600782977503,-1.5879762808429163
2.940437078475952,-0.11250298649201416,0.4354143147894635,-0.0727989605454641,2.1607845627462243,2.193559366113966,0.04314760159876977,3.894825272073613,24.473815075373434,-2.831111753594831,3.4988174767298377,-0.8609243454535573,0.616431986203301,3.6008707719990234,-1.6326082388507288,-1.5878408590899866
2.9424643516540527,-0.11253145303139345,0.4354095301830348,-0.07281717210696763,2.1607167285424245,2.1935271657896407,0.043207686695153326,3.821428253049613,24.367892055806966,-2.9145702967330607,3.4932578993951657,-0.8435698815515285,0.6090055842252026,3.6008669573017578,-1.632683579121725,-1.5877445379840296
2.9444921016693115,-0.11255424869834696,0.4354615306180931,-0.07280077038791365,2.160752659922008,2.1935088831008893,0.043423490412506094,3.3513549298018894,24.24387875886041,-2.9528289835418597,3.49238139748762,-0.8454897635597524,0.6144160865897116,3.6008307176777343,-1.6327675024615687,-1.5876172224627894
2.9465200901031494,-0.11257488593583066,0.43543160780200335,-0.07282415711943625,2.1606823414146263,2.1934524023923343,0.04342437347620818,3.4740590736482977,24.396970661900095,-2.8706970238494023,3.4873732627898923,-0.8341230355100736,0.6078178132926366,3.600838823909424,-1.6328309218036097,-1.5875356833087366
2.9485480785369873,-0.11260749059647343,0.4354252344911705,-0.07282795536568493,2.160621967899602,2.1934280810112434,0.043468454697864735,3.3769175686945108,24.49892899690932,-2.8555606785621515,3.4831648846113588,-0.8171582341644144,0.6058753031129119,3.6008779245563964,-1.6328910032855433,-1.5874393622027796
2.950589656829834,-0.11266240208509444,0.4354352254266314,-0.07283933171235722,2.160607039477807,2.1934305737932225,0.04355192907951248,3.070671809305593,24.22898146816973,-2.7784998652610433,3.4875405962182877,-0.7946124322973561,0.6070115672908796,3.600838823909424,-1.6329310576068323,-1.5872967878924769
2.952688217163086,-0.11270152212824605,0.43543530667352826,-0.07284832942182477,2.1605623506446343,2.1934283712804072,0.04356919777520654,2.782422663225777,24.422172041069626,-2.6216205173728397,3.4803928371036887,-0.7690816375411812,0.6016963373749913,3.6008617120930175,-1.6329601446734827,-1.5872076193438929
2.954716205596924,-0.11271294147974475,0.4354072663335187,-0.07286636194296867,2.1605268339403656,2.1933152042012067,0.04362385517010489,2.4381582412076144,24.30296740636947,-2.72460578766755,3.48024367913677,-0.7548032104466083,0.6021629307018865,3.600865526790283,-1.6330583731280726,-1.5870841185199183
2.9567439556121826,-0.11275151446344732,0.4354147766376264,-0.07287787404140565,2.160464487245008,2.193320600927372,0.04370756069502041,2.2684802934569794,24.007709585438135,-2.5613301470231296,3.488346333759537,-0.7510965355412907,0.6029219659345917,3.6008497911640625,-1.6331217924701136,-1.586987320576803
2.9587743282318115,-0.11279677091868277,0.4354141226408139,-0.07287757170168661,2.1604300409511605,2.1933427515429464,0.0437825850454623,2.2832058762990637,24.556515245041066,-2.679554168110454,3.474836346924451,-0.744620436914962,0.6047349149934835,3.6008307176777343,-1.6331585089312952,-1.5868871847735804
2.9608020782470703,-0.1128309462032523,0.43541186215899697,-0.07289014369303794,2.160453066832618,2.193264946618627,0.04383389781868344,2.4548362094765643,24.280248401155774,-2.3875624503105195,3.4730027094123774,-0.7432148019074288,0.6035892218651817,3.600822611446045,-1.6332066694842737,-1.5867322126971644
2.962830066680908,-0.1128519350371883,0.4354151708227396,-0.07289603716990209,2.16037507357916,2.1932247838785575,0.04397076502748113,2.216099784155881,24.159548778287128,-2.3017434429926307,3.4665378277835304,-0.7474995222807567,0.6032914614231273,3.600822611446045,-1.633324925099508,-1.586628262196676
2.9648571014404297,-0.11287057369154864,0.4354323186447673,-0.07289207610805783,2.160425877645523,2.193165782208621,0.04404927764844682,2.3192498977771256,24.097077164860305,-2.030876117353915,3.467511453506105,-0.7372788898241738,0.6089295688542112,3.600822611446045,-1.633362118397848,-1.5865123907672327
2.9668848514556885,-0.112914407760553,0.43540427461382614,-0.07291152801346325,2.160314128119964,2.1931504566751974,0.04408105715084863,2.1685692562559593,24.11232266406827,-2.0199518367531972,3.4636509959639117,-0.736496446183316,0.6087501609365963,3.600834532375,-1.6334379355060022,-1.5864079634295862
2.968912124633789,-0.1129506471816218,0.43540629269431746,-0.07292851938239599,2.160266979433825,2.1931648763871365,0.044112514531811156,2.492827060776813,23.858707838551766,-1.5851703674913111,3.456333414764112,-0.720447000514557,0.5990573233079024,3.60081069051709,-1.6334665457354944,-1.5863350073443812
2.970942735671997,-0.11297750049572214,0.4354164267611647,-0.0729274061366695,2.1602115657633374,2.193133349206408,0.04426007888484429,2.188153562575484,24.016337018687267,-1.440744672453443,3.4467653396298203,-0.7199679290799011,0.6060306019957842,3.60081069051709,-1.633573357258932,-1.5862186590777796
2.972991943359375,-0.1130036066279661,0.4353852919689934,-0.0729515186036225,2.1601703849237963,2.1930417436663068,0.044281238216700256,2.3925257655062926,23.940599648217642,-1.4267705695881148,3.4488447061884093,-0.7183295337500314,0.6059584357379149,3.60081069051709,-1.6336482206927698,-1.586088005696432
2.975020170211792,-0.11303720689880142,0.43542664710661055,-0.07294373276829104,2.1602092153222774,2.1930245711296728,0.04442300904496252,2.1111974532877813,23.77298018830325,-1.1290897237036224,3.442499501037179,-0.7211259108176906,0.6054882541032882,3.6007911401936035,-1.6336973349200647,-1.5859559218036097
2.97704815864563,-0.11307131820249845,0.4354169395106904,-0.07294985153562776,2.160166208489815,2.1930074233357484,0.04446686077643854,2.2017999515106905,23.848082703202795,-1.1694918093673596,3.438661832788244,-0.7025558139604536,0.5967897500888368,3.6007987695881347,-1.633745018635885,-1.5858596006976526
2.9790751934051514,-0.1130989021662741,0.43541349023879505,-0.07295388708599475,2.1601398679877364,2.192939219363031,0.04454285332086753,2.04264203855913,24.134801412751806,-0.9544807050094231,3.4320435187881517,-0.6945695982706954,0.5987724549193633,3.6008259493061523,-1.6338241736041468,-1.5857275168048304
2.98111629486084,-0.11313836426869502,0.43540434887758844,-0.07296444721195962,2.1600589875512126,2.192964143976645,0.04463921958687909,2.095179766223737,23.79216506434594,-0.7090756104219385,3.4374250579644046,-0.6849681223365067,0.5985256029263399,3.6007792192646484,-1.633892838154928,-1.5856435934649866
2.9831442832946777,-0.11316218957721082,0.43541319069157064,-0.07297738492550009,2.1601045347947174,2.1928669016394,0.04471039754134994,2.1271240578432447,23.824197339290507,-0.6062686326436029,3.4354963073534517,-0.6798136991169301,0.6044799065144926,3.6007634836384277,-1.6339486281024378,-1.5854886213885706
2.9851722717285156,-0.11321020383372275,0.4354179747591247,-0.07298383069934195,2.1599949399831977,2.192924653934268,0.04477494733153887,1.8740821149449842,23.806657327924498,-0.5322469479460763,3.428647849197182,-0.6802310195305914,0.6046299495515777,3.6007720667072753,-1.634000603352682,-1.5854228178607386
2.9872000217437744,-0.11324847741786627,0.43541592938778423,-0.07299186201490265,2.160056411508507,2.1928421438067933,0.044785354431464856,1.757656960950584,23.874322085466694,-0.41305865855683976,3.4316769873101087,-0.6661976704610135,0.6016018078198148,3.600783033961914,-1.6340134779559534,-1.5852602163897913
2.9892280101776123,-0.11326214283486766,0.43541671642917695,-0.07299688303527113,2.1600197669046173,2.1927896298691545,0.04490020119005595,1.5486659808885062,23.9281437397011,-0.3247888725650884,3.4334590980509843,-0.653315633115903,0.6010062139404861,3.6007706361958007,-1.6341078917132776,-1.585163418446676
2.99125599861145,-0.11331509544128657,0.43541770295804294,-0.07300659069666347,2.159921061300936,2.1928200962847892,0.044938103711659204,1.5753172957074233,24.09966351580285,-0.46911683283969097,3.4303664469049573,-0.6364868970321931,0.6017201896598102,3.600802107448242,-1.6341560522662562,-1.5850704352008265
2.993284225463867,-0.11334480285653857,0.43541912094612445,-0.07300893522978791,2.1599051363797415,2.1927971092064533,0.04503299941062475,1.439423112208275,23.588190291757094,-0.2297887064168737,3.422610342582071,-0.6414530264689817,0.5994803489153199,3.6007792192646484,-1.6342156569110315,-1.5849626700030726
2.995312213897705,-0.11337900034230697,0.43540140522290244,-0.07302421162107853,2.1598623597004587,2.1927492731673635,0.04508843015416604,1.5111312648404027,24.019462832947674,-0.216171168916783,3.4106091256249953,-0.6364006493074895,0.5988122414913009,3.600766821498535,-1.6342838446246546,-1.584839169179098
2.9973418712615967,-0.11341171619271583,0.43541646993640165,-0.07302572340090777,2.1598425082934827,2.192711312900223,0.04520704584476634,1.4642490606455052,23.510881416245297,-0.21445751386975184,3.4164456750193466,-0.6309630029745923,0.5990919807042121,3.600766821498535,-1.6343629995929163,-1.5847070852862757
2.999389886856079,-0.11344741541315742,0.4354282913704344,-0.07302910741286019,2.159836595631609,2.192698884942385,0.04522884893073107,1.3911178528934534,23.63089454392407,-0.04011689811322977,3.3982988809937305,-0.6230103011011853,0.5980712763744382,3.600794954890869,-1.6343796888934534,-1.5846112410174769
3.001429557800293,-0.1134808549830887,0.43544596402143043,-0.07302468122908559,2.1598661334791287,2.192675620821211,0.04534151431197037,0.9903165575883304,23.231339561649705,0.07174030540994941,3.39667447823127,-0.6174003278593311,0.5967796277477135,3.600766821498535,-1.6344240347491663,-1.5844839254962366
3.003480911254883,-0.11351133528927326,0.4354084328530395,-0.07305291747279012,2.159765815856468,2.1926067546279895,0.0453389737567269,1.1514648891562844,23.79192668073058,-0.18190569320132677,3.390149094277704,-0.5977110370077856,0.598377682216128,3.600794954890869,-1.6345065275775355,-1.5843752066241663
3.0055441856384277,-0.11355983059259853,0.43540230733690183,-0.07306103021219357,2.159716367267476,2.19260118948623,0.04541852290955002,0.976079706965912,23.449252045393987,-0.13812518531931367,3.3916947553476797,-0.5982838765918825,0.5971851642902263,3.6007792192646484,-1.634566609059469,-1.5842469374286097
3.0075676441192627,-0.11363053226323955,0.4354086276550417,-0.07306716100832901,2.1596303310138394,2.192576415779267,0.04552901415456431,1.1491830087419757,23.531974487963367,0.05225556792763336,3.3838954521146234,-0.6038751360101758,0.6024921193327536,3.6008259493061523,-1.6346667448626917,-1.5840500036822718
3.0095903873443604,-0.11365531929124911,0.4354201145073797,-0.07307139872718607,2.1596218255726627,2.192549071477204,0.04569813125256505,1.239712463268928,23.259048914702674,0.07206096284057112,3.386350013247066,-0.5966916068084311,0.5986423456281682,3.6007515627094726,-1.6347578207599085,-1.5839298407184046
3.011615514755249,-0.1137084334267942,0.4354298960603781,-0.07307061465919672,2.1595855729896245,2.1925575198466345,0.04572011694840025,1.113154538172326,23.42750501508363,0.17762660652154694,3.372249188976297,-0.596427658046327,0.60006888853126,3.600806875819824,-1.6347783247577112,-1.5838149229632776
3.013643980026245,-0.11373740608359902,0.4354147923308053,-0.0730801283263117,2.1595947646096105,2.1924932669651995,0.04574436290925426,1.2126926428096159,23.09514000820104,0.30594394366445055,3.366016308318501,-0.5909181388889768,0.5971227034657017,3.600806875819824,-1.6348150412188929,-1.583691422139303
3.015671968460083,-0.11377820391389921,0.43541975855978976,-0.07308590948075422,2.1595443646221972,2.1924934704166823,0.04583731045818215,1.0396331701569106,23.20431543203852,0.34392791537165,3.3600001499822745,-0.5842793640794139,0.6019246470379497,3.600794954890869,-1.634878937398092,-1.5835817495929163
3.0177001953125,-0.1138064512915401,0.43545426667776854,-0.07307071301245292,2.159536382318283,2.1924912230351477,0.046001468256408405,1.1608735357629847,23.09664280245106,0.5478952251493907,3.357890892052037,-0.5795293992098014,0.5949291616788588,3.600794954890869,-1.6349542776690882,-1.5834744612323206
3.019728183746338,-0.11386256731295052,0.43543183784545775,-0.07309948238240842,2.1594889299761344,2.1924719631959864,0.045969211698773445,1.1154288284611302,23.127466355622854,0.7872180673948767,3.3497784498482517,-0.5776326114801791,0.5945063587439603,3.6007911401936035,-1.6349709669696253,-1.5833466688739222
3.021756172180176,-0.11388334829943529,0.43544425016855376,-0.07308455162688632,2.1594502271958818,2.1924603314648174,0.04606720656660256,0.9031908090735845,23.074140322558083,0.7420247225269173,3.3444300110530625,-0.577475747054364,0.5956466411152445,3.6008378702351074,-1.6350377241717737,-1.5832703749286097
3.0237841606140137,-0.1139182995057713,0.4354299548685981,-0.07309232040047949,2.159466884026965,2.192410369819427,0.04612653180138624,0.6774218677123575,23.276773990776686,0.6420197485559305,3.3449688342870205,-0.5714743898286276,0.5954071869387362,3.6008030611225585,-1.6350787321673792,-1.5831344763385218
3.0258259773254395,-0.11396082826577061,0.4354305608747997,-0.07310184474232874,2.1594167221307186,2.192386769706766,0.04617244466020386,0.8686380552377515,23.308507498645103,0.51276758832074,3.3346909912649494,-0.5615300626467221,0.5990060333516545,3.6008307176777343,-1.6351335684405726,-1.5830143133746546
3.0278542041778564,-0.1140095665711913,0.4354187849579026,-0.07312315475892861,2.159359420881571,2.1923653555973974,0.04618894918025333,0.8167333880422103,23.0087431112139,0.7517095896094332,3.3329521125066717,-0.5634484774268023,0.5997047208794501,3.600834532375,-1.6351779142962855,-1.5828903357135218
3.0298821926116943,-0.11402648592989545,0.43541541162768377,-0.07313751410150075,2.1594072382917826,2.192240022855409,0.046220240998039695,0.6824051590157836,23.138275487261176,0.7734164554193849,3.337620209830327,-0.5634872803834684,0.5971140369870996,3.600846453303955,-1.6352294127093714,-1.5827391783343714
3.0319101810455322,-0.11408225035117728,0.43543710059496193,-0.07311891628892424,2.1592986035426085,2.1923471196574535,0.04633523552697746,0.6909595697843415,23.367667119614016,0.8061221791609864,3.3416666486921254,-0.5619760628966541,0.5954508659916216,3.6008779245563964,-1.63527757326235,-1.5826814810382288
3.033937931060791,-0.11410833725582659,0.43542461863508575,-0.07313259058743493,2.1593187019293714,2.1922599624864536,0.04637043653626826,0.7011108739200801,23.00120950038753,0.9885248724831298,3.3365546306996254,-0.5485378273275775,0.5996669931549965,3.6008707719990234,-1.6353252569781702,-1.5825422445880335
3.035966157913208,-0.11415172493579243,0.43544508475095084,-0.07311508660002147,2.1593250654230336,2.192277490274219,0.04650448056440908,0.3275465131283425,22.843562796156306,0.9559065103719966,3.337447277264531,-0.5354426909462691,0.6002518493905812,3.6008598047443847,-1.635369602833883,-1.5824220816241663
3.037993907928467,-0.11419162805313579,0.43544774444541196,-0.07312499494011024,2.159292362739699,2.1922583649706073,0.04653168631345843,0.08407666868551927,23.165120395119526,0.9793278061511514,3.3327250968496482,-0.52806782458773,0.6025151027636989,3.6008826929279785,-1.6354053656207483,-1.5823138395892542
3.0400211811065674,-0.11423276518745637,0.43545199400966095,-0.07312738873854686,2.159205202898761,2.1922803348649214,0.04662604170270496,0.21524290634184762,22.831302858371284,1.3360361272195125,3.3277035853380887,-0.5202743085746233,0.6057991219858508,3.600890799159668,-1.635477368031637,-1.5822251478778284
3.0420632362365723,-0.11426421059845725,0.4354309190639963,-0.07313885820199872,2.1591660401392483,2.192218416257429,0.04664810354358913,0.07430710742334828,22.884211084930893,1.651682919547048,3.3120919241322433,-0.5117956914811127,0.5997561724234934,3.6009184557148437,-1.635536019002096,-1.5821049849139612
3.04409122467041,-0.11430751814035933,0.4354323697113505,-0.07313824698532316,2.1591629637457856,2.192192607537743,0.04673023521954499,0.14788785166825683,23.125436989285266,1.7742573786407574,3.3029603809453296,-0.48602521174294544,0.5997582020358297,3.600914641017578,-1.6355841795550745,-1.581965748463766
3.046119213104248,-0.11433391002458468,0.4354310085088666,-0.07315152721040583,2.159155068824792,2.192145455523241,0.04676175346960908,-0.3834789976104524,22.841642552003275,1.883221615701867,3.29787460641367,-0.47962169246190745,0.59815085569843,3.600914641017578,-1.6356242338763636,-1.5818617979632776
3.048146963119507,-0.1143805809986253,0.4354308419758917,-0.07315539491468964,2.1591439915059376,2.1921560849648545,0.04679391076340793,-0.43048438247147147,22.835972763898766,1.895247109712776,3.2806578818551957,-0.47464529170237735,0.5983578892946269,3.600907488460205,-1.6356361548053187,-1.5817573706256312
3.050175189971924,-0.11442054512429574,0.43543360670174514,-0.07314570989746882,2.1590684825704733,2.1921499831190165,0.04687040597768882,-0.5476619267836071,22.811071732878226,1.9663191345316444,3.27256003148299,-0.4699613814963102,0.6036026112743657,3.6009785371967773,-1.6357081572162073,-1.5816524664508265
3.052222728729248,-0.11446531891428,0.4354153979526492,-0.07316462851738369,2.1590377499318154,2.1920896924901934,0.0468621421149055,-0.6943785656807192,23.132251366082116,1.7461426587786546,3.2724109259272147,-0.46454432181124417,0.6006037273654363,3.6010095316120605,-1.6357477347003382,-1.5815098921405237
3.054265022277832,-0.11449961713900558,0.4354325492611054,-0.07316301903456525,2.1590178863788645,2.1921010274903274,0.046948899525777965,-0.3485535370306448,22.838761202658745,1.9757896129515577,3.280769007620029,-0.4581962338870045,0.5999165183984734,3.6010023790546875,-1.6357882658587855,-1.581421200429098
3.056293249130249,-0.11453989434820953,0.435442998215568,-0.0731554284755138,2.159026523945224,2.1920636215816476,0.04704970300449931,-0.32705570550370333,22.907491201589675,2.0073994527928787,3.2741027343924967,-0.4592823454583424,0.602254989524886,3.60101763784375,-1.6358445326434534,-1.581273380910055
3.0583553314208984,-0.11456742644511474,0.43543941433914257,-0.07316712187121154,2.1589587314300474,2.192051447193043,0.047103731190182595,-0.5983651952150367,22.870778209022177,1.9214940692461298,3.282839903314958,-0.45669666351836596,0.6007334929292886,3.601022406215332,-1.635906998311178,-1.5811966101275843
3.0603833198547363,-0.11459979236367346,0.43539704221000586,-0.07318278684111172,2.15893013502169,2.1919712206382513,0.047084459384354176,-0.5847940070224094,22.909691904474844,2.072591554061541,3.2835061603960427,-0.4502886428697443,0.6084243851451311,3.601046248073242,-1.635951344166891,-1.581069294606344
3.062411069869995,-0.11463495477219623,0.4354381922201107,-0.07316876538652063,2.15895944357544,2.19195537208699,0.04720494622058888,-0.5300436615285127,22.69328188813194,2.339926719898683,3.2728377391787267,-0.4493614765931795,0.6148374978003743,3.601069613093994,-1.6359952131854456,-1.5809419790851038
3.0644381046295166,-0.11467025340896193,0.435449239094215,-0.0731663088343603,2.1589526207173866,2.191971038404497,0.04727460685295184,-0.6932726763590418,22.452105393135287,2.8287730818352133,3.2594818424064442,-0.4410421369416854,0.6163884879680916,3.60105483114209,-1.636019531880514,-1.5808571020709437
3.0664660930633545,-0.114710249492146,0.4354342770934259,-0.07317837779200718,2.158847950603377,2.1919464619136315,0.04729509516645569,-0.9304833300904998,22.694093861589185,3.292583120226571,3.248697642549542,-0.42748735245435543,0.6093461238700559,3.6011172968098144,-1.6360910574542444,-1.5807560125934046
3.0684940814971924,-0.11475794903958927,0.4354367173860433,-0.07317199881291447,2.1588891568299378,2.191926784584099,0.04736367085201052,-0.9240850706989926,22.662895475178942,3.469181969495552,3.2375985237268106,-0.42481958188658975,0.6191928314970571,3.60110251485791,-1.6361077467547815,-1.580609146748678
3.0705220699310303,-0.11477388614512046,0.4354395302732743,-0.07317114770742261,2.158896688659971,2.1918178978419487,0.047447525179488866,-0.6626859621409709,22.505565647523582,3.735699227822958,3.2211013067454153,-0.42088717313947005,0.6143544195953646,3.601149721736572,-1.6361940542804163,-1.5804651419269007
3.072550058364868,-0.11481212441694225,0.4354462973322424,-0.07317041003001236,2.1588210678078625,2.1918434841534156,0.04753934370679966,-0.5260647093024575,22.218670549378164,3.8447872130804797,3.2037035706235955,-0.4166020198195738,0.6157472009424585,3.60115830480542,-1.6362574736224573,-1.5803850332843226
3.074578285217285,-0.11485423628854488,0.4354493617713703,-0.07317302115988042,2.1588254208087556,2.191800499480071,0.047575857628945735,-0.7153230156369014,22.31205063880447,3.9773156972035655,3.1969973100701816,-0.40758986098852745,0.6214353415154029,3.601189299220703,-1.6362903753863733,-1.5802457968341272
3.07662296295166,-0.11490699572126259,0.43546604127942784,-0.07316611807639883,2.158757002509199,2.191887486427671,0.04766706403881316,-0.6880546717027999,22.138941135150855,4.036108843148709,3.1995491898287765,-0.4080455493793136,0.6211238882937319,3.6011783319660644,-1.6363185087787073,-1.5801799933062952
3.0786709785461426,-0.11494902320781067,0.4354749207856316,-0.07316116811139556,2.158775001069584,2.1918534975641033,0.04772836829388471,-0.8968940827990637,22.25821093105929,3.972058936133127,3.191559776344181,-0.41106533264235645,0.6237211388861488,3.6012026506611328,-1.6363509337054651,-1.5800398031817835
3.0806992053985596,-0.11497836291737008,0.4354611058648166,-0.0731644299907441,2.1587435540318594,2.19179305460025,0.047780611562259455,-0.8011811604199836,22.259232946695402,4.037761375594665,3.1919742817912824,-0.40272892459593046,0.6206807332882112,3.6012345987507324,-1.6364181677447718,-1.579916779194967
3.0827271938323975,-0.11502428603158033,0.43547589314409574,-0.07315793879417047,2.158732123954059,2.191795660400803,0.047841779656063475,-1.0413757400892008,22.343789629943664,3.853935680757952,3.1943878990956653,-0.39845287232077303,0.6282824058879636,3.601266070003174,-1.636446777974264,-1.5798004309283655
3.0847549438476562,-0.115054203908078,0.4354468458295652,-0.07317344203219923,2.1587056525448336,2.191714624909427,0.04781230485178188,-0.9936898771102739,22.040812190908976,3.8224059624274176,3.2018333375945227,-0.4005394737680582,0.6287074243660683,3.6013142305561523,-1.6364858786212366,-1.5796802679644983
3.086782932281494,-0.11509672305244521,0.4354413449078773,-0.07317073347871425,2.158699426883354,2.191692302556159,0.04786767296694384,-0.7958259820974781,22.246593475100866,3.901856884418047,3.2015033356965805,-0.4067189885700201,0.6314745159598159,3.6013261514851074,-1.63652211824526,-1.579552952443258
3.0888099670410156,-0.11514173891259541,0.4354577616055481,-0.0731651391979524,2.1586495884573074,2.191702005840908,0.04794728411655271,-0.7033944146343878,22.504657872832965,3.7615641496859205,3.2049215143198584,-0.41707140804750037,0.6373516195681398,3.6013690668293457,-1.6365745703326624,-1.579444710408346
3.0908379554748535,-0.11518821111362806,0.4354604987557086,-0.07316831467677304,2.1586377492162443,2.191725245075854,0.047957170406668505,-0.7635523187179765,22.41227363285463,3.818588625033988,3.207858940971561,-0.4222700379640349,0.6374302412761285,3.6013738352009277,-1.6365707556353968,-1.5793564955340784
3.0928661823272705,-0.11522693279826078,0.43547078991650723,-0.07315887963112933,2.1586193448737463,2.1916936937696336,0.04805973787805015,-0.4648654783318935,22.550202847074665,3.891446789431988,3.2099404046030138,-0.41421504414939087,0.6360386616183171,3.601410074824951,-1.6366384665118616,-1.5792201201068323
3.0948944091796875,-0.11525939946254717,0.4354603994658657,-0.07316203496480798,2.1585717729166225,2.191700437991266,0.048089717542646966,-0.7982777164663196,22.26705043043613,3.8820468385343783,3.212344741155254,-0.4172700856294299,0.642733392660197,3.6014181810566406,-1.6366704146014612,-1.5791505018817347
3.0969221591949463,-0.11527971584764987,0.4354536542129156,-0.07316100157662055,2.1585197712155133,2.1916260069661218,0.04819182716941219,-0.7763727293375193,22.259071305614242,4.070542447280474,3.2083434012968217,-0.42103383129641664,0.6433967983846585,3.601461096400879,-1.6367772261248987,-1.57902700105776
3.098950147628784,-0.11531523456505194,0.43547645268625657,-0.07315712041784185,2.158522659472695,2.1915948419603186,0.048262357204497036,-0.6627187871258942,22.351513656621904,4.08477246693617,3.2121471177289833,-0.41779756517667627,0.6432910015475921,3.601501150722168,-1.636820141469137,-1.5789035002337855
3.1009933948516846,-0.11534740680005781,0.4354629006763486,-0.07316326608405169,2.158541790152258,2.1915398684483036,0.04828310052166355,-0.25118266702055125,22.574012985913853,4.136129592683586,3.213061717888615,-0.41663958523584876,0.638140109565598,3.6015021043964843,-1.6368454138385218,-1.5787795225726526
3.103032350540161,-0.11540128420938056,0.43547309320245886,-0.07314812328351722,2.1585074540514064,2.191594477468349,0.04836707568005658,-0.27139052851456247,22.39680382631287,4.418527060423454,3.2112059244052626,-0.4219494492300781,0.6470241208567676,3.6015140253254394,-1.636869255696432,-1.5786832014666956
3.10505747795105,-0.11543075350263247,0.43546186521990293,-0.07315698328657705,2.1584735369951846,2.191532074021213,0.04835403670800877,-0.24492389776872753,22.365927474620943,4.346908919126365,3.21619989832353,-0.4183196558215426,0.6464606539367799,3.6015845972248535,-1.6369097868548792,-1.5785754362689417
3.1070799827575684,-0.11547463184817491,0.435471800858328,-0.07314350710066748,2.1584212332249884,2.191553652262487,0.04846676897591967,-0.2688542101008762,22.440603643271675,4.3072008376408295,3.2210846618883355,-0.41849965719860643,0.6492974918021237,3.601608915919922,-1.6369722525226038,-1.5784710089312952
3.1091012954711914,-0.11551710533081189,0.43547625866133877,-0.07313920993726086,2.1584361637098755,2.191546316674701,0.0484940023216547,-0.5909060413220167,22.195474100586512,4.288013025014915,3.2194894114569648,-0.42978894792882466,0.646931920732744,3.6016289430805664,-1.6369779745685022,-1.5783599058734339
3.111140489578247,-0.11554535359032142,0.4354781626302717,-0.0731395184622834,2.1584224513158006,2.1914808979306746,0.04856853274093991,-0.4230612961561985,22.46232021239671,4.35923461863393,3.2212147868217054,-0.4261406988328361,0.6513555771992835,3.6016647058674316,-1.6370485464679163,-1.5782273451434534
3.113168239593506,-0.11558526849768305,0.43548476980184153,-0.07313664631007194,2.158404997266135,2.1914926388991227,0.04858787149994797,-0.4990523303638823,22.98502756215238,4.280053743499771,3.228938965868458,-0.422698930303991,0.6508980422994042,3.6016976076313476,-1.6370576063739222,-1.5781434218036097
3.1151962280273438,-0.11563387048948956,0.4354616154677357,-0.073147502461117,2.1583403088194526,2.1914720813233037,0.04861272832322287,-0.37608477873145596,22.69863951615183,4.347933582394823,3.2356796341887195,-0.4258299329839886,0.6550622347920361,3.601717634791992,-1.63710862794985,-1.5780194441424769
3.1172242164611816,-0.11567997871268586,0.4354762080800884,-0.07313749421204484,2.1583306741500583,2.191453984919813,0.04869598537542109,-0.3817627750068444,22.70190096280842,4.436765096978379,3.233823482046368,-0.42058371171486053,0.6539756774875287,3.6017610269733886,-1.6371563116656702,-1.5778806845294397
3.1192522048950195,-0.11570414543365579,0.43548557423029977,-0.07313048528256694,2.1583276592124805,2.1914081906896605,0.04876995369220379,-0.6988281308081976,22.898014438973693,4.307225776497727,3.2434241992171207,-0.415040700332304,0.6517365050349478,3.6018006044575195,-1.6372116247760218,-1.5777714888202112
3.1212801933288574,-0.11575414439576712,0.4354772974005812,-0.07313223499802178,2.158244444661343,2.1914598870722712,0.04879737323359117,-0.627080831055226,23.156053022913483,4.3428571654649435,3.243874888337837,-0.41112814638427086,0.657854599831909,3.601818247432373,-1.6372368971454065,-1.57770282426943
3.1233222484588623,-0.11579707328727425,0.4354563473246952,-0.07314058643373952,2.1581557689732556,2.1914364369347634,0.048800250629063104,-0.6300382024797659,22.875794421661578,4.274500942351247,3.2446442210566286,-0.42668279667331377,0.6568423024224164,3.6018845277973632,-1.6372917334186,-1.5775983969317835
3.1253490447998047,-0.11580927595950898,0.4354517544942566,-0.07313932869944315,2.158241465202028,2.1913120645231006,0.04882498382507722,-0.5126731775307176,22.569690612250053,4.564456897108448,3.250719309629398,-0.4222770937508476,0.6527400551189046,3.601912184352539,-1.6373208204852503,-1.5774553457843226
3.1273772716522217,-0.11586398369591305,0.43544518225594797,-0.07314911694165464,2.158190314094457,2.191320043754056,0.04884425456685557,-0.3285313141130658,23.008691724067617,4.568595639638188,3.2628910846320522,-0.40855546097800743,0.6581236599332231,3.6019293504902343,-1.6373480002032679,-1.5773394743548792
3.129417657852173,-0.11589416054783669,0.43546806312130154,-0.07313130643437228,2.1582398065548682,2.191265740596033,0.048917574386648156,-0.7595079862727185,23.03124567352329,4.563650812897259,3.2673441677006263,-0.42173097768196927,0.6598330850301174,3.6019884782978515,-1.6373804251300257,-1.577203098927633
3.131460189819336,-0.11595002504379295,0.4354420813974934,-0.07313839419998128,2.1581306521279755,2.1912881323593307,0.048923314301300806,-0.5597380702297405,22.64026734641685,4.66863915780311,3.2721330755136693,-0.4163326942710623,0.6628080427351771,3.6020333009907226,-1.637423340474264,-1.5771072546588343
3.133495330810547,-0.11599398358518755,0.4354341679317977,-0.0731490021327929,2.158032674533723,2.1913118906797253,0.04892671864751499,-0.6867388502090203,23.181061225501967,4.509312232024451,3.2728714614340193,-0.4125655191281095,0.6696801195179705,3.602076216334961,-1.6374595800982874,-1.577038590108053
3.1355230808258057,-0.11602358797279419,0.4354462959981005,-0.07313143247204056,2.1581090723796024,2.1912832365520596,0.04900566414710733,-0.39984843584819224,23.12117398533704,4.382319236492094,3.2920541682277147,-0.4192251164289289,0.6662883556265202,3.602069063777588,-1.6374686400042933,-1.5769184271441858
3.1375508308410645,-0.11605356018424212,0.4354558509396271,-0.07312739557863535,2.1580821841585895,2.1912582827217593,0.04908419811062514,-0.18209800287120143,22.89804954148988,4.434871511985289,3.2997539471388206,-0.44020365521363236,0.6717418095966302,3.6021014887043457,-1.6375272909747522,-1.5768144766436976
3.13958477973938,-0.11613758468557128,0.43545277354417183,-0.07312508696275184,2.1580213943744915,2.191189503815786,0.049175153305765884,-0.19319887575040529,23.610028747236427,4.097247226216732,3.3202392280196387,-0.44425675205364673,0.6696372225800097,3.6022044855305175,-1.6376269499408167,-1.576555077229635
3.1416213512420654,-0.11617341030829823,0.4354389861909919,-0.07312994182020177,2.1580171612757924,2.1911556931893887,0.04914776167857389,-0.31137319777291883,23.485080776983438,4.010391910840651,3.334918701201403,-0.4467169473535321,0.6729094567129157,3.602247400874756,-1.6376317183123987,-1.5764549414264124
3.143649101257324,-0.11619503830771528,0.43543926356305773,-0.07312132868105899,2.157970973541084,2.1911423254119,0.04924338012177936,-0.01656582792113115,23.4493861895145,4.0817610713057295,3.3334229362114147,-0.441986404768662,0.6754694490407334,3.602268858546875,-1.6377022902118128,-1.5763772169696253
3.1456761360168457,-0.11623875459687011,0.4354433578405216,-0.07311621054417139,2.157957184948198,2.1911207914208224,0.049309871102923626,-0.005498514884490879,23.77771424281301,3.9475830005028376,3.339924752542821,-0.4446110629441765,0.6729839312241801,3.6023003297993164,-1.6377466360675257,-1.5762460867511194
3.1477041244506836,-0.11628645707052233,0.43545035417261824,-0.07311681752820907,2.157974602659172,2.1911035046424807,0.04930785169083617,0.14977952233211933,23.61154933030993,3.9708783137509536,3.355303662861971,-0.4475060077449613,0.6735164994697023,3.6023408609577636,-1.63774282137026,-1.5761225859271448
3.1497318744659424,-0.11630927006094352,0.43543131076564534,-0.07312852067785723,2.1579392519529823,2.1910330987697666,0.04928351846821446,-0.018748494306060515,23.66228351216715,3.9084260477109676,3.354565935877727,-0.45970469430200644,0.6764823365377302,3.602404757136963,-1.6377833525287073,-1.576026741658346
3.151759147644043,-0.11636887046597455,0.4354406780369869,-0.07310948753497354,2.157867469607538,2.1911099683499207,0.04936073851728912,0.07369315176569952,24.071911106568844,3.82990004795035,3.3449192517816226,-0.45980710963823473,0.675226715731156,3.602447672481201,-1.6378114859210413,-1.5759418646441858
3.1538009643554688,-0.11639848569345895,0.4354399603901584,-0.07310950783929286,2.1579247987802135,2.191041044915597,0.04939720036423877,0.13523860034996693,23.89658925691387,3.965027214056705,3.355495504855862,-0.4577744577312068,0.6780010386715046,3.6024529176899414,-1.6378315130816858,-1.575803581868307
3.155862331390381,-0.116416749533408,0.4354194335775095,-0.07311649729719287,2.157855370165526,2.1909738633981966,0.04943352081049636,0.023189485444912783,23.872001867007725,3.7676400420789733,3.3604729779556144,-0.45750158563963034,0.6817765492676298,3.6025077539631347,-1.6379144827472132,-1.575709644948141
3.1578900814056396,-0.11646944843193538,0.4354335162093474,-0.07310651550472146,2.157878093633775,2.190962671594693,0.04946481792882146,-0.03979781981569713,23.875647832101656,3.836877912583742,3.365599724213652,-0.4633311398727853,0.6801664709006228,3.6025592523762207,-1.6379192511187952,-1.5755704084979456
3.1599180698394775,-0.11649111939006786,0.4354460911086122,-0.07310466530621018,2.157916282430962,2.1908916241975747,0.04951981168969947,0.24424637763664425,23.92012558275035,3.8124704364060586,3.373214292070307,-0.4668885652294909,0.676703274545635,3.602588339442871,-1.6379583517657679,-1.5754464308368128
3.1619458198547363,-0.11654408624640064,0.43541566754863587,-0.07310746532230045,2.1577971280198978,2.1909003728952867,0.04954641717242728,0.30989473222764924,24.221566691047144,3.7969382344560336,3.375662464679399,-0.47152440171736415,0.6746425169342926,3.602644129390381,-1.638022247944967,-1.5753424803363245
3.1640071868896484,-0.11656810627849055,0.4354303555486344,-0.07309826237222797,2.157810211457408,2.190877334326891,0.049619771888511695,0.24742277297975318,24.329000241347497,3.744680267122771,3.3800682357404845,-0.47713861896836895,0.6802383033649306,3.6026641565510253,-1.6380580107318323,-1.575249497090475
3.1660349369049072,-0.11660770816287148,0.43542975721549987,-0.07309472753685435,2.157825020922073,2.1908659015924936,0.04964714796562362,0.41981289594303656,24.103368616995933,3.78683631866408,3.391377611360663,-0.4825632273698875,0.6807585933976635,3.602677031154297,-1.6380661169635218,-1.575141731892721
3.168063163757324,-0.11665101171420217,0.43543744979149274,-0.07309440443375416,2.157793399434783,2.190844537244821,0.04968302043040998,0.32441281486471946,24.547090303540994,3.5583498906074684,3.398524480686321,-0.4870867526321684,0.6846517665478904,3.602736158961914,-1.6381056944476526,-1.575022045766012
3.170090913772583,-0.11669061786648095,0.4354491694346265,-0.07309147790350551,2.1577855510104627,2.1908712538778365,0.049747915084178,0.6265105797739635,24.42131131842461,3.6432268302257325,3.4142486482788708,-0.48456641672123524,0.6877108030473329,3.6027213770100097,-1.638122860585348,-1.57493764558901
3.172119140625,-0.11671358763304779,0.4354269733336334,-0.0730963351780651,2.1577573108199615,2.190779505227284,0.049775873826352686,0.45726529978372343,24.26583740919278,3.6467351440502824,3.4250743356664026,-0.4988599330548997,0.6922946474873419,3.6027771669575195,-1.638193432484762,-1.5748103300677698
3.174147129058838,-0.11674676658098064,0.43543113486359697,-0.07308668153497282,2.1577324634857593,2.1907534201788006,0.049796035172340276,0.4749173929163298,24.624938106939986,3.421990339346795,3.4322218388016292,-0.5050956971603323,0.6872973379588573,3.6028634744831542,-1.6382253805743616,-1.5747130552874964
3.1761741638183594,-0.11679254793213042,0.43545157846077037,-0.07307449615394339,2.1577833082363704,2.1907513453927825,0.04986802780858406,0.5297509025568164,24.576642337499102,2.8895529323233395,3.4632527083436253,-0.5461337608295632,0.6726622187040803,3.6028644281574707,-1.6382301489459437,-1.5745824019061487
3.1782021522521973,-0.1168395809163065,0.4354373866879245,-0.07308291512663358,2.157754949332007,2.1907061092202356,0.04991825349313697,1.4224381225114855,24.725363958104566,2.679351072167376,3.4988074184463387,-0.620266541394631,0.6540894642037776,3.602877302760742,-1.6382864157306116,-1.5744312445269983
3.180230140686035,-0.11684906381956886,0.4354242426923102,-0.07308004382572866,2.157689982429921,2.190653492739563,0.04996672830851221,2.552992298648968,25.036213169705213,2.3647283856557904,3.5219602190327173,-0.72493537795694,0.6333390487572257,3.6029411989399414,-1.6383655706988733,-1.574364964162008
3.182264566421509,-0.11689007117584538,0.4354211267717078,-0.07308370866798923,2.1576687819155818,2.190622847904962,0.05000540130734799,3.9107175359884336,25.086987131674576,2.4022095875191125,3.5355682116179272,-0.8121167333213389,0.632065368232807,3.6029693323322753,-1.6384061018573206,-1.5742409865008753
3.184312105178833,-0.11690205036369633,0.435435449420871,-0.07307384266186048,2.1576189974022917,2.19059895981462,0.050165840598039406,4.872516961327582,25.034718457664383,2.5731798483770665,3.531857201062181,-0.8575758547555516,0.617220830106137,3.602973623866699,-1.638512913380758,-1.5741608778582972
3.1863391399383545,-0.1169473017564862,0.4354282142724763,-0.07307476893622553,2.1576106511808617,2.1905439143508394,0.050173208993544216,5.059982569406844,24.887153217135612,2.4851648405780935,3.544484490607995,-0.8899837395087101,0.6159991141035603,3.603041334743164,-1.6385448614703577,-1.5740144888507288
3.1883671283721924,-0.11694744590411654,0.43542162868158896,-0.0730757571617105,2.1576239698607105,2.1904182867684123,0.05021834468068204,5.855598708553691,25.172727045283363,2.4311367091566813,3.547334976093209,-0.9257289144219368,0.6067638280096216,3.603099508876465,-1.6386202017413538,-1.573902432118551
3.190394163131714,-0.11698339628678875,0.4354389696595102,-0.07307540371237814,2.1575679616468144,2.190419611972483,0.050340283268383065,6.822078679027243,24.923439216230836,2.7446065303440195,3.542132791632227,-0.9868365882590721,0.6056621392852882,3.603104754085205,-1.6386993567096155,-1.5737984816180628
3.1924221515655518,-0.11698707835708405,0.4354236330960219,-0.07307210429526964,2.1575339563815983,2.190328476723154,0.05040992369099221,8.088568869519039,24.78974771965792,3.002562357044546,3.5469417366893605,-1.035983376993348,0.6016775698527919,3.603156729335449,-1.638791863118307,-1.5737054983722132
3.1944639682769775,-0.11702706320250555,0.435429035834193,-0.07305993338734869,2.157581583651339,2.1902805557376146,0.050487639171107886,8.48388944353278,24.848368225422153,2.7864148700355003,3.552775751044042,-1.093492477127459,0.6012203487446224,3.6031734186359863,-1.6388238112079065,-1.5735510031329554
3.1964919567108154,-0.11704254606148533,0.4354310299955484,-0.07306385965546364,2.157576238890146,2.190219572670131,0.05052652863675914,8.945227060102471,25.043610101839548,2.6714058897888897,3.558832305138096,-1.148019356202816,0.5966527776231111,3.603205843562744,-1.6388729254352015,-1.5734589735614222
3.1985201835632324,-0.11708081019100457,0.43542377415902705,-0.07306949854494643,2.1574974544817507,2.1902084218235127,0.050573577158257596,9.734259491272185,25.021940421404686,2.5229377760855085,3.565198465440393,-1.1488354221419548,0.5975409775373897,3.603245421046875,-1.6389363447772425,-1.573362175618307
3.2005481719970703,-0.11711213747984378,0.4354208014892864,-0.07306153262654477,2.157427567278545,2.190190839018394,0.050639352225023936,9.104850219972397,25.3591869543587,1.873809836742184,3.5904923662630703,-1.1646839660809583,0.5886898531858842,3.6033126550861816,-1.6390069166766565,-1.5732701460467737
3.2025766372680664,-0.11713201888148608,0.4354395414495993,-0.07306900486598732,2.1574827051110317,2.1901254938954264,0.05070390907584912,8.778828489898324,25.362372202235417,1.8499249112119414,3.6179532409109174,-1.2010700152677987,0.5839256809820532,3.60329453527417,-1.6390393416034144,-1.5731499830829065
3.204617500305176,-0.11716878696757543,0.43540038222673666,-0.07307442262947693,2.1573816497060685,2.190089847074733,0.05069843409098942,9.80134998550959,25.41777557839662,2.3227965644235193,3.630166914027029,-1.2758122299373664,0.5659010381768568,3.6033689218708496,-1.6391027609454554,-1.5730536619769495
3.2066452503204346,-0.11719251954490847,0.4354250405199608,-0.07306183949788271,2.157380898344317,2.1900861459354393,0.05080793984250821,10.675543261488473,25.165762306700532,2.5726404998989167,3.65066629317359,-1.3743396944890889,0.5643240339379643,3.6033808427998046,-1.6391518751727503,-1.5729692617999476
3.2086684703826904,-0.11719579879621332,0.43542405664587386,-0.07307343984255159,2.1573720510913352,2.1899882422075736,0.05090294672689126,11.175399387874235,25.434298622847553,2.477268480831352,3.6771102768302297,-1.4682917771001658,0.5584699853264548,3.6033736902424316,-1.6392467657672327,-1.5728619734393519
3.2106895446777344,-0.11721996185751786,0.43543507332327674,-0.07306106788735542,2.1573472497297503,2.189935423842303,0.051025536547018406,11.790142228461498,25.421641590434263,2.4692120278141063,3.6899400136531213,-1.5303411871881731,0.5539310053225264,3.60342185079541,-1.6393378416644495,-1.572737995778219
3.2127113342285156,-0.11724837920387166,0.43542227701926495,-0.07306762970036793,2.1573195232732947,2.1898949835228803,0.05105388506221599,12.088004111316332,25.286336015561268,2.729829762865749,3.689794947179144,-1.5939619099714561,0.541102640162989,3.6034418779560546,-1.6393826643573206,-1.5726383368121546
3.214733839035034,-0.1172736811762867,0.4354354523566166,-0.07306011396185676,2.1572789267464283,2.189885571189242,0.05111043718268403,12.632158069591911,25.33026672380619,2.6286557643438027,3.6972157502844003,-1.6466740511287843,0.538821239354714,3.603501005763672,-1.6394308249102991,-1.5725649038897913
3.216771364212036,-0.11728610059414969,0.43541432368182864,-0.07306812850366064,2.1572387278413485,2.189798178171641,0.05117466932956802,13.350850812757256,25.339491809212767,2.5885614888042614,3.70413186169647,-1.7027545916190436,0.5426788633617523,3.6035219865986328,-1.639521900807516,-1.5724571386920374
3.218792676925659,-0.11730829136739625,0.43543730449658524,-0.07304916244939264,2.157213637859093,2.1897885904637184,0.051352326780705455,14.167479733102388,25.282873254849946,2.8058039867050963,3.6878635622325024,-1.7586280009751594,0.538672477314666,3.6035262781330566,-1.6396163145648401,-1.572357479725973
3.2208144664764404,-0.11732687497083179,0.4354047103343706,-0.07307211755148336,2.157201626615239,2.1896902301182872,0.05128161785520892,14.55128031061498,24.894106730938155,2.8813239609760766,3.681782368270604,-1.8065288086994895,0.5394646539313713,3.603574438686035,-1.6396387259112757,-1.5722578207599085
3.2228355407714844,-0.11734519903585333,0.43542391980164635,-0.07305666808171322,2.157187335289627,2.189657908662819,0.051401625557405815,15.091455470966325,25.175793220114045,2.7429413825144033,3.675285377849488,-1.8319337856847089,0.5398530000140251,3.603614016170166,-1.6397135893451136,-1.5721624533282679
3.22485613822937,-0.11736417492960395,0.43541271622690947,-0.07305715100511304,2.1571316649008456,2.18957157539742,0.05149624382719583,15.499808898079724,25.002106025292612,2.7595812606496013,3.6750303659669323,-1.8771794435172786,0.5358688903989131,3.60366599142041,-1.639824692402975,-1.5720351378070276
3.2268764972686768,-0.1173650535670297,0.4354106017706227,-0.07306534981993584,2.157144101808633,2.189475280936032,0.051537393973490636,16.094445104769907,24.92203958536459,2.7254290161070376,3.6710565096218595,-1.9285834505098072,0.5283840714553811,3.6036860185810546,-1.6398842970477503,-1.5719454924212855
3.2288970947265625,-0.1174075724808102,0.43539702147656656,-0.07307135789453899,2.157085465091461,2.1894796971513495,0.051531424578243536,16.563098878794456,24.946245433393308,2.803388492490804,3.679507741959033,-1.9721859942054156,0.525674258021896,3.6037260729023437,-1.6399062315570276,-1.5718620459186
3.2309162616729736,-0.11743363702735993,0.43540321219341005,-0.07306238063744501,2.15706902437991,2.189451653510688,0.05164669175316281,16.89763132110533,25.407349937943597,2.475617146584196,3.689471680989817,-2.0262512187981074,0.5194779758325058,3.603734179134033,-1.639977757130758,-1.5717538038836878
3.232935905456543,-0.11744264327916039,0.43541698546112617,-0.07305943648091766,2.1570426791305835,2.189400056574808,0.05173871955391318,17.577161092783538,25.344417978976434,2.335736750995033,3.7155649482006057,-2.0705018990980624,0.5152405440972699,3.6037704187580566,-1.6400564352618616,-1.5716732184039515
3.2349581718444824,-0.11745098204173642,0.43540201524775096,-0.07306788309415727,2.1570144106479505,2.1892931295601032,0.05179007362801859,17.826618835998644,25.228075632709537,2.238055527465439,3.7337902914108754,-2.1264616129976885,0.5168676888078818,3.603813334102295,-1.6401456038104456,-1.5715611616717737
3.2369861602783203,-0.11748098418695674,0.43541136304252304,-0.07306141613202599,2.1569721014400467,2.189290428802404,0.051885744810971364,17.998804006340773,25.425343632174307,2.126813297838988,3.7482495554209185,-2.178888357753339,0.5129716261094828,3.6038338381000976,-1.6402085463153284,-1.571472469960348
3.239013910293579,-0.117512160679491,0.4353998166524136,-0.07305608088116475,2.1569057019766853,2.1893026902946384,0.05196337159245005,18.252257271111006,25.482129029316713,1.8491740550300841,3.774555415746262,-2.2266560664960875,0.5119124445601282,3.6038424211689453,-1.6402681509601038,-1.5714004675494593
3.2410411834716797,-0.11751509994797302,0.43541774022913393,-0.07305557319193663,2.1569515877729244,2.1891771420139334,0.05207361476839952,18.72866126033705,25.479521951954304,1.6923282703567089,3.7979981993652245,-2.2826961180232024,0.5122210339360086,3.6038662630268554,-1.6403558889972132,-1.571261231099264
3.2430684566497803,-0.11752111007614843,0.4354112848084307,-0.07305442984005589,2.156894400842406,2.1891235441197003,0.05214016099932454,19.201709251762853,25.3683351903612,1.7018566336312348,3.803859721656223,-2.3326309893604726,0.5130484887373643,3.6039134699055175,-1.640439812337057,-1.5711963812457483
